%YAML:1.0
---
cameraMatrix: !!opencv-matrix
   rows: 3
   cols: 3
   dt: d
   data: [ 3.6888932750965739e+02, 0., 2.5582911200565079e+02, 0.,
       3.6873831766476786e+02, 2.1117253220093312e+02, 0., 0., 1. ]
distortionCoefficients: !!opencv-matrix
   rows: 1
   cols: 5
   dt: d
   data: [ 1.0807839563493622e-01, -3.2667491186866648e-01,
       1.1282933805807115e-03, -1.3680674207004759e-04,
       1.4659688771986337e-01 ]
rotation: !!opencv-matrix
   rows: 3
   cols: 3
   dt: d
   data: [ 1., 0., 0., 0., 1., 0., 0., 0., 1. ]
projection: !!opencv-matrix
   rows: 4
   cols: 4
   dt: d
   data: [ 3.6888932750965739e+02, 0., 2.5582911200565079e+02, 0., 0.,
       3.6873831766476786e+02, 2.1117253220093312e+02, 0., 0., 0., 1.,
       0., 0., 0., 0., 1. ]
