%YAML:1.0
---
cameraMatrix: !!opencv-matrix
   rows: 3
   cols: 3
   dt: d
   data: [ 1.0611246032153836e+03, 0., 9.4846891186409925e+02, 0.,
       1.0630961105010858e+03, 5.4346503514065932e+02, 0., 0., 1. ]
distortionCoefficients: !!opencv-matrix
   rows: 1
   cols: 5
   dt: d
   data: [ 6.5581035540040258e-02, -9.3606855444752557e-02,
       -5.0094397124780080e-05, -1.1329116490738029e-03,
       3.7017896768856293e-02 ]
rotation: !!opencv-matrix
   rows: 3
   cols: 3
   dt: d
   data: [ 1., 0., 0., 0., 1., 0., 0., 0., 1. ]
projection: !!opencv-matrix
   rows: 4
   cols: 4
   dt: d
   data: [ 1.0611246032153836e+03, 0., 9.4846891186409925e+02, 0., 0.,
       1.0630961105010858e+03, 5.4346503514065932e+02, 0., 0., 0., 1.,
       0., 0., 0., 0., 1. ]
