%YAML:1.0
---
rotation: !!opencv-matrix
   rows: 3
   cols: 3
   dt: d
   data: [ 9.9996280230499079e-01, 7.0701554233704150e-03,
       -4.9403348711580973e-03, -7.0383220821385057e-03,
       9.9995454783906756e-01, 6.4315066845914747e-03,
       4.9855820741289839e-03, -6.3964957793505384e-03,
       9.9996711386581449e-01 ]
translation: !!opencv-matrix
   rows: 3
   cols: 1
   dt: d
   data: [ -5.3545067186846415e-02, 1.9482404998067209e-03,
       -1.2169348809917196e-02 ]
essential: !!opencv-matrix
   rows: 3
   cols: 3
   dt: d
   data: [ -7.5938683542157653e-05, 1.2156333774582471e-02,
       2.0264436779263264e-03, -1.1901942811066929e-02,
       -4.2853998375302649e-04, 5.3603426954866862e-02,
       -1.5713006009800336e-03, -5.3556407810971235e-02,
       -3.3475049706050477e-04 ]
fundamental: !!opencv-matrix
   rows: 3
   cols: 3
   dt: d
   data: [ -4.5296625890579224e-08, 7.2540947791262693e-06,
       -1.0743815311935237e-03, -7.1125708677978099e-06,
       -2.5619928714374021e-07, 1.3690437156321567e-02,
       2.8601259825228086e-03, -4.0531829748985802e-02, 1. ]
