%YAML:1.0
---
rotation: !!opencv-matrix
   rows: 3
   cols: 3
   dt: d
   data: [ 9.9973963767852769e-01, 9.8080252914356722e-03,
       -2.0602414768387950e-02, -9.8952878746405223e-03,
       9.9994247894489119e-01, -4.1378834473465185e-03,
       2.0560645230248101e-02, 4.3406729234521076e-03,
       9.9977918483347483e-01 ]
translation: !!opencv-matrix
   rows: 3
   cols: 1
   dt: d
   data: [ -2.7912286154596386e-02, 2.3606492742636164e-04,
       -3.2549941867326048e-03 ]
essential: !!opencv-matrix
   rows: 3
   cols: 3
   dt: d
   data: [ -2.7355457283882843e-05, 3.2558316366712672e-03,
       2.2254401414361125e-04, -2.3512817720159765e-03,
       1.5868380621118794e-04, 4.3969650396120413e-02,
       1.9852124771948377e-04, -4.3912075604343147e-02,
       1.8656742956135540e-04 ]
fundamental: !!opencv-matrix
   rows: 3
   cols: 3
   dt: d
   data: [ -2.2107559614626923e-08, 2.6270994906609265e-06,
       -4.7816728171782246e-04, -1.8966856474479994e-06,
       1.2780299908929556e-07, 1.3505860724017762e-02,
       1.2219940344457673e-03, -4.0159194891363229e-02, 1. ]
