%YAML:1.0
---
depthShift: -2.0981965214346068e+00
