%YAML:1.0
---
cameraMatrix: !!opencv-matrix
   rows: 3
   cols: 3
   dt: d
   data: [ 1.0552970218592272e+03, 0., 9.5708286678271179e+02, 0.,
       1.0533404302697120e+03, 5.3509000206893700e+02, 0., 0., 1. ]
distortionCoefficients: !!opencv-matrix
   rows: 1
   cols: 5
   dt: d
   data: [ 4.7871929474762064e-02, -5.7770711242132462e-02,
       -1.7262126289671377e-03, 8.1614810291913821e-04,
       1.4483108682617081e-02 ]
rotation: !!opencv-matrix
   rows: 3
   cols: 3
   dt: d
   data: [ 1., 0., 0., 0., 1., 0., 0., 0., 1. ]
projection: !!opencv-matrix
   rows: 4
   cols: 4
   dt: d
   data: [ 1.0552970218592272e+03, 0., 9.5708286678271179e+02, 0., 0.,
       1.0533404302697120e+03, 5.3509000206893700e+02, 0., 0., 0., 1.,
       0., 0., 0., 0., 1. ]
