%YAML:1.0
---
points: [ 1.21584729e+03, 6.82302490e+02, 1.24350220e+03, 6.98051453e+02,
    1.27235364e+03, 7.14455811e+02, 1.30237219e+03, 7.31262512e+02,
    1.19622314e+03, 7.04913147e+02, 1.22362256e+03, 7.21252563e+02,
    1.25240210e+03, 7.38454346e+02, 1.28236584e+03, 7.55820740e+02,
    1.17604370e+03, 7.28001587e+02, 1.20349060e+03, 7.45124207e+02,
    1.23198584e+03, 7.62778076e+02, 1.26177136e+03, 7.81260864e+02,
    1.15464807e+03, 7.52372498e+02, 1.18274756e+03, 7.69418701e+02,
    1.21121851e+03, 7.87817810e+02, 1.24080664e+03, 8.07089539e+02,
    1.13447522e+03, 7.75785583e+02, 1.16176709e+03, 7.94262939e+02,
    1.19012500e+03, 8.13234497e+02, 1.21969409e+03, 8.33365479e+02,
    1.11308008e+03, 8.00540039e+02, 1.14014136e+03, 8.19567749e+02,
    1.16843665e+03, 8.39541504e+02, 1.19795959e+03, 8.60292236e+02 ]
