%YAML:1.0
---
points: [ 3.55368073e+02, 2.56591919e+02, 3.65161682e+02, 2.61909546e+02,
    3.75218842e+02, 2.67343048e+02, 3.85713867e+02, 2.72981354e+02,
    3.48826935e+02, 2.64401215e+02, 3.58518372e+02, 2.69863007e+02,
    3.68617523e+02, 2.75596069e+02, 3.79113190e+02, 2.81357361e+02,
    3.42228363e+02, 2.72345062e+02, 3.51864777e+02, 2.78039185e+02,
    3.61870758e+02, 2.83941742e+02, 3.72361145e+02, 2.90164764e+02,
    3.35254272e+02, 2.80419464e+02, 3.44969238e+02, 2.86412689e+02,
    3.55005829e+02, 2.92581390e+02, 3.65432526e+02, 2.98977234e+02,
    3.28424347e+02, 2.88693909e+02, 3.38104095e+02, 2.94897705e+02,
    3.48033203e+02, 3.01226257e+02, 3.58445007e+02, 3.07975525e+02,
    3.21295593e+02, 2.97206451e+02, 3.30895477e+02, 3.03538239e+02,
    3.40860962e+02, 3.10332397e+02, 3.51239441e+02, 3.17177124e+02 ]
