%YAML:1.0
---
points: [ 3.95385971e+01, 5.54034958e+01, 5.23710518e+01, 5.62880821e+01,
    6.45841599e+01, 5.72697144e+01, 7.69084778e+01, 5.82515945e+01,
    4.10531731e+01, 6.86051407e+01, 5.36864090e+01, 6.92124481e+01,
    6.62587128e+01, 6.99542465e+01, 7.83088455e+01, 7.07341995e+01,
    4.25601540e+01, 8.16210022e+01, 5.53776512e+01, 8.20505371e+01,
    6.78951263e+01, 8.27030640e+01, 8.00045395e+01, 8.32845001e+01,
    4.42047157e+01, 9.49317932e+01, 5.72320328e+01, 9.51495361e+01,
    6.96325684e+01, 9.55182037e+01, 8.17214127e+01, 9.57433624e+01,
    4.62190590e+01, 1.08014679e+02, 5.90589180e+01, 1.08012451e+02,
    7.14704514e+01, 1.07922951e+02, 8.33490677e+01, 1.08053329e+02,
    4.80530930e+01, 1.21147278e+02, 6.10478706e+01, 1.20798477e+02,
    7.33037796e+01, 1.20616470e+02, 8.52434998e+01, 1.20281685e+02 ]
