%YAML:1.0
---
points: [ 5.81683533e+02, 1.45378967e+02, 6.49414124e+02, 1.44772827e+02,
    7.15629822e+02, 1.44344910e+02, 7.80428101e+02, 1.43280029e+02,
    5.87741577e+02, 2.11943817e+02, 6.55275330e+02, 2.10700211e+02,
    7.21267517e+02, 2.09562744e+02, 7.85605713e+02, 2.07887482e+02,
    5.93880188e+02, 2.77854279e+02, 6.61062378e+02, 2.76192627e+02,
    7.26763184e+02, 2.74288910e+02, 7.90836426e+02, 2.72139496e+02,
    6.00192383e+02, 3.43459869e+02, 6.66910583e+02, 3.40842041e+02,
    7.32435974e+02, 3.38396729e+02, 7.96337524e+02, 3.35524872e+02,
    6.06113586e+02, 4.08313568e+02, 6.72740417e+02, 4.04833679e+02,
    7.37862061e+02, 4.01550568e+02, 8.01499084e+02, 3.98034241e+02,
    6.11808594e+02, 4.72747681e+02, 6.78354858e+02, 4.68773041e+02,
    7.43270020e+02, 4.64554352e+02, 8.06492432e+02, 4.60345093e+02 ]
