%YAML:1.0
---
points: [ 3.85642967e+01, 2.76741447e+01, 5.99354248e+01, 2.68059349e+01,
    8.04597321e+01, 2.60748119e+01, 1.01845871e+02, 2.54687920e+01,
    4.00418968e+01, 4.82389183e+01, 6.07846489e+01, 4.72846642e+01,
    8.21638184e+01, 4.66419640e+01, 1.03114403e+02, 4.62362823e+01,
    4.12664452e+01, 6.90802917e+01, 6.25554695e+01, 6.81603928e+01,
    8.36968079e+01, 6.76603394e+01, 1.05034065e+02, 6.71128311e+01,
    4.32120209e+01, 8.99231567e+01, 6.50469666e+01, 8.87306595e+01,
    8.58550186e+01, 8.85516357e+01, 1.07159569e+02, 8.79589615e+01,
    4.50972328e+01, 1.10842293e+02, 6.65852585e+01, 1.09867287e+02,
    8.79063034e+01, 1.09035156e+02, 1.09116867e+02, 1.08508369e+02,
    4.73359451e+01, 1.31541107e+02, 6.87894135e+01, 1.30547516e+02,
    9.01291428e+01, 1.29655075e+02, 1.11210396e+02, 1.28714691e+02 ]
