%YAML:1.0
---
points: [ 1.15091968e+03, 6.46701721e+02, 1.19725330e+03, 6.51376038e+02,
    1.24408337e+03, 6.56196594e+02, 1.29131812e+03, 6.60735046e+02,
    1.14933459e+03, 6.92413574e+02, 1.19644788e+03, 6.97238403e+02,
    1.24377795e+03, 7.02276184e+02, 1.29180652e+03, 7.07023682e+02,
    1.14777258e+03, 7.39468567e+02, 1.19564709e+03, 7.44550842e+02,
    1.24379675e+03, 7.49617065e+02, 1.29228149e+03, 7.54640076e+02,
    1.14628772e+03, 7.88182068e+02, 1.19519104e+03, 7.93390930e+02,
    1.24391345e+03, 7.98619751e+02, 1.29316809e+03, 8.03904236e+02,
    1.14478540e+03, 8.38701843e+02, 1.19443359e+03, 8.44169983e+02,
    1.24429187e+03, 8.49367432e+02, 1.29427600e+03, 8.54616821e+02,
    1.14323669e+03, 8.91229126e+02, 1.19371753e+03, 8.96554565e+02,
    1.24434583e+03, 9.01927429e+02, 1.29527063e+03, 9.07403198e+02 ]
