%YAML:1.0
---
points: [ 1.35717682e+02, 1.09763908e+02, 2.18340042e+02, 1.21772980e+02,
    2.94295715e+02, 1.32799179e+02, 3.64717377e+02, 1.42956146e+02,
    1.44304611e+02, 1.83493164e+02, 2.26288788e+02, 1.92115295e+02,
    3.01542755e+02, 2.00338364e+02, 3.71711823e+02, 2.07584610e+02,
    1.52734726e+02, 2.56568176e+02, 2.34102936e+02, 2.61925873e+02,
    3.09008545e+02, 2.66833374e+02, 3.78454834e+02, 2.71625763e+02,
    1.61678406e+02, 3.29075714e+02, 2.42714767e+02, 3.31107025e+02,
    3.17080658e+02, 3.33309814e+02, 3.85796234e+02, 3.35139557e+02,
    1.70950821e+02, 4.00767700e+02, 2.50949890e+02, 3.99333282e+02,
    3.25161652e+02, 3.98313080e+02, 3.93012909e+02, 3.97399506e+02,
    1.80017303e+02, 4.71465332e+02, 2.59470825e+02, 4.67060944e+02,
    3.32733704e+02, 4.62930328e+02, 4.00493652e+02, 4.59457672e+02 ]
