%YAML:1.0
---
points: [ 3.38174500e+02, 2.44640823e+02, 3.54065338e+02, 2.46072968e+02,
    3.70008301e+02, 2.47617706e+02, 3.86114899e+02, 2.48894073e+02,
    3.38118011e+02, 2.60182892e+02, 3.54172638e+02, 2.61756653e+02,
    3.70419525e+02, 2.63257355e+02, 3.86738525e+02, 2.64766083e+02,
    3.37934357e+02, 2.76223785e+02, 3.54357513e+02, 2.77865631e+02,
    3.70815582e+02, 2.79359619e+02, 3.87358276e+02, 2.80911224e+02,
    3.37918365e+02, 2.92973511e+02, 3.54605957e+02, 2.94495514e+02,
    3.71273438e+02, 2.96106750e+02, 3.87990387e+02, 2.97738678e+02,
    3.37867767e+02, 3.10080566e+02, 3.54779694e+02, 3.11684052e+02,
    3.71831909e+02, 3.13266754e+02, 3.88757294e+02, 3.14781982e+02,
    3.37824738e+02, 3.27731049e+02, 3.54890228e+02, 3.29318756e+02,
    3.72127411e+02, 3.30934998e+02, 3.89378326e+02, 3.32372955e+02 ]
