%YAML:1.0
---
points: [ 8.85786926e+02, 6.44403137e+02, 9.32758911e+02, 6.49744324e+02,
    9.79171021e+02, 6.55120300e+02, 1.02499365e+03, 6.60247559e+02,
    8.81533325e+02, 6.91854126e+02, 9.29470154e+02, 6.96889771e+02,
    9.76539001e+02, 7.02151062e+02, 1.02324457e+03, 7.06985107e+02,
    8.77402649e+02, 7.41062012e+02, 9.26256042e+02, 7.45802185e+02,
    9.74203674e+02, 7.50571411e+02, 1.02146240e+03, 7.55299683e+02,
    8.73095520e+02, 7.92269775e+02, 9.22949463e+02, 7.96631348e+02,
    9.71611694e+02, 8.01181946e+02, 1.01979749e+03, 8.05409912e+02,
    8.68606506e+02, 8.45454956e+02, 9.19377197e+02, 8.49386658e+02,
    9.69331787e+02, 8.53263611e+02, 1.01820221e+03, 8.56920349e+02,
    8.63836060e+02, 9.00896240e+02, 9.15709595e+02, 9.04274170e+02,
    9.66512817e+02, 9.07682983e+02, 1.01673138e+03, 9.11072327e+02 ]
