%YAML:1.0
---
points: [ 1.72712646e+02, 3.82187996e+01, 1.91593018e+02, 3.83870010e+01,
    2.10167435e+02, 3.84525375e+01, 2.28615952e+02, 3.84789886e+01,
    1.74075012e+02, 5.77407112e+01, 1.92773575e+02, 5.78046379e+01,
    2.11401321e+02, 5.79049149e+01, 2.29532272e+02, 5.77869263e+01,
    1.75445633e+02, 7.72704544e+01, 1.94148056e+02, 7.71309433e+01,
    2.12460831e+02, 7.70752792e+01, 2.30528397e+02, 7.68225403e+01,
    1.76979416e+02, 9.64190979e+01, 1.95445816e+02, 9.62426300e+01,
    2.13626617e+02, 9.59859390e+01, 2.31578445e+02, 9.56750336e+01,
    1.78382507e+02, 1.15434532e+02, 1.96705688e+02, 1.14977837e+02,
    2.14757187e+02, 1.14414795e+02, 2.32470642e+02, 1.14116188e+02,
    1.79831665e+02, 1.33688248e+02, 1.98054428e+02, 1.33388916e+02,
    2.15812485e+02, 1.32732117e+02, 2.33554092e+02, 1.32207031e+02 ]
