%YAML:1.0
---
points: [ 1.38316528e+02, 2.62273804e+02, 2.20619888e+02, 2.67163605e+02,
    2.96537628e+02, 2.71879639e+02, 3.66937439e+02, 2.76307617e+02,
    1.47110382e+02, 3.34875061e+02, 2.28857666e+02, 3.36663727e+02,
    3.04036987e+02, 3.38548828e+02, 3.74319641e+02, 3.40047089e+02,
    1.55845352e+02, 4.06950134e+02, 2.37158310e+02, 4.05450287e+02,
    3.11889893e+02, 4.04190155e+02, 3.81121704e+02, 4.03135773e+02,
    1.65381790e+02, 4.78104218e+02, 2.45641418e+02, 4.73479614e+02,
    3.19813202e+02, 4.69464355e+02, 3.88441284e+02, 4.65486847e+02,
    1.74826065e+02, 5.48649231e+02, 2.54429810e+02, 5.40504822e+02,
    3.28095917e+02, 5.33439819e+02, 3.95660645e+02, 5.26600098e+02,
    1.84020004e+02, 6.18162781e+02, 2.62970520e+02, 6.07206055e+02,
    3.35675812e+02, 5.96977356e+02, 4.02783905e+02, 5.87537781e+02 ]
