%YAML:1.0
---
points: [ 2.48527222e+02, 2.44516479e+02, 2.64361572e+02, 2.46310593e+02,
    2.79967834e+02, 2.48000168e+02, 2.95368835e+02, 2.49550186e+02,
    2.47572235e+02, 2.60790497e+02, 2.63717651e+02, 2.62313202e+02,
    2.79596741e+02, 2.64004791e+02, 2.95282654e+02, 2.65418762e+02,
    2.46537888e+02, 2.77414154e+02, 2.63003387e+02, 2.78946350e+02,
    2.79186279e+02, 2.80447754e+02, 2.95195679e+02, 2.81935150e+02,
    2.45718353e+02, 2.94934235e+02, 2.62431824e+02, 2.96292816e+02,
    2.78858215e+02, 2.97686829e+02, 2.95131256e+02, 2.99114197e+02,
    2.44713577e+02, 3.13032471e+02, 2.61748169e+02, 3.14265289e+02,
    2.78647552e+02, 3.15310181e+02, 2.95119904e+02, 3.16621094e+02,
    2.43698349e+02, 3.31800018e+02, 2.61023895e+02, 3.32863953e+02,
    2.78210388e+02, 3.33860352e+02, 2.95114441e+02, 3.34956390e+02 ]
