%YAML:1.0
---
points: [ 1.46213654e+02, 4.74775726e+02, 2.27693741e+02, 4.70275665e+02,
    3.02938843e+02, 4.66079803e+02, 3.72934357e+02, 4.62410980e+02,
    1.55285995e+02, 5.45495422e+02, 2.36159241e+02, 5.37893433e+02,
    3.10643677e+02, 5.30761353e+02, 3.80069702e+02, 5.24448303e+02,
    1.64431885e+02, 6.15485779e+02, 2.44430130e+02, 6.04721985e+02,
    3.18372375e+02, 5.94955627e+02, 3.86588013e+02, 5.85830200e+02,
    1.74046539e+02, 6.84698364e+02, 2.53218430e+02, 6.70994385e+02,
    3.26209412e+02, 6.58364868e+02, 3.93665802e+02, 6.46383850e+02,
    1.83402390e+02, 7.53310425e+02, 2.61543060e+02, 7.36308105e+02,
    3.34083984e+02, 7.20664368e+02, 4.00650665e+02, 7.06227051e+02,
    1.92669128e+02, 8.20756653e+02, 2.70149506e+02, 8.01209229e+02,
    3.41487823e+02, 7.82565735e+02, 4.07637238e+02, 7.65698303e+02 ]
