%YAML:1.0
---
points: [ 2.88516724e+02, 4.22426682e+01, 3.06499420e+02, 4.12811928e+01,
    3.24434723e+02, 4.02052727e+01, 3.42791412e+02, 3.88653908e+01,
    2.88869904e+02, 6.10117149e+01, 3.06667603e+02, 5.99821930e+01,
    3.24787598e+02, 5.89597054e+01, 3.42765961e+02, 5.77900162e+01,
    2.89158936e+02, 7.94763489e+01, 3.06919250e+02, 7.85342636e+01,
    3.24773193e+02, 7.75600586e+01, 3.42855194e+02, 7.65777054e+01,
    2.89631470e+02, 9.78929291e+01, 3.07134247e+02, 9.69990768e+01,
    3.24809967e+02, 9.60770340e+01, 3.42851746e+02, 9.51332932e+01,
    2.89908539e+02, 1.15804230e+02, 3.07310486e+02, 1.15133087e+02,
    3.24985168e+02, 1.14132729e+02, 3.42855774e+02, 1.13257858e+02,
    2.90220520e+02, 1.33318893e+02, 3.07588898e+02, 1.32827560e+02,
    3.24975769e+02, 1.31979553e+02, 3.42864227e+02, 1.31144455e+02 ]
