%YAML:1.0
---
points: [ 1.77093811e+02, 2.44704834e+02, 1.94291916e+02, 2.46446274e+02,
    2.11020294e+02, 2.48209763e+02, 2.27414169e+02, 2.49845901e+02,
    1.74987915e+02, 2.61483154e+02, 1.92412888e+02, 2.63153748e+02,
    2.09395645e+02, 2.64776825e+02, 2.26147079e+02, 2.66272858e+02,
    1.72675598e+02, 2.78888733e+02, 1.90390930e+02, 2.80299652e+02,
    2.07827820e+02, 2.81839935e+02, 2.24860947e+02, 2.83304443e+02,
    1.70507812e+02, 2.97163879e+02, 1.88483353e+02, 2.98350677e+02,
    2.06194458e+02, 2.99723328e+02, 2.23611923e+02, 3.00945404e+02,
    1.67915451e+02, 3.15813812e+02, 1.86493378e+02, 3.16967896e+02,
    2.04536423e+02, 3.17980713e+02, 2.22254959e+02, 3.19086609e+02,
    1.65576126e+02, 3.35147247e+02, 1.84323074e+02, 3.36346100e+02,
    2.02786316e+02, 3.37129486e+02, 2.20920334e+02, 3.37972870e+02 ]
