%YAML:1.0
---
points: [ 6.73089722e+02, 6.42909851e+02, 7.24033447e+02, 6.48591553e+02,
    7.74277710e+02, 6.54266418e+02, 8.23167053e+02, 6.59467957e+02,
    6.64978027e+02, 6.92330505e+02, 7.17237854e+02, 6.97472290e+02,
    7.68247803e+02, 7.02669250e+02, 8.18135437e+02, 7.07538452e+02,
    6.56660767e+02, 7.43588135e+02, 7.10056519e+02, 7.48440918e+02,
    7.61999573e+02, 7.53097656e+02, 8.12702820e+02, 7.57462097e+02,
    6.48367554e+02, 7.96986450e+02, 7.02573669e+02, 8.01317017e+02,
    7.55535828e+02, 8.05452576e+02, 8.07460510e+02, 8.09365234e+02,
    6.39330383e+02, 8.52508423e+02, 6.95070129e+02, 8.55985962e+02,
    7.49124573e+02, 8.59512939e+02, 8.01932678e+02, 8.62869995e+02,
    6.30099182e+02, 9.09959717e+02, 6.86711426e+02, 9.13103210e+02,
    7.42139832e+02, 9.16209045e+02, 7.96242981e+02, 9.18725647e+02 ]
