%YAML:1.0
---
points: [ 4.59368591e+02, 6.40676880e+02, 5.17354919e+02, 6.47347107e+02,
    5.73618042e+02, 6.53942810e+02, 6.28312012e+02, 6.59680298e+02,
    4.47247681e+02, 6.93653564e+02, 5.06407227e+02, 6.99751648e+02,
    5.63925232e+02, 7.05547546e+02, 6.19615662e+02, 7.10870239e+02,
    4.34494873e+02, 7.48874695e+02, 4.95010773e+02, 7.54189453e+02,
    5.53745422e+02, 7.59400024e+02, 6.10770813e+02, 7.64092834e+02,
    4.21737549e+02, 8.06289307e+02, 4.83389832e+02, 8.10911438e+02,
    5.43347229e+02, 8.15240112e+02, 6.01653320e+02, 8.19325928e+02,
    4.08255737e+02, 8.65905640e+02, 4.71303284e+02, 8.69731873e+02,
    5.32623169e+02, 8.73140381e+02, 5.91937073e+02, 8.76393005e+02,
    3.94493652e+02, 9.28091248e+02, 4.58850281e+02, 9.31015015e+02,
    5.21442505e+02, 9.33626160e+02, 5.82132019e+02, 9.36239319e+02 ]
