%YAML:1.0
---
points: [ 4.09596191e+02, 4.75965668e+02, 4.76260437e+02, 4.71647858e+02,
    5.40911072e+02, 4.67866699e+02, 6.03487854e+02, 4.64354279e+02,
    4.15767426e+02, 5.36566833e+02, 4.82077789e+02, 5.31823059e+02,
    5.46528503e+02, 5.27020203e+02, 6.08907349e+02, 5.22397888e+02,
    4.21943604e+02, 5.97319519e+02, 4.87846069e+02, 5.91491516e+02,
    5.52241211e+02, 5.85674500e+02, 6.14302979e+02, 5.80137878e+02,
    4.27865204e+02, 6.57569336e+02, 4.93687866e+02, 6.50633362e+02,
    5.57688232e+02, 6.44159912e+02, 6.19576172e+02, 6.37568054e+02,
    4.33738403e+02, 7.17741821e+02, 4.99440369e+02, 7.09574402e+02,
    5.63170532e+02, 7.02059875e+02, 6.24576477e+02, 6.94371460e+02,
    4.39552368e+02, 7.77361328e+02, 5.04845734e+02, 7.68549072e+02,
    5.68300659e+02, 7.59854980e+02, 6.29552917e+02, 7.51385559e+02 ]
