%YAML:1.0
---
points: [ 4.15909393e+02, 3.97181473e+01, 4.35013763e+02, 3.84418678e+01,
    4.53693878e+02, 3.77590637e+01, 4.72771027e+02, 3.66496506e+01,
    4.16147369e+02, 5.85245743e+01, 4.34904999e+02, 5.72216148e+01,
    4.54130005e+02, 5.61603622e+01, 4.72733643e+02, 5.57054787e+01,
    4.15849152e+02, 7.69176407e+01, 4.34935394e+02, 7.57830505e+01,
    4.53930634e+02, 7.49276123e+01, 4.73177856e+02, 7.39026642e+01,
    4.15862518e+02, 9.54237366e+01, 4.34730927e+02, 9.46306610e+01,
    4.53923523e+02, 9.34844818e+01, 4.73025513e+02, 9.28251495e+01,
    4.15381653e+02, 1.13814117e+02, 4.34518982e+02, 1.12856903e+02,
    4.53764862e+02, 1.12135780e+02, 4.72845276e+02, 1.11285942e+02,
    4.14960815e+02, 1.31946533e+02, 4.34068542e+02, 1.31259705e+02,
    4.53139282e+02, 1.30528397e+02, 4.72526794e+02, 1.29895859e+02 ]
