%YAML:1.0
---
points: [ 1.06592216e+02, 2.44608688e+02, 1.25819725e+02, 2.46655823e+02,
    1.44429688e+02, 2.48750854e+02, 1.62629791e+02, 2.50461838e+02,
    1.03079254e+02, 2.62522156e+02, 1.22634560e+02, 2.64378143e+02,
    1.41634247e+02, 2.66180450e+02, 1.60219910e+02, 2.67923706e+02,
    9.95873184e+01, 2.81108643e+02, 1.19500816e+02, 2.82848328e+02,
    1.38778091e+02, 2.84464600e+02, 1.57862000e+02, 2.86014893e+02,
    9.60498810e+01, 3.00657562e+02, 1.16167740e+02, 3.02017761e+02,
    1.35923691e+02, 3.03438690e+02, 1.55274124e+02, 3.04878754e+02,
    9.23092651e+01, 3.20478699e+02, 1.12872879e+02, 3.21874146e+02,
    1.33029236e+02, 3.22927795e+02, 1.52659241e+02, 3.23982697e+02,
    8.87030869e+01, 3.40951538e+02, 1.09679695e+02, 3.42338806e+02,
    1.29842560e+02, 3.43179688e+02, 1.50159302e+02, 3.44003235e+02 ]
