%YAML:1.0
---
points: [ 3.28317535e+02, 7.75764389e+01, 3.38720978e+02, 7.18796005e+01,
    3.48807861e+02, 6.64487305e+01, 3.58466583e+02, 6.10095940e+01,
    3.39496796e+02, 8.92802353e+01, 3.49920227e+02, 8.33490601e+01,
    3.59809601e+02, 7.77127075e+01, 3.69437042e+02, 7.21131363e+01,
    3.51015503e+02, 1.01291069e+02, 3.61244110e+02, 9.50426559e+01,
    3.70971039e+02, 8.90564880e+01, 3.80331299e+02, 8.31497498e+01,
    3.62714233e+02, 1.13306915e+02, 3.72863129e+02, 1.06696358e+02,
    3.82370819e+02, 1.00507835e+02, 3.91574524e+02, 9.44734421e+01,
    3.74724213e+02, 1.25594475e+02, 3.84468109e+02, 1.18668518e+02,
    3.94010101e+02, 1.12020622e+02, 4.02768646e+02, 1.05728233e+02,
    3.86732819e+02, 1.37939972e+02, 3.96454224e+02, 1.30742386e+02,
    4.05587891e+02, 1.23830688e+02, 4.14481506e+02, 1.17236603e+02 ]
