%YAML:1.0
---
points: [ 6.23022644e+02, 4.76598572e+02, 6.84347717e+02, 4.72652618e+02,
    7.44195618e+02, 4.69177795e+02, 8.02695374e+02, 4.65322418e+02,
    6.28176453e+02, 5.35576965e+02, 6.89263000e+02, 5.31310486e+02,
    7.48766602e+02, 5.27007141e+02, 8.07294495e+02, 5.22801880e+02,
    6.33316101e+02, 5.94543274e+02, 6.94028442e+02, 5.89530212e+02,
    7.53499878e+02, 5.84678406e+02, 8.11747803e+02, 5.79849426e+02,
    6.38245239e+02, 6.53335022e+02, 6.98634033e+02, 6.47622803e+02,
    7.58196167e+02, 6.42202881e+02, 8.16379700e+02, 6.36663696e+02,
    6.42947937e+02, 7.11854736e+02, 7.03430237e+02, 7.05439453e+02,
    7.62568176e+02, 6.99345154e+02, 8.20626404e+02, 6.93128113e+02,
    6.47670776e+02, 7.70246948e+02, 7.07807556e+02, 7.63375122e+02,
    7.66923218e+02, 7.56457397e+02, 8.24878235e+02, 7.49989136e+02 ]
