%YAML:1.0
---
points: [ 2.47497726e+02, 6.38487976e+02, 3.10300629e+02, 6.45528320e+02,
    3.72198578e+02, 6.52697510e+02, 4.32875610e+02, 6.59242676e+02,
    2.29368073e+02, 6.95472717e+02, 2.93207367e+02, 7.02302917e+02,
    3.56422333e+02, 7.08941956e+02, 4.18441833e+02, 7.15157898e+02,
    2.10714508e+02, 7.54663452e+02, 2.75824982e+02, 7.61250427e+02,
    3.40151337e+02, 7.67387085e+02, 4.03486847e+02, 7.73368713e+02,
    1.91427505e+02, 8.16343628e+02, 2.57821594e+02, 8.22539307e+02,
    3.23403442e+02, 8.28481934e+02, 3.88197174e+02, 8.33929199e+02,
    1.71583969e+02, 8.80421204e+02, 2.39458389e+02, 8.86091553e+02,
    3.06231598e+02, 8.91512207e+02, 3.72320435e+02, 8.96509399e+02,
    1.51229645e+02, 9.46840027e+02, 2.20349106e+02, 9.52252563e+02,
    2.88485901e+02, 9.57124023e+02, 3.55633484e+02, 9.61730896e+02 ]
