%YAML:1.0
---
points: [ 3.84897728e+01, 2.44168259e+02, 5.87003975e+01, 2.46604462e+02,
    7.87859116e+01, 2.48827011e+02, 9.88289948e+01, 2.50928604e+02,
    3.33546143e+01, 2.63285187e+02, 5.37572212e+01, 2.65589417e+02,
    7.42334747e+01, 2.67752258e+02, 9.45475388e+01, 2.69833038e+02,
    2.83741131e+01, 2.82925720e+02, 4.89689026e+01, 2.85313660e+02,
    6.96017532e+01, 2.87374329e+02, 9.04020996e+01, 2.89552246e+02,
    2.35321217e+01, 3.03358246e+02, 4.41114311e+01, 3.05632202e+02,
    6.49892578e+01, 3.07753601e+02, 8.60469894e+01, 3.09835236e+02,
    1.88216705e+01, 3.23868103e+02, 3.94497871e+01, 3.26649323e+02,
    6.03875504e+01, 3.28685852e+02, 8.17266083e+01, 3.30500336e+02,
    1.41692810e+01, 3.45114655e+02, 3.51504555e+01, 3.47584045e+02,
    5.60116806e+01, 3.50101105e+02, 7.74213028e+01, 3.52021332e+02 ]
