%YAML:1.0
---
points: [ 2.13347763e+02, 1.32151764e+02, 2.80884094e+02, 1.39645538e+02,
    3.47618774e+02, 1.47364990e+02, 4.12542664e+02, 1.54713058e+02,
    2.11704758e+02, 1.94896927e+02, 2.79124878e+02, 2.01933960e+02,
    3.45603790e+02, 2.08854813e+02, 4.10684814e+02, 2.15687119e+02,
    2.10208969e+02, 2.57311523e+02, 2.77448975e+02, 2.63640167e+02,
    3.43863159e+02, 2.70121185e+02, 4.08945435e+02, 2.76309235e+02,
    2.08536713e+02, 3.19347443e+02, 2.75993530e+02, 3.25047241e+02,
    3.42370758e+02, 3.30743835e+02, 4.07455994e+02, 3.36359528e+02,
    2.07203964e+02, 3.81224396e+02, 2.74652283e+02, 3.85948029e+02,
    3.40497955e+02, 3.90680054e+02, 4.05772217e+02, 3.95532349e+02,
    2.05963745e+02, 4.42141205e+02, 2.72844330e+02, 4.46278870e+02,
    3.39086945e+02, 4.50379822e+02, 4.03736725e+02, 4.54465027e+02 ]
