%YAML:1.0
---
points: [ 2.98006516e+01, 7.63547668e+01, 5.05887375e+01, 7.76952133e+01,
    7.16273727e+01, 7.94303818e+01, 9.25949326e+01, 8.13142319e+01,
    2.86496201e+01, 9.68361893e+01, 4.94297485e+01, 9.82709198e+01,
    7.07316589e+01, 9.98357391e+01, 9.17555466e+01, 1.01590805e+02,
    2.77036018e+01, 1.17146942e+02, 4.85643234e+01, 1.18668106e+02,
    6.98326111e+01, 1.20248314e+02, 9.11112289e+01, 1.21925720e+02,
    2.69866943e+01, 1.37912521e+02, 4.78023605e+01, 1.39156616e+02,
    6.92890778e+01, 1.40602798e+02, 9.05565186e+01, 1.42077271e+02,
    2.61801777e+01, 1.58170364e+02, 4.73546791e+01, 1.59384720e+02,
    6.86242523e+01, 1.60686508e+02, 8.99159851e+01, 1.61941727e+02,
    2.56239929e+01, 1.78741119e+02, 4.67523994e+01, 1.79773880e+02,
    6.82029419e+01, 1.80781860e+02, 8.92894211e+01, 1.81811905e+02 ]
