%YAML:1.0
---
points: [ 7.96213440e+02, 4.77414856e+02, 8.53342468e+02, 4.73489655e+02,
    9.10666626e+02, 4.69703644e+02, 9.68376831e+02, 4.65570770e+02,
    8.00325562e+02, 5.34941284e+02, 8.57399841e+02, 5.31302795e+02,
    9.14587341e+02, 5.27575623e+02, 9.72187012e+02, 5.23811157e+02,
    8.04332397e+02, 5.92493652e+02, 8.61224915e+02, 5.88790588e+02,
    9.18527710e+02, 5.85394653e+02, 9.76007751e+02, 5.81582214e+02,
    8.08365906e+02, 6.49969788e+02, 8.65414490e+02, 6.46397522e+02,
    9.22636658e+02, 6.43044312e+02, 9.80157898e+02, 6.39399841e+02,
    8.12326111e+02, 7.07567871e+02, 8.69506409e+02, 7.03780151e+02,
    9.26537598e+02, 7.00448181e+02, 9.84148376e+02, 6.96709290e+02,
    8.16280029e+02, 7.65039612e+02, 8.73242615e+02, 7.61422607e+02,
    9.30295227e+02, 7.58152466e+02, 9.87900879e+02, 7.54796814e+02 ]
