%YAML:1.0
---
points: [ 2.71014435e+02, 8.01002579e+01, 2.84048248e+02, 7.40039215e+01,
    2.96803406e+02, 6.80479660e+01, 3.09252930e+02, 6.19869919e+01,
    2.80326721e+02, 9.13141098e+01, 2.93417053e+02, 8.50147781e+01,
    3.06276001e+02, 7.88673782e+01, 3.18737396e+02, 7.25880661e+01,
    2.89813110e+02, 1.02841751e+02, 3.03048279e+02, 9.61645432e+01,
    3.15851685e+02, 8.97818298e+01, 3.28473206e+02, 8.34431763e+01,
    2.99804474e+02, 1.14598717e+02, 3.13014984e+02, 1.07653275e+02,
    3.25889771e+02, 1.01095711e+02, 3.38556366e+02, 9.45087509e+01,
    3.09843964e+02, 1.26516975e+02, 3.23155823e+02, 1.19388268e+02,
    3.36135284e+02, 1.12402100e+02, 3.48706635e+02, 1.05718971e+02,
    3.20245758e+02, 1.38783966e+02, 3.33612396e+02, 1.31403122e+02,
    3.46646027e+02, 1.24242714e+02, 3.59338654e+02, 1.17174896e+02 ]
