%YAML:1.0
---
points: [ 2.20320496e+02, 8.08842316e+01, 2.33933121e+02, 7.48422623e+01,
    2.47224213e+02, 6.89315491e+01, 2.60121643e+02, 6.29078827e+01,
    2.29020569e+02, 9.20641861e+01, 2.42597580e+02, 8.58141479e+01,
    2.56023743e+02, 7.97544708e+01, 2.68878479e+02, 7.34878159e+01,
    2.37804108e+02, 1.03550369e+02, 2.51521561e+02, 9.70222778e+01,
    2.64864716e+02, 9.06119843e+01, 2.77990906e+02, 8.43315430e+01,
    2.46960159e+02, 1.15220901e+02, 2.60780640e+02, 1.08436783e+02,
    2.74122375e+02, 1.01921806e+02, 2.87287384e+02, 9.53130722e+01,
    2.56329010e+02, 1.27201317e+02, 2.70137604e+02, 1.20162117e+02,
    2.83597351e+02, 1.13179710e+02, 2.96729858e+02, 1.06576599e+02,
    2.65993805e+02, 1.39398453e+02, 2.79698334e+02, 1.32179214e+02,
    2.93289276e+02, 1.25013908e+02, 3.06489990e+02, 1.17924080e+02 ]
