%YAML:1.0
---
points: [ 7.34534485e+02, 9.98424339e+00, 7.89259216e+02, 1.80358086e+01,
    8.43699158e+02, 2.57663860e+01, 8.97764221e+02, 3.32157326e+01,
    7.31162598e+02, 6.65184708e+01, 7.86037292e+02, 7.42350616e+01,
    8.40344666e+02, 8.17068253e+01, 8.93778503e+02, 8.86183243e+01,
    7.28270447e+02, 1.22864891e+02, 7.83065979e+02, 1.29953110e+02,
    8.36853760e+02, 1.37198517e+02, 8.89707764e+02, 1.43927872e+02,
    7.25140686e+02, 1.78411819e+02, 7.80239197e+02, 1.85516693e+02,
    8.33312744e+02, 1.92052017e+02, 8.87036682e+02, 1.98480911e+02,
    7.22597839e+02, 2.33648514e+02, 7.76965088e+02, 2.39832642e+02,
    8.30584290e+02, 2.45924057e+02, 8.83077576e+02, 2.51806961e+02,
    7.19685303e+02, 2.87946747e+02, 7.74003784e+02, 2.93924927e+02,
    8.26899902e+02, 2.99550751e+02, 8.79665161e+02, 3.05181519e+02 ]
