%YAML:1.0
---
points: [ 9.94505615e+02, 4.77854736e+02, 1.05291785e+03, 4.73807892e+02,
    1.11251086e+03, 4.69761902e+02, 1.17360364e+03, 4.65362610e+02,
    9.97932129e+02, 5.36534973e+02, 1.05644336e+03, 5.33196411e+02,
    1.11613733e+03, 5.29461975e+02, 1.17693384e+03, 5.25801819e+02,
    1.00169348e+03, 5.95046082e+02, 1.06003931e+03, 5.92145508e+02,
    1.11952246e+03, 5.89101746e+02, 1.18062097e+03, 5.86150757e+02,
    1.00563580e+03, 6.53537781e+02, 1.06398889e+03, 6.51058289e+02,
    1.12339954e+03, 6.48933167e+02, 1.18453784e+03, 6.46258972e+02,
    1.00932281e+03, 7.12224121e+02, 1.06778735e+03, 7.09989746e+02,
    1.12742078e+03, 7.08295410e+02, 1.18841077e+03, 7.06363892e+02,
    1.01291766e+03, 7.70737671e+02, 1.07143286e+03, 7.69517273e+02,
    1.13137073e+03, 7.67956177e+02, 1.19236426e+03, 7.66707275e+02 ]
