%YAML:1.0
---
points: [ 1.90755966e+02, 3.08604259e+01, 2.09668121e+02, 3.31492081e+01,
    2.27765228e+02, 3.53675423e+01, 2.46040085e+02, 3.74051971e+01,
    1.89782654e+02, 4.97092934e+01, 2.08244461e+02, 5.19211159e+01,
    2.26533325e+02, 5.41401253e+01, 2.44595856e+02, 5.61536407e+01,
    1.88599380e+02, 6.86027298e+01, 2.07144897e+02, 7.07588959e+01,
    2.25316833e+02, 7.28213501e+01, 2.43365707e+02, 7.48078537e+01,
    1.87609207e+02, 8.75381393e+01, 2.06045044e+02, 8.95153427e+01,
    2.24145660e+02, 9.14985352e+01, 2.42168045e+02, 9.33839874e+01,
    1.86558594e+02, 1.06215469e+02, 2.04858490e+02, 1.08074379e+02,
    2.22983780e+02, 1.09975258e+02, 2.40953659e+02, 1.11693001e+02,
    1.85637772e+02, 1.24672577e+02, 2.03865784e+02, 1.26488258e+02,
    2.21926285e+02, 1.28120193e+02, 2.39776184e+02, 1.29759766e+02 ]
