%YAML:1.0
---
points: [ 2.24739822e+02, 3.20895653e+01, 2.42866425e+02, 3.43265381e+01,
    2.60304901e+02, 3.65770416e+01, 2.77783813e+02, 3.85445366e+01,
    2.23735321e+02, 5.03564682e+01, 2.41548828e+02, 5.26111488e+01,
    2.58953125e+02, 5.47538261e+01, 2.76332886e+02, 5.66840210e+01,
    2.22596008e+02, 6.88687897e+01, 2.40289948e+02, 7.09135284e+01,
    2.57703949e+02, 7.29151917e+01, 2.74957123e+02, 7.48814011e+01,
    2.21528656e+02, 8.72521057e+01, 2.39103134e+02, 8.91732788e+01,
    2.56337769e+02, 9.10800705e+01, 2.73609253e+02, 9.28372040e+01,
    2.20393127e+02, 1.05310234e+02, 2.37809433e+02, 1.07156860e+02,
    2.55253540e+02, 1.08869041e+02, 2.72250366e+02, 1.10581963e+02,
    2.19326920e+02, 1.23322861e+02, 2.36697540e+02, 1.25044304e+02,
    2.53902542e+02, 1.26594353e+02, 2.70971832e+02, 1.28173462e+02 ]
