%YAML:1.0
---
points: [ 1.41709076e+02, 7.86586304e+01, 1.56958786e+02, 7.24071121e+01,
    1.71721619e+02, 6.63342056e+01, 1.86126266e+02, 6.01789818e+01,
    1.49525177e+02, 9.01448593e+01, 1.64834427e+02, 8.37090759e+01,
    1.79778915e+02, 7.75331573e+01, 1.94240982e+02, 7.11108398e+01,
    1.57552521e+02, 1.02009682e+02, 1.72942383e+02, 9.53078918e+01,
    1.88002457e+02, 8.88632355e+01, 2.02629272e+02, 8.24273224e+01,
    1.65866089e+02, 1.14218010e+02, 1.81516129e+02, 1.07269371e+02,
    1.96480713e+02, 1.00573639e+02, 2.11262207e+02, 9.39178009e+01,
    1.74592285e+02, 1.26716499e+02, 1.90098724e+02, 1.19561295e+02,
    2.05260361e+02, 1.12427376e+02, 2.20020386e+02, 1.05619019e+02,
    1.83333588e+02, 1.39539658e+02, 1.99043655e+02, 1.32093231e+02,
    2.14266846e+02, 1.24842735e+02, 2.29085037e+02, 1.17593979e+02 ]
