%YAML:1.0
---
points: [ 8.16426697e+02, 1.44365683e+01, 8.69522339e+02, 2.22620277e+01,
    9.21937744e+02, 2.95632362e+01, 9.73628479e+02, 3.64828110e+01,
    8.12556580e+02, 6.99676208e+01, 8.65489441e+02, 7.70687103e+01,
    9.17533447e+02, 8.43567429e+01, 9.69233154e+02, 9.10526733e+01,
    8.09054749e+02, 1.24681564e+02, 8.61538147e+02, 1.31680405e+02,
    9.13481140e+02, 1.38504944e+02, 9.64620605e+02, 1.44775406e+02,
    8.05616028e+02, 1.79171219e+02, 8.58101990e+02, 1.85775650e+02,
    9.09521667e+02, 1.92086594e+02, 9.60539734e+02, 1.98067413e+02,
    8.02199463e+02, 2.33140915e+02, 8.54387268e+02, 2.39101547e+02,
    9.05874207e+02, 2.44702530e+02, 9.56418640e+02, 2.50364471e+02,
    7.98576294e+02, 2.86268860e+02, 8.50701660e+02, 2.91658966e+02,
    9.01765381e+02, 2.97096863e+02, 9.52429321e+02, 3.02349945e+02 ]
