%YAML:1.0
---
points: [ 1.10134851e+03, 4.77757568e+02, 1.16768359e+03, 4.72969177e+02,
    1.23748572e+03, 4.67900421e+02, 1.31091931e+03, 4.62409393e+02,
    1.10480786e+03, 5.44113892e+02, 1.17108923e+03, 5.40956421e+02,
    1.24095300e+03, 5.37705261e+02, 1.31461523e+03, 5.34066040e+02,
    1.10840747e+03, 6.10273376e+02, 1.17494092e+03, 6.08786194e+02,
    1.24468518e+03, 6.07367554e+02, 1.31846802e+03, 6.05677795e+02,
    1.11219470e+03, 6.76612854e+02, 1.17878748e+03, 6.76766174e+02,
    1.24890063e+03, 6.76972961e+02, 1.32282825e+03, 6.77126038e+02,
    1.11612671e+03, 7.43517883e+02, 1.18285718e+03, 7.44890198e+02,
    1.25303735e+03, 7.46727539e+02, 1.32716675e+03, 7.48588379e+02,
    1.11982935e+03, 8.10232300e+02, 1.18677747e+03, 8.13531494e+02,
    1.25734265e+03, 8.17046387e+02, 1.33156091e+03, 8.20618713e+02 ]
