%YAML:1.0
---
points: [ 1.10132251e+03, 4.77802612e+02, 1.16759021e+03, 4.72968903e+02,
    1.23741113e+03, 4.67950134e+02, 1.31096021e+03, 4.62427246e+02,
    1.10487207e+03, 5.44206421e+02, 1.17108044e+03, 5.41033630e+02,
    1.24093384e+03, 5.37750427e+02, 1.31458252e+03, 5.34078552e+02,
    1.10838831e+03, 6.10304138e+02, 1.17491797e+03, 6.08781860e+02,
    1.24460339e+03, 6.07331970e+02, 1.31844031e+03, 6.05701172e+02,
    1.11221973e+03, 6.76680176e+02, 1.17870874e+03, 6.76816650e+02,
    1.24896045e+03, 6.77012390e+02, 1.32278113e+03, 6.77098450e+02,
    1.11608240e+03, 7.43469238e+02, 1.18288110e+03, 7.44878296e+02,
    1.25305212e+03, 7.46761902e+02, 1.32715039e+03, 7.48582336e+02,
    1.11982690e+03, 8.10287354e+02, 1.18672375e+03, 8.13556030e+02,
    1.25725891e+03, 8.17064331e+02, 1.33158215e+03, 8.20612610e+02 ]
