%YAML:1.0
---
points: [ 1.07837427e+03, 2.19412270e+01, 1.12942822e+03, 2.69787846e+01,
    1.18092395e+03, 3.19356174e+01, 1.23295325e+03, 3.64738960e+01,
    1.07147400e+03, 7.55419312e+01, 1.12246313e+03, 8.06115189e+01,
    1.17360864e+03, 8.58161697e+01, 1.22533362e+03, 9.04927826e+01,
    1.06501025e+03, 1.28605942e+02, 1.11555469e+03, 1.33779694e+02,
    1.16633789e+03, 1.38972748e+02, 1.21756018e+03, 1.43815475e+02,
    1.05855359e+03, 1.81143250e+02, 1.10870544e+03, 1.86392517e+02,
    1.15932947e+03, 1.91602173e+02, 1.21049280e+03, 1.96664215e+02,
    1.05226941e+03, 2.33086334e+02, 1.10206592e+03, 2.38319229e+02,
    1.15253979e+03, 2.43346786e+02, 1.20296375e+03, 2.48491562e+02,
    1.04573596e+03, 2.83990417e+02, 1.09556030e+03, 2.89404144e+02,
    1.14543384e+03, 2.94580078e+02, 1.19587830e+03, 2.99721649e+02 ]
