%YAML:1.0
---
points: [ 3.12702332e+02, 3.35104637e+01, 3.30245117e+02, 3.50288773e+01,
    3.47482941e+02, 3.66572304e+01, 3.65091766e+02, 3.81179123e+01,
    3.10766266e+02, 5.12360497e+01, 3.27966461e+02, 5.27291298e+01,
    3.45385345e+02, 5.45006409e+01, 3.62842346e+02, 5.58493118e+01,
    3.08553253e+02, 6.89810486e+01, 3.25901337e+02, 7.05922928e+01,
    3.43161285e+02, 7.21789856e+01, 3.60616669e+02, 7.37509766e+01,
    3.06540344e+02, 8.67199478e+01, 3.23731354e+02, 8.82879333e+01,
    3.40893860e+02, 8.98929062e+01, 3.58293091e+02, 9.15370255e+01,
    3.04529907e+02, 1.04192390e+02, 3.21437622e+02, 1.05844147e+02,
    3.38726929e+02, 1.07417252e+02, 3.55984100e+02, 1.09007042e+02,
    3.02368256e+02, 1.21576630e+02, 3.19303406e+02, 1.23212425e+02,
    3.36476746e+02, 1.24811287e+02, 3.53721771e+02, 1.26400757e+02 ]
