%YAML:1.0
---
points: [ 9.47415466e+01, 7.62136536e+01, 1.11077629e+02, 6.97596970e+01,
    1.26828842e+02, 6.37159195e+01, 1.42184021e+02, 5.75826988e+01,
    1.03215530e+02, 8.80429840e+01, 1.19624710e+02, 8.14273834e+01,
    1.35591949e+02, 7.52663345e+01, 1.50812515e+02, 6.88798904e+01,
    1.12054161e+02, 1.00447571e+02, 1.28550995e+02, 9.35853348e+01,
    1.44456070e+02, 8.70535965e+01, 1.59902618e+02, 8.06526489e+01,
    1.21162170e+02, 1.13211143e+02, 1.37814850e+02, 1.06045395e+02,
    1.53766556e+02, 9.92626648e+01, 1.69231461e+02, 9.25773010e+01,
    1.30682785e+02, 1.26160225e+02, 1.47213486e+02, 1.18790756e+02,
    1.63272430e+02, 1.11511551e+02, 1.78636642e+02, 1.04713501e+02,
    1.40336731e+02, 1.39532623e+02, 1.56978226e+02, 1.31881973e+02,
    1.73037567e+02, 1.24352852e+02, 1.88414124e+02, 1.17025620e+02 ]
