%YAML:1.0
---
points: [ 1.26538342e+03, 2.45058079e+01, 1.31733984e+03, 2.85107021e+01,
    1.37045068e+03, 3.26129761e+01, 1.42510974e+03, 3.63355522e+01,
    1.25478662e+03, 7.69933853e+01, 1.30650049e+03, 8.15507050e+01,
    1.35911072e+03, 8.62196884e+01, 1.41328577e+03, 9.05098190e+01,
    1.24433215e+03, 1.29021851e+02, 1.29557764e+03, 1.33981140e+02,
    1.34805090e+03, 1.39171753e+02, 1.40163135e+03, 1.44087952e+02,
    1.23406323e+03, 1.80462357e+02, 1.28495996e+03, 1.85934891e+02,
    1.33680164e+03, 1.91491745e+02, 1.39040552e+03, 1.97069977e+02,
    1.22382874e+03, 2.30986954e+02, 1.27440967e+03, 2.36878677e+02,
    1.32611450e+03, 2.42773331e+02, 1.37893652e+03, 2.48944458e+02,
    1.21368433e+03, 2.81081177e+02, 1.26379700e+03, 2.87332611e+02,
    1.31508484e+03, 2.93707397e+02, 1.36765393e+03, 3.00453186e+02 ]
