%YAML:1.0
---
points: [ 1.41646692e+03, 4.85761017e+02, 1.47866931e+03, 5.22396729e+02,
    1.54461511e+03, 5.61274231e+02, 1.61446948e+03, 6.02142212e+02,
    1.37454858e+03, 5.39609314e+02, 1.43545386e+03, 5.77619141e+02,
    1.49990881e+03, 6.18200317e+02, 1.56854712e+03, 6.60624146e+02,
    1.33301514e+03, 5.93052368e+02, 1.39254041e+03, 6.32535339e+02,
    1.45573669e+03, 6.74438293e+02, 1.52275867e+03, 7.18793945e+02,
    1.29193774e+03, 6.46203430e+02, 1.35033801e+03, 6.87231750e+02,
    1.41196228e+03, 7.30653259e+02, 1.47761731e+03, 7.76696533e+02,
    1.25126160e+03, 6.98988037e+02, 1.30830493e+03, 7.41434937e+02,
    1.36874731e+03, 7.86345093e+02, 1.43290918e+03, 8.33908386e+02,
    1.21068738e+03, 7.51583740e+02, 1.26642578e+03, 7.95370117e+02,
    1.32561084e+03, 8.41966187e+02, 1.38830798e+03, 8.91265381e+02 ]
