%YAML:1.0
---
points: [ 3.75219757e+02, 3.43921585e+01, 3.92928619e+02, 3.58555336e+01,
    4.10320984e+02, 3.75633659e+01, 4.28505951e+02, 3.91172447e+01,
    3.72176208e+02, 5.15761032e+01, 3.89634949e+02, 5.31659737e+01,
    4.07452271e+02, 5.49657059e+01, 4.25234528e+02, 5.66544838e+01,
    3.69095062e+02, 6.87461472e+01, 3.86451843e+02, 7.04020462e+01,
    4.04012115e+02, 7.23079910e+01, 4.22169922e+02, 7.40296097e+01,
    3.65801239e+02, 8.60531082e+01, 3.83137177e+02, 8.77584839e+01,
    4.00842438e+02, 8.96702957e+01, 4.18776550e+02, 9.17364502e+01,
    3.62483490e+02, 1.03067314e+02, 3.79780090e+02, 1.04953072e+02,
    3.97478027e+02, 1.06804565e+02, 4.15420288e+02, 1.08937485e+02,
    3.59233551e+02, 1.19933624e+02, 3.76365204e+02, 1.22019020e+02,
    3.93979675e+02, 1.24127289e+02, 4.11924042e+02, 1.26252014e+02 ]
