%YAML:1.0
---
points: [ 1.78408012e+01, 7.14699631e+01, 3.43727112e+01, 6.52041702e+01,
    4.94829254e+01, 5.97291985e+01, 6.43364029e+01, 5.41007805e+01,
    3.04573917e+01, 8.44466934e+01, 4.65222816e+01, 7.81211700e+01,
    6.19267273e+01, 7.22641602e+01, 7.63673477e+01, 6.65486603e+01,
    4.35038681e+01, 9.81661148e+01, 5.95581360e+01, 9.13936996e+01,
    7.45401382e+01, 8.51916275e+01, 8.88615723e+01, 7.92504272e+01,
    5.72733879e+01, 1.12034042e+02, 7.28841019e+01, 1.04746056e+02,
    8.77077942e+01, 9.83090973e+01, 1.01651093e+02, 9.20812988e+01,
    7.11808319e+01, 1.25904182e+02, 8.65978470e+01, 1.18403069e+02,
    1.00869095e+02, 1.11329292e+02, 1.14428520e+02, 1.04858124e+02,
    8.54509735e+01, 1.39898712e+02, 1.00307968e+02, 1.32028732e+02,
    1.14223610e+02, 1.24575371e+02, 1.27299576e+02, 1.17600342e+02 ]
