%YAML:1.0
---
points: [ 1.58924957e+02, 5.63327980e+01, 1.71797531e+02, 6.02186966e+01,
    1.85052170e+02, 6.41771622e+01, 1.98688095e+02, 6.80155334e+01,
    1.49466599e+02, 6.84296951e+01, 1.62327667e+02, 7.25448456e+01,
    1.75711243e+02, 7.68217316e+01, 1.89375671e+02, 8.10080872e+01,
    1.39847076e+02, 8.08700256e+01, 1.52801926e+02, 8.52322540e+01,
    1.66019211e+02, 8.97203293e+01, 1.79893692e+02, 9.44039841e+01,
    1.29813492e+02, 9.35203171e+01, 1.42833160e+02, 9.81789780e+01,
    1.56207916e+02, 1.03078667e+02, 1.70090134e+02, 1.08099060e+02,
    1.19701721e+02, 1.06535423e+02, 1.32626099e+02, 1.11439545e+02,
    1.46138794e+02, 1.16488548e+02, 1.60039124e+02, 1.21833649e+02,
    1.09223976e+02, 1.19903061e+02, 1.22186050e+02, 1.25066574e+02,
    1.35701218e+02, 1.30628036e+02, 1.49581818e+02, 1.36092484e+02 ]
