%YAML:1.0
---
points: [ 1.25543030e+03, 3.91669373e+02, 1.31673914e+03, 4.00041870e+02,
    1.38214783e+03, 4.08956573e+02, 1.45166199e+03, 4.18115387e+02,
    1.23692786e+03, 4.46670258e+02, 1.29834875e+03, 4.56955566e+02,
    1.36381567e+03, 4.68064087e+02, 1.43354749e+03, 4.79057709e+02,
    1.21824011e+03, 5.02875763e+02, 1.27964856e+03, 5.15184265e+02,
    1.34516357e+03, 5.28183350e+02, 1.41539319e+03, 5.41673950e+02,
    1.19929407e+03, 5.60321106e+02, 1.26066223e+03, 5.74451355e+02,
    1.32648035e+03, 5.89592834e+02, 1.39679529e+03, 6.05572083e+02,
    1.17992480e+03, 6.18731323e+02, 1.24162671e+03, 6.34817017e+02,
    1.30745691e+03, 6.52000610e+02, 1.37814404e+03, 6.70539917e+02,
    1.16030957e+03, 6.78575500e+02, 1.22195239e+03, 6.96883240e+02,
    1.28802075e+03, 7.16548645e+02, 1.35878418e+03, 7.37326965e+02 ]
