%YAML:1.0
---
points: [ 1.46836731e+03, 5.05457191e+01, 1.51317700e+03, 5.36132965e+01,
    1.55944897e+03, 5.66074486e+01, 1.60711829e+03, 5.97683334e+01,
    1.45673865e+03, 9.37053757e+01, 1.50135071e+03, 9.73086243e+01,
    1.54731543e+03, 1.01131989e+02, 1.59483411e+03, 1.04583504e+02,
    1.44541016e+03, 1.36366089e+02, 1.48966760e+03, 1.40493240e+02,
    1.53525452e+03, 1.44673416e+02, 1.58221899e+03, 1.49258575e+02,
    1.43415991e+03, 1.79277725e+02, 1.47803528e+03, 1.83297318e+02,
    1.52344177e+03, 1.88231812e+02, 1.56980151e+03, 1.93109192e+02,
    1.42295435e+03, 2.20335098e+02, 1.46658130e+03, 2.25469696e+02,
    1.51157593e+03, 2.30706543e+02, 1.55766431e+03, 2.36288834e+02,
    1.41181653e+03, 2.61535522e+02, 1.45498706e+03, 2.67195740e+02,
    1.49957703e+03, 2.73030792e+02, 1.54549316e+03, 2.79296417e+02 ]
