%YAML:1.0
---
points: [ 4.38685242e+02, 4.39713020e+01, 4.53373322e+02, 4.54723740e+01,
    4.67639679e+02, 4.72986336e+01, 4.82764252e+02, 4.87658501e+01,
    4.35876587e+02, 5.79150009e+01, 4.50168671e+02, 5.93984718e+01,
    4.65081085e+02, 6.10630035e+01, 4.79610657e+02, 6.30630302e+01,
    4.32599365e+02, 7.16711349e+01, 4.47236816e+02, 7.32754059e+01,
    4.61748169e+02, 7.51531143e+01, 4.76831207e+02, 7.69684296e+01,
    4.29213226e+02, 8.57353821e+01, 4.44002960e+02, 8.72460938e+01,
    4.58641998e+02, 8.91924286e+01, 4.73628998e+02, 9.12860413e+01,
    4.25972198e+02, 9.94618225e+01, 4.40441254e+02, 1.01208336e+02,
    4.55378113e+02, 1.03200630e+02, 4.70305328e+02, 1.05174622e+02,
    4.22593140e+02, 1.13220184e+02, 4.37035706e+02, 1.15185402e+02,
    4.51833618e+02, 1.17161957e+02, 4.67031281e+02, 1.19345337e+02 ]
