%YAML:1.0
---
points: [ 1.25867419e+03, 2.79726471e+02, 1.32042859e+03, 2.84761749e+02,
    1.38617822e+03, 2.90328583e+02, 1.45624609e+03, 2.95260254e+02,
    1.23975208e+03, 3.34401917e+02, 1.30175159e+03, 3.40891235e+02,
    1.36757581e+03, 3.48602661e+02, 1.43803711e+03, 3.55479553e+02,
    1.22093018e+03, 3.89831940e+02, 1.28277100e+03, 3.98443481e+02,
    1.34880139e+03, 4.07607910e+02, 1.41943274e+03, 4.17300995e+02,
    1.20165344e+03, 4.46312805e+02, 1.26361462e+03, 4.56855286e+02,
    1.32967627e+03, 4.68257690e+02, 1.40068188e+03, 4.80202240e+02,
    1.18198169e+03, 5.03805511e+02, 1.24403015e+03, 5.16617981e+02,
    1.31037207e+03, 5.29520264e+02, 1.38143970e+03, 5.43899597e+02,
    1.16209692e+03, 5.62765625e+02, 1.22406091e+03, 5.77318787e+02,
    1.29057336e+03, 5.92736084e+02, 1.36183838e+03, 6.09354126e+02 ]
