%YAML:1.0
---
points: [ 7.26109390e+01, 5.34282341e+01, 8.95385818e+01, 5.88277855e+01,
    1.06546555e+02, 6.42583771e+01, 1.23759476e+02, 6.96024017e+01,
    6.45415421e+01, 6.53215256e+01, 8.18277740e+01, 7.06207047e+01,
    9.94173203e+01, 7.63261261e+01, 1.16981544e+02, 8.17887039e+01,
    5.61789169e+01, 7.75623703e+01, 7.38829346e+01, 8.31478424e+01,
    9.18518066e+01, 8.87828598e+01, 1.09936378e+02, 9.45481796e+01,
    4.72673531e+01, 9.06597214e+01, 6.55280533e+01, 9.62415237e+01,
    8.40426178e+01, 1.02103142e+02, 1.02624947e+02, 1.08041603e+02,
    3.82857895e+01, 1.04231598e+02, 5.68395500e+01, 1.10033379e+02,
    7.59517899e+01, 1.15750443e+02, 9.49616470e+01, 1.21861397e+02,
    2.87143822e+01, 1.18678680e+02, 4.77438164e+01, 1.24430283e+02,
    6.72225494e+01, 1.30455917e+02, 8.68067703e+01, 1.36412201e+02 ]
