%YAML:1.0
---
points: [ 1.18407251e+03, 3.53133057e+02, 1.18878271e+03, 3.19297546e+02,
    1.19349036e+03, 2.86318817e+02, 1.19806970e+03, 2.53372101e+02,
    1.22364844e+03, 3.55154999e+02, 1.22827710e+03, 3.20849274e+02,
    1.23270532e+03, 2.87481079e+02, 1.23699951e+03, 2.54352570e+02,
    1.26447607e+03, 3.57111328e+02, 1.26861194e+03, 3.22609161e+02,
    1.27256726e+03, 2.88624908e+02, 1.27640649e+03, 2.55396927e+02,
    1.30676685e+03, 3.58660370e+02, 1.30994946e+03, 3.24059662e+02,
    1.31338330e+03, 2.89729675e+02, 1.31708130e+03, 2.56301605e+02,
    1.34876807e+03, 3.60677185e+02, 1.35206396e+03, 3.25476044e+02,
    1.35493542e+03, 2.90734558e+02, 1.35794495e+03, 2.56951172e+02,
    1.39220154e+03, 3.62519623e+02, 1.39512744e+03, 3.26993286e+02,
    1.39738220e+03, 2.92039368e+02, 1.40014478e+03, 2.57676636e+02 ]
