%YAML:1.0
---
points: [ 3.45547821e+02, 1.44551865e+02, 3.46958954e+02, 1.33051041e+02,
    3.48273712e+02, 1.21768417e+02, 3.49546783e+02, 1.10643593e+02,
    3.59232910e+02, 1.45051880e+02, 3.60480621e+02, 1.33534470e+02,
    3.61741180e+02, 1.22123009e+02, 3.62845276e+02, 1.10824707e+02,
    3.73253998e+02, 1.45655563e+02, 3.74334534e+02, 1.33865082e+02,
    3.75370911e+02, 1.22463547e+02, 3.76429352e+02, 1.11128693e+02,
    3.87687531e+02, 1.46198944e+02, 3.88595490e+02, 1.34233871e+02,
    3.89444672e+02, 1.22794319e+02, 3.90272125e+02, 1.11373177e+02,
    4.02145020e+02, 1.46644333e+02, 4.02897125e+02, 1.34732315e+02,
    4.03610016e+02, 1.22962288e+02, 4.04105743e+02, 1.11676109e+02,
    4.16960083e+02, 1.47291916e+02, 4.17567841e+02, 1.35148529e+02,
    4.17876282e+02, 1.23522095e+02, 4.18316162e+02, 1.11728371e+02 ]
