%YAML:1.0
---
points: [ 9.48474731e+02, 3.06533600e+02, 9.98808838e+02, 3.13984924e+02,
    1.05055481e+03, 3.22054138e+02, 1.10368823e+03, 3.29342407e+02,
    9.34016113e+02, 3.53171143e+02, 9.85186401e+02, 3.61406830e+02,
    1.03732812e+03, 3.70288635e+02, 1.09102490e+03, 3.78121490e+02,
    9.19455444e+02, 4.00856049e+02, 9.70844421e+02, 4.09842163e+02,
    1.02360699e+03, 4.19170349e+02, 1.07776392e+03, 4.28514221e+02,
    9.04363281e+02, 4.49774719e+02, 9.56455566e+02, 4.59754913e+02,
    1.00960913e+03, 4.69793579e+02, 1.06469092e+03, 4.79937805e+02,
    8.88897095e+02, 5.00252869e+02, 9.41609314e+02, 5.10665497e+02,
    9.95621033e+02, 5.21328125e+02, 1.05092700e+03, 5.32463928e+02,
    8.72941345e+02, 5.51743713e+02, 9.26228455e+02, 5.63242004e+02,
    9.80662292e+02, 5.74790283e+02, 1.03693408e+03, 5.86582397e+02 ]
