%YAML:1.0
---
points: [ 1.19212842e+03, 2.30251480e+02, 1.19728003e+03, 1.94092453e+02,
    1.20246643e+03, 1.58607437e+02, 1.20745178e+03, 1.22884232e+02,
    1.23330078e+03, 2.31720215e+02, 1.23822571e+03, 1.95326981e+02,
    1.24322278e+03, 1.59551437e+02, 1.24802588e+03, 1.23481781e+02,
    1.27513354e+03, 2.33443207e+02, 1.27987939e+03, 1.96478973e+02,
    1.28453503e+03, 1.60268616e+02, 1.28912439e+03, 1.24257683e+02,
    1.31881616e+03, 2.34269440e+02, 1.32257080e+03, 1.97361969e+02,
    1.32686157e+03, 1.60773499e+02, 1.33129236e+03, 1.24475800e+02,
    1.36189246e+03, 2.35729080e+02, 1.36576831e+03, 1.98325302e+02,
    1.36973047e+03, 1.61291046e+02, 1.37356750e+03, 1.24827042e+02,
    1.40646912e+03, 2.37238113e+02, 1.41025830e+03, 1.99308304e+02,
    1.41361536e+03, 1.62076462e+02, 1.41718164e+03, 1.25181107e+02 ]
