%YAML:1.0
---
points: [ 3.48303223e+02, 1.02778610e+02, 3.49706451e+02, 9.06659470e+01,
    3.51239258e+02, 7.86486282e+01, 3.52598145e+02, 6.67264404e+01,
    3.62366150e+02, 1.03279312e+02, 3.63778961e+02, 9.09832840e+01,
    3.65124084e+02, 7.88136444e+01, 3.66365540e+02, 6.68942337e+01,
    3.76724884e+02, 1.03708336e+02, 3.77929535e+02, 9.13705750e+01,
    3.79168976e+02, 7.91388626e+01, 3.80299530e+02, 6.71348801e+01,
    3.91357086e+02, 1.04180206e+02, 3.92477966e+02, 9.15366669e+01,
    3.93562805e+02, 7.94578781e+01, 3.94595001e+02, 6.72931671e+01,
    4.06110260e+02, 1.04581871e+02, 4.07105682e+02, 9.19193573e+01,
    4.07948181e+02, 7.95934448e+01, 4.08693420e+02, 6.76386337e+01,
    4.21153900e+02, 1.05044319e+02, 4.21882843e+02, 9.23316879e+01,
    4.22641815e+02, 7.99682465e+01, 4.23203217e+02, 6.77682419e+01 ]
