%YAML:1.0
---
points: [ 4.90179329e+01, 2.01595047e+02, 6.15820961e+01, 1.84268005e+02,
    7.48910980e+01, 1.68008255e+02, 8.79241180e+01, 1.52274460e+02,
    6.65179825e+01, 2.12625961e+02, 7.99170990e+01, 1.95515976e+02,
    9.30496674e+01, 1.79183121e+02, 1.05643509e+02, 1.63386398e+02,
    8.51194305e+01, 2.23862152e+02, 9.83805695e+01, 2.06665878e+02,
    1.11198769e+02, 1.90255692e+02, 1.23239777e+02, 1.74269226e+02,
    1.03930893e+02, 2.34996445e+02, 1.16815025e+02, 2.17781006e+02,
    1.29223602e+02, 2.01158020e+02, 1.41162582e+02, 1.85219620e+02,
    1.22502625e+02, 2.46122879e+02, 1.35006851e+02, 2.28718094e+02,
    1.47006393e+02, 2.11943649e+02, 1.58486481e+02, 1.95875320e+02,
    1.40829575e+02, 2.56987122e+02, 1.52961197e+02, 2.39507523e+02,
    1.64576370e+02, 2.22685913e+02, 1.75716507e+02, 2.06491913e+02 ]
