%YAML:1.0
---
points: [ 1.20192871e+03, 1.45179398e+02, 1.20697595e+03, 1.08235497e+02,
    1.21183350e+03, 7.18326263e+01, 1.21653772e+03, 3.54661064e+01,
    1.24472437e+03, 1.45452362e+02, 1.24950732e+03, 1.08257744e+02,
    1.25418311e+03, 7.16504822e+01, 1.25858569e+03, 3.50414505e+01,
    1.28852832e+03, 1.45771637e+02, 1.29276196e+03, 1.08289078e+02,
    1.29709839e+03, 7.13018799e+01, 1.30134241e+03, 3.46561775e+01,
    1.33364587e+03, 1.45575180e+02, 1.33746045e+03, 1.08028763e+02,
    1.34128345e+03, 7.07689362e+01, 1.34491943e+03, 3.40420799e+01,
    1.37900500e+03, 1.46022766e+02, 1.38231470e+03, 1.07807693e+02,
    1.38575964e+03, 7.01655731e+01, 1.38910107e+03, 3.34059372e+01,
    1.42548950e+03, 1.46213821e+02, 1.42853198e+03, 1.07610336e+02,
    1.43147351e+03, 6.97787476e+01, 1.43429114e+03, 3.24933891e+01 ]
