%YAML:1.0
---
points: [ 4.28099609e+02, 3.76027946e+01, 4.27694397e+02, 4.98993835e+01,
    4.27622314e+02, 6.21919136e+01, 4.26956085e+02, 7.47944412e+01,
    4.12974030e+02, 3.76930122e+01, 4.12918884e+02, 4.96538277e+01,
    4.12138550e+02, 6.20927620e+01, 4.11750519e+02, 7.45192032e+01,
    3.98805511e+02, 3.76385536e+01, 3.97860901e+02, 4.96986618e+01,
    3.97274536e+02, 6.17732124e+01, 3.96362366e+02, 7.44827423e+01,
    3.83896362e+02, 3.77574615e+01, 3.83230774e+02, 4.96791611e+01,
    3.82168579e+02, 6.18264694e+01, 3.81222076e+02, 7.44965286e+01,
    3.69859375e+02, 3.77505836e+01, 3.68627747e+02, 4.97735443e+01,
    3.67625305e+02, 6.18127136e+01, 3.66297302e+02, 7.43596268e+01,
    3.55503418e+02, 3.77775192e+01, 3.54400482e+02, 4.97838097e+01,
    3.53057526e+02, 6.18058510e+01, 3.51818329e+02, 7.42166519e+01 ]
