%YAML:1.0
---
points: [ 7.80713074e+02, 3.28430115e+02, 8.33874451e+02, 3.16108063e+02,
    8.87405762e+02, 3.03655457e+02, 9.40766541e+02, 2.90679871e+02,
    7.90538391e+02, 3.79052246e+02, 8.44362732e+02, 3.66653992e+02,
    8.98392273e+02, 3.54522705e+02, 9.52382507e+02, 3.41279785e+02,
    8.00559814e+02, 4.30738556e+02, 8.54798157e+02, 4.18509369e+02,
    9.09558594e+02, 4.06020447e+02, 9.64234558e+02, 3.93047852e+02,
    8.10748962e+02, 4.83516479e+02, 8.65776306e+02, 4.71244873e+02,
    9.21190796e+02, 4.58524719e+02, 9.76310913e+02, 4.45695740e+02,
    8.21254211e+02, 5.37678833e+02, 8.76846924e+02, 5.24827576e+02,
    9.32699463e+02, 5.12022827e+02, 9.88606140e+02, 4.98939972e+02,
    8.31716370e+02, 5.92760620e+02, 8.88148926e+02, 5.80119751e+02,
    9.44549927e+02, 5.66984253e+02, 1.00133417e+03, 5.53888184e+02 ]
