%YAML:1.0
---
points: [ 3.04734707e+01, 1.75880875e+02, 5.23442421e+01, 1.77057144e+02,
    7.33288422e+01, 1.77908737e+02, 9.36419449e+01, 1.78980255e+02,
    3.01382370e+01, 1.93735016e+02, 5.24516869e+01, 1.94145111e+02,
    7.38213120e+01, 1.94893723e+02, 9.45157013e+01, 1.95521179e+02,
    2.98460541e+01, 2.11934113e+02, 5.24038353e+01, 2.12280472e+02,
    7.44394836e+01, 2.12347672e+02, 9.53804703e+01, 2.12479294e+02,
    2.96294327e+01, 2.31322861e+02, 5.27406883e+01, 2.31030136e+02,
    7.51013031e+01, 2.30824036e+02, 9.64669952e+01, 2.30533020e+02,
    2.94760780e+01, 2.51133911e+02, 5.29676895e+01, 2.50645172e+02,
    7.57469864e+01, 2.49724228e+02, 9.75439148e+01, 2.48806900e+02,
    2.95031357e+01, 2.72028687e+02, 5.32615433e+01, 2.70793549e+02,
    7.64736557e+01, 2.69471375e+02, 9.85602951e+01, 2.68029449e+02 ]
