%YAML:1.0
---
points: [ 2.86033661e+02, 4.42116280e+01, 2.84061371e+02, 5.60461731e+01,
    2.82114197e+02, 6.81325302e+01, 2.80037720e+02, 8.03218994e+01,
    2.72876343e+02, 4.47556076e+01, 2.71027802e+02, 5.65136795e+01,
    2.68932007e+02, 6.84229507e+01, 2.66860992e+02, 8.05117416e+01,
    2.60330475e+02, 4.52082176e+01, 2.58181732e+02, 5.68683777e+01,
    2.56067230e+02, 6.86003799e+01, 2.53919083e+02, 8.06915436e+01,
    2.47670990e+02, 4.56986465e+01, 2.45569595e+02, 5.72874756e+01,
    2.43334030e+02, 6.89651642e+01, 2.41129364e+02, 8.08201599e+01,
    2.35553238e+02, 4.61659393e+01, 2.33235474e+02, 5.76189766e+01,
    2.31006790e+02, 6.91615982e+01, 2.28713486e+02, 8.08147888e+01,
    2.23286438e+02, 4.65631485e+01, 2.21264923e+02, 5.78343315e+01,
    2.18823349e+02, 6.93476410e+01, 2.16502884e+02, 8.08700714e+01 ]
