%YAML:1.0
---
points: [ 5.25476379e+02, 3.17615570e+02, 5.85086060e+02, 3.05511047e+02,
    6.43644775e+02, 2.93714478e+02, 7.01377625e+02, 2.81586823e+02,
    5.35931946e+02, 3.71802795e+02, 5.96193970e+02, 3.59590393e+02,
    6.55390198e+02, 3.47478668e+02, 7.13432007e+02, 3.34699219e+02,
    5.46897522e+02, 4.27557495e+02, 6.07509888e+02, 4.14501221e+02,
    6.67328186e+02, 4.01901886e+02, 7.26095398e+02, 3.88986023e+02,
    5.57902710e+02, 4.83754761e+02, 6.19206055e+02, 4.70542664e+02,
    6.79490662e+02, 4.57205109e+02, 7.38730408e+02, 4.44214508e+02,
    5.69075562e+02, 5.41507141e+02, 6.30993103e+02, 5.27373596e+02,
    6.91503967e+02, 5.13251648e+02, 7.51395752e+02, 4.99507294e+02,
    5.80291382e+02, 6.00347961e+02, 6.42667175e+02, 5.85597961e+02,
    7.03894165e+02, 5.70814575e+02, 7.64328186e+02, 5.56307739e+02 ]
