%YAML:1.0
---
points: [ 1.01074701e+03, 5.37651863e+01, 1.00443854e+03, 8.93749619e+01,
    9.97862366e+02, 1.25169136e+02, 9.91374573e+02, 1.61506714e+02,
    9.72760254e+02, 5.51717911e+01, 9.66125366e+02, 9.00123291e+01,
    9.59613586e+02, 1.25530563e+02, 9.52846069e+02, 1.61524109e+02,
    9.35815063e+02, 5.60771523e+01, 9.28861877e+02, 9.08623123e+01,
    9.22265198e+02, 1.25844803e+02, 9.16703369e+02, 1.61496750e+02,
    8.99272461e+02, 5.70486603e+01, 8.92245544e+02, 9.14954987e+01,
    8.85321899e+02, 1.26229507e+02, 8.78041077e+02, 1.61489334e+02,
    8.63356445e+02, 5.74582481e+01, 8.56374695e+02, 9.21203918e+01,
    8.49145447e+02, 1.26188728e+02, 8.41818237e+02, 1.61247406e+02,
    8.28063782e+02, 5.81860466e+01, 8.21180542e+02, 9.22707977e+01,
    8.13481201e+02, 1.26207756e+02, 8.06201477e+02, 1.60707443e+02 ]
