%YAML:1.0
---
points: [ 7.95488052e+01, 1.51081345e+02, 9.15346375e+01, 1.58293030e+02,
    1.04060249e+02, 1.65791031e+02, 1.16849495e+02, 1.73376511e+02,
    6.56740799e+01, 1.61520508e+02, 7.76915054e+01, 1.68991379e+02,
    9.01491089e+01, 1.76803741e+02, 1.03105614e+02, 1.84800125e+02,
    5.13170586e+01, 1.72297806e+02, 6.33009453e+01, 1.80227951e+02,
    7.57152634e+01, 1.88288422e+02, 8.85994568e+01, 1.96868469e+02,
    3.63015594e+01, 1.83826019e+02, 4.81393661e+01, 1.92081070e+02,
    6.05819893e+01, 2.00716812e+02, 7.35522232e+01, 2.09524475e+02,
    2.09722271e+01, 1.95557510e+02, 3.25939522e+01, 2.04453796e+02,
    4.47519569e+01, 2.13422836e+02, 5.75822220e+01, 2.22856003e+02,
    3.33800364e+00, 2.08080902e+02, 1.66203842e+01, 2.17346786e+02,
    2.84809628e+01, 2.26830231e+02, 4.11065979e+01, 2.36696381e+02 ]
