%YAML:1.0
---
points: [ 6.27845947e+02, 5.39648323e+01, 6.23434875e+02, 9.19567642e+01,
    6.18834290e+02, 1.30311523e+02, 6.14192383e+02, 1.69589737e+02,
    5.87385803e+02, 5.61941185e+01, 5.82434387e+02, 9.35600357e+01,
    5.77725281e+02, 1.32133606e+02, 5.72649963e+02, 1.70833893e+02,
    5.47706604e+02, 5.82247581e+01, 5.42470947e+02, 9.57078629e+01,
    5.37117310e+02, 1.33709183e+02, 5.32315430e+02, 1.72121887e+02,
    5.07668549e+02, 6.03473854e+01, 5.02229248e+02, 9.75033951e+01,
    4.96432220e+02, 1.35376740e+02, 4.90652039e+02, 1.73830368e+02,
    4.68342804e+02, 6.18225861e+01, 4.62687805e+02, 9.94023361e+01,
    4.56378632e+02, 1.36670547e+02, 4.50107788e+02, 1.75249481e+02,
    4.28942078e+02, 6.39047394e+01, 4.23305420e+02, 1.01084084e+02,
    4.16799438e+02, 1.38481689e+02, 4.10235596e+02, 1.76399841e+02 ]
