%YAML:1.0
---
points: [ 9.62564392e+01, 1.90592331e+02, 1.14613464e+02, 1.89622330e+02,
    1.32594406e+02, 1.88686279e+02, 1.50145569e+02, 1.87933563e+02,
    9.78973465e+01, 2.07685989e+02, 1.16184616e+02, 2.06599365e+02,
    1.33925644e+02, 2.05396988e+02, 1.51543396e+02, 2.04428177e+02,
    9.93862610e+01, 2.24463013e+02, 1.17574318e+02, 2.23252380e+02,
    1.35213943e+02, 2.21975220e+02, 1.52802414e+02, 2.20703323e+02,
    1.00884064e+02, 2.41324448e+02, 1.18961502e+02, 2.39925934e+02,
    1.36600433e+02, 2.38541702e+02, 1.53921799e+02, 2.37210587e+02,
    1.02384079e+02, 2.57949310e+02, 1.20299301e+02, 2.56235443e+02,
    1.37835480e+02, 2.54791504e+02, 1.55026566e+02, 2.53254654e+02,
    1.03833817e+02, 2.74359619e+02, 1.21559547e+02, 2.72684448e+02,
    1.39067474e+02, 2.70895813e+02, 1.56126022e+02, 2.69286987e+02 ]
