%YAML:1.0
---
points: [ 2.09469452e+02, 3.73505402e+02, 2.72525574e+02, 3.49491272e+02,
    3.32932617e+02, 3.26831573e+02, 3.90608246e+02, 3.04635101e+02,
    2.39278381e+02, 4.22151245e+02, 3.02317780e+02, 3.96932312e+02,
    3.62584656e+02, 3.73257874e+02, 4.20160187e+02, 3.49773682e+02,
    2.69635895e+02, 4.71601318e+02, 3.32545898e+02, 4.45040680e+02,
    3.92710449e+02, 4.19842529e+02, 4.50124573e+02, 3.95609253e+02,
    3.00790771e+02, 5.21468262e+02, 3.63609436e+02, 4.93650299e+02,
    4.23503418e+02, 4.67244934e+02, 4.80660339e+02, 4.41844879e+02,
    3.32541199e+02, 5.72203308e+02, 3.95017822e+02, 5.42564880e+02,
    4.54521179e+02, 5.14468323e+02, 5.11305206e+02, 4.87840637e+02,
    3.64518463e+02, 6.23378418e+02, 4.26654114e+02, 5.92376709e+02,
    4.85924408e+02, 5.62762390e+02, 5.42342529e+02, 5.34631775e+02 ]
