%YAML:1.0
---
points: [ 1.57925156e+02, 4.63015785e+01, 1.56510864e+02, 5.89159927e+01,
    1.55296768e+02, 7.17695312e+01, 1.53772522e+02, 8.48365707e+01,
    1.44173325e+02, 4.74814758e+01, 1.42851624e+02, 5.97477188e+01,
    1.41286163e+02, 7.26495514e+01, 1.39894028e+02, 8.56375580e+01,
    1.31150330e+02, 4.83266029e+01, 1.29302170e+02, 6.08277588e+01,
    1.27749077e+02, 7.33708878e+01, 1.26061195e+02, 8.64574509e+01,
    1.17682327e+02, 4.94251518e+01, 1.15999084e+02, 6.16713066e+01,
    1.14017632e+02, 7.43821030e+01, 1.12260063e+02, 8.71932144e+01,
    1.04774498e+02, 5.04291382e+01, 1.02852257e+02, 6.26829033e+01,
    1.00793953e+02, 7.51528778e+01, 9.87980804e+01, 8.78101730e+01,
    9.17988892e+01, 5.14941216e+01, 8.99687805e+01, 6.37368889e+01,
    8.77572098e+01, 7.59592972e+01, 8.55905380e+01, 8.87026291e+01 ]
