%YAML:1.0
---
points: [ 9.91769104e+01, 4.94364777e+01, 1.05789825e+02, 6.26681862e+01,
    1.12804688e+02, 7.60358658e+01, 1.19913750e+02, 8.96934280e+01,
    8.34585190e+01, 5.17574425e+01, 9.03755341e+01, 6.50515976e+01,
    9.73608093e+01, 7.87993393e+01, 1.04466576e+02, 9.25848160e+01,
    6.78209839e+01, 5.42108269e+01, 7.43634796e+01, 6.78052063e+01,
    8.12848434e+01, 8.16725082e+01, 8.83587418e+01, 9.59267807e+01,
    5.10157204e+01, 5.70980568e+01, 5.76777191e+01, 7.08129349e+01,
    6.43975220e+01, 8.50393066e+01, 7.16409988e+01, 9.95097351e+01,
    3.43789139e+01, 5.99314384e+01, 4.03395157e+01, 7.41177368e+01,
    4.70293198e+01, 8.83579559e+01, 5.41192398e+01, 1.03047638e+02,
    1.66663322e+01, 6.32200317e+01, 2.28789997e+01, 7.75643082e+01,
    2.91336555e+01, 9.20251160e+01, 3.60211868e+01, 1.07113701e+02 ]
