%YAML:1.0
---
points: [ 1.86893600e+02, 1.87941467e+02, 2.03605713e+02, 1.87328491e+02,
    2.19962189e+02, 1.86991211e+02, 2.36389267e+02, 1.86433197e+02,
    1.87692596e+02, 2.04258270e+02, 2.04346375e+02, 2.03764526e+02,
    2.20679153e+02, 2.03137955e+02, 2.36916794e+02, 2.02693130e+02,
    1.88371567e+02, 2.20324188e+02, 2.05024475e+02, 2.19728851e+02,
    2.21217239e+02, 2.19271683e+02, 2.37338531e+02, 2.18611191e+02,
    1.89248978e+02, 2.36453766e+02, 2.05543671e+02, 2.35884933e+02,
    2.21760040e+02, 2.35254120e+02, 2.37887299e+02, 2.34771011e+02,
    1.89924301e+02, 2.52430206e+02, 2.06251755e+02, 2.51760590e+02,
    2.22350479e+02, 2.51120895e+02, 2.38382919e+02, 2.50456116e+02,
    1.90461227e+02, 2.68246674e+02, 2.06679230e+02, 2.67459442e+02,
    2.22845535e+02, 2.66857178e+02, 2.38689545e+02, 2.66142731e+02 ]
