%YAML:1.0
---
points: [ 4.45308899e+02, 5.83918762e+01, 4.66436249e+02, 9.94058990e+01,
    4.87630951e+02, 1.40484222e+02, 5.09148010e+02, 1.81705978e+02,
    3.96557739e+02, 6.39574013e+01, 4.17994141e+02, 1.05398895e+02,
    4.39568329e+02, 1.47677979e+02, 4.61365387e+02, 1.89868027e+02,
    3.45797302e+02, 6.92646332e+01, 3.67457245e+02, 1.12392296e+02,
    3.89217865e+02, 1.55158890e+02, 4.11113129e+02, 1.98518417e+02,
    2.92186554e+02, 7.52981339e+01, 3.13862854e+02, 1.19239326e+02,
    3.35939575e+02, 1.63452011e+02, 3.58239990e+02, 2.07845215e+02,
    2.35745514e+02, 8.12482834e+01, 2.57767426e+02, 1.26706726e+02,
    2.80033722e+02, 1.71587097e+02, 3.02789978e+02, 2.17477524e+02,
    1.76476517e+02, 8.77347183e+01, 1.98880386e+02, 1.34411270e+02,
    2.21442978e+02, 1.80925919e+02, 2.44373581e+02, 2.27622604e+02 ]
