%YAML:1.0
---
points: [ 1.12912735e+02, 3.85897125e+02, 1.65401413e+02, 3.66224274e+02,
    2.14750427e+02, 3.47919617e+02, 2.61175659e+02, 3.30361206e+02,
    1.49567886e+02, 4.29355988e+02, 2.00679199e+02, 4.08300568e+02,
    2.48529236e+02, 3.88757751e+02, 2.94118073e+02, 3.70013428e+02,
    1.85911667e+02, 4.72172791e+02, 2.35628723e+02, 4.49687347e+02,
    2.82456909e+02, 4.28925873e+02, 3.26334076e+02, 4.09317749e+02,
    2.22435806e+02, 5.14484070e+02, 2.70591003e+02, 4.90536102e+02,
    3.16111084e+02, 4.68536041e+02, 3.58861420e+02, 4.48058411e+02,
    2.58322754e+02, 5.55479309e+02, 3.05177460e+02, 5.30636963e+02,
    3.49360748e+02, 5.07274292e+02, 3.90540741e+02, 4.85556549e+02,
    2.93861328e+02, 5.96343323e+02, 3.39513550e+02, 5.70272949e+02,
    3.82071564e+02, 5.45764771e+02, 4.22345825e+02, 5.22905823e+02 ]
