%YAML:1.0
---
points: [ 2.06486862e+02, 1.86310486e+02, 2.20573761e+02, 1.84960846e+02,
    2.34060684e+02, 1.83635620e+02, 2.46908752e+02, 1.82405716e+02,
    2.07605698e+02, 2.02033279e+02, 2.21611984e+02, 2.00334656e+02,
    2.34912506e+02, 1.98661697e+02, 2.47621338e+02, 1.97119583e+02,
    2.08605911e+02, 2.17552963e+02, 2.22550552e+02, 2.15460205e+02,
    2.35806915e+02, 2.13524475e+02, 2.48465912e+02, 2.11700638e+02,
    2.09816071e+02, 2.32977478e+02, 2.23560211e+02, 2.30580902e+02,
    2.36632004e+02, 2.28330673e+02, 2.49227921e+02, 2.26124710e+02,
    2.11008072e+02, 2.48251144e+02, 2.24456116e+02, 2.45430359e+02,
    2.37509430e+02, 2.42849655e+02, 2.49959686e+02, 2.40425919e+02,
    2.11956665e+02, 2.63349915e+02, 2.25440933e+02, 2.60235016e+02,
    2.38341934e+02, 2.57379883e+02, 2.50737305e+02, 2.54561188e+02 ]
