%YAML:1.0
---
points: [ 1.05660210e+02, 5.55208092e+01, 1.10447777e+02, 7.22492218e+01,
    1.15312248e+02, 8.85183563e+01, 1.20057518e+02, 1.04367195e+02,
    8.96214676e+01, 5.82794075e+01, 9.49482422e+01, 7.51438675e+01,
    9.99095383e+01, 9.16961517e+01, 1.05027954e+02, 1.07797302e+02,
    7.34959259e+01, 6.10692177e+01, 7.87537079e+01, 7.82801285e+01,
    8.40006943e+01, 9.50404587e+01, 8.94467239e+01, 1.11506752e+02,
    5.62697029e+01, 6.42537079e+01, 6.17894211e+01, 8.16738358e+01,
    6.73316956e+01, 9.87845154e+01, 7.30114212e+01, 1.15578796e+02,
    3.90211143e+01, 6.77723160e+01, 4.44356384e+01, 8.53623657e+01,
    5.01716080e+01, 1.02689934e+02, 5.60461388e+01, 1.19553795e+02,
    2.07809238e+01, 7.17165070e+01, 2.66817112e+01, 8.92975540e+01,
    3.25763893e+01, 1.06735474e+02, 3.85826836e+01, 1.24061905e+02 ]
