%YAML:1.0
---
points: [ 4.64371429e+02, 7.77229004e+01, 4.80348053e+02, 1.28810394e+02,
    4.95858551e+02, 1.78052521e+02, 5.11070068e+02, 2.25709702e+02,
    4.14499054e+02, 8.44722672e+01, 4.31743011e+02, 1.36360306e+02,
    4.48345795e+02, 1.86653809e+02, 4.64625397e+02, 2.35308746e+02,
    3.62719543e+02, 9.14353867e+01, 3.80970856e+02, 1.44532547e+02,
    3.98587280e+02, 1.95737564e+02, 4.15858093e+02, 2.45382324e+02,
    3.08200104e+02, 9.88428955e+01, 3.27494446e+02, 1.53157623e+02,
    3.46465454e+02, 2.05455383e+02, 3.64771545e+02, 2.55866043e+02,
    2.50940872e+02, 1.06794228e+02, 2.71607361e+02, 1.62154037e+02,
    2.91773468e+02, 2.15513046e+02, 3.11389984e+02, 2.66945770e+02,
    1.90747833e+02, 1.15160042e+02, 2.12820908e+02, 1.71574448e+02,
    2.34549530e+02, 2.26335983e+02, 2.55517380e+02, 2.78866211e+02 ]
