%YAML:1.0
---
points: [ 1.44642975e+02, 2.64503754e+02, 1.74869492e+02, 2.24131943e+02,
    2.03986099e+02, 1.85193588e+02, 2.32277405e+02, 1.47309967e+02,
    2.01559906e+02, 2.94377960e+02, 2.30050201e+02, 2.54243683e+02,
    2.57661865e+02, 2.15655136e+02, 2.84363892e+02, 1.77919601e+02,
    2.56435028e+02, 3.23021973e+02, 2.83507568e+02, 2.83414429e+02,
    3.09579590e+02, 2.44863953e+02, 3.34965088e+02, 2.07738678e+02,
    3.09738953e+02, 3.50574799e+02, 3.35349792e+02, 3.11008759e+02,
    3.59975952e+02, 2.73266052e+02, 3.83838989e+02, 2.36309372e+02,
    3.61042450e+02, 3.76953949e+02, 3.85209198e+02, 3.37770203e+02,
    4.08383545e+02, 3.00035980e+02, 4.30815704e+02, 2.63583374e+02,
    4.10479919e+02, 4.02420624e+02, 4.33273285e+02, 3.63563019e+02,
    4.55268951e+02, 3.26308319e+02, 4.76370209e+02, 2.89895416e+02 ]
