%YAML:1.0
---
points: [ 4.17120392e+02, 2.98452362e+02, 4.42630066e+02, 2.61051300e+02,
    4.67628113e+02, 2.24344574e+02, 4.92037048e+02, 1.87760223e+02,
    4.59752747e+02, 3.21040771e+02, 4.84662720e+02, 2.83626923e+02,
    5.09483612e+02, 2.46849548e+02, 5.33229980e+02, 2.10245636e+02,
    5.02161926e+02, 3.43493103e+02, 5.26753357e+02, 3.06160400e+02,
    5.50704529e+02, 2.69176056e+02, 5.74432556e+02, 2.32750336e+02,
    5.45343750e+02, 3.66198364e+02, 5.68504639e+02, 3.28268524e+02,
    5.92296265e+02, 2.91303986e+02, 6.15306091e+02, 2.54978394e+02,
    5.86486206e+02, 3.87717499e+02, 6.10049316e+02, 3.50326447e+02,
    6.32925598e+02, 3.12955994e+02, 6.55560486e+02, 2.76742981e+02,
    6.28123718e+02, 4.09699951e+02, 6.51062378e+02, 3.71994781e+02,
    6.73606079e+02, 3.34974396e+02, 6.95563354e+02, 2.98435913e+02 ]
