%YAML:1.0
---
points: [ 2.15612671e+02, 1.86282181e+02, 2.27237534e+02, 1.84591995e+02,
    2.38239304e+02, 1.83072205e+02, 2.48572723e+02, 1.81593369e+02,
    2.16714554e+02, 2.01962463e+02, 2.28380585e+02, 1.99906631e+02,
    2.39173706e+02, 1.97852661e+02, 2.49501740e+02, 1.96075775e+02,
    2.17835251e+02, 2.17512680e+02, 2.29346985e+02, 2.14880402e+02,
    2.40153610e+02, 2.12491714e+02, 2.50352859e+02, 2.10202515e+02,
    2.19087967e+02, 2.32785172e+02, 2.30436371e+02, 2.29831970e+02,
    2.41109360e+02, 2.27010086e+02, 2.51202484e+02, 2.24368774e+02,
    2.20343201e+02, 2.48178299e+02, 2.31422028e+02, 2.44571136e+02,
    2.42093460e+02, 2.41345322e+02, 2.52006088e+02, 2.38346115e+02,
    2.21423553e+02, 2.63073792e+02, 2.32446930e+02, 2.59261505e+02,
    2.42982040e+02, 2.55632309e+02, 2.52872955e+02, 2.52238464e+02 ]
