%YAML:1.0
---
points: [ 4.78119537e+02, 6.66992874e+01, 4.87184998e+02, 1.08884178e+02,
    4.95898834e+02, 1.50218109e+02, 5.04560883e+02, 1.90655762e+02,
    4.40176941e+02, 7.07342606e+01, 4.49212372e+02, 1.12611946e+02,
    4.58555664e+02, 1.53712509e+02, 4.67364777e+02, 1.93797501e+02,
    4.02468536e+02, 7.46708832e+01, 4.11885071e+02, 1.16374855e+02,
    4.21365265e+02, 1.57307404e+02, 4.31326843e+02, 1.97131409e+02,
    3.64606964e+02, 7.85307846e+01, 3.74464783e+02, 1.20097107e+02,
    3.84129120e+02, 1.60901154e+02, 3.93505463e+02, 2.00828079e+02,
    3.26763397e+02, 8.24732513e+01, 3.37347809e+02, 1.23893509e+02,
    3.47104309e+02, 1.64558334e+02, 3.56712769e+02, 2.04121826e+02,
    2.89424652e+02, 8.64956436e+01, 3.00336090e+02, 1.27740852e+02,
    3.10336395e+02, 1.68023285e+02, 3.20352020e+02, 2.07606812e+02 ]
