%YAML:1.0
---
points: [ 1.07036537e+02, 5.17821083e+01, 1.09645561e+02, 6.56717224e+01,
    1.12290977e+02, 7.92223511e+01, 1.15031281e+02, 9.26301498e+01,
    9.45040588e+01, 5.35849533e+01, 9.71943970e+01, 6.71943436e+01,
    9.99841537e+01, 8.07058563e+01, 1.02632820e+02, 9.39934235e+01,
    8.22863235e+01, 5.52890511e+01, 8.50009384e+01, 6.88633347e+01,
    8.76653290e+01, 8.21469421e+01, 9.05474625e+01, 9.55724106e+01,
    6.99749680e+01, 5.71149597e+01, 7.27743225e+01, 7.05924988e+01,
    7.55006561e+01, 8.38247299e+01, 7.83183746e+01, 9.69424057e+01,
    5.81996002e+01, 5.90874977e+01, 6.07645950e+01, 7.22333832e+01,
    6.35415382e+01, 8.53581467e+01, 6.63567429e+01, 9.83196030e+01,
    4.60318947e+01, 6.09669952e+01, 4.90919266e+01, 7.40010147e+01,
    5.17500076e+01, 8.68983154e+01, 5.46172180e+01, 9.99078140e+01 ]
