%YAML:1.0
---
points: [ 5.47054993e+02, 6.41918106e+01, 5.52883911e+02, 1.03771576e+02,
    5.58578125e+02, 1.42715652e+02, 5.64257935e+02, 1.81046005e+02,
    5.17595703e+02, 6.71971359e+01, 5.23263672e+02, 1.06388161e+02,
    5.29328979e+02, 1.44820602e+02, 5.34888367e+02, 1.82535217e+02,
    4.88881348e+02, 7.02590332e+01, 4.94830566e+02, 1.09029816e+02,
    5.00752686e+02, 1.46594315e+02, 5.07771545e+02, 1.84301483e+02,
    4.60302856e+02, 7.31785507e+01, 4.66484619e+02, 1.11506271e+02,
    4.72643799e+02, 1.49038544e+02, 4.78779083e+02, 1.85747009e+02,
    4.32209961e+02, 7.61050797e+01, 4.39077393e+02, 1.13815201e+02,
    4.44922546e+02, 1.50732117e+02, 4.51339539e+02, 1.87252899e+02,
    4.04790710e+02, 7.87313004e+01, 4.11919525e+02, 1.16194534e+02,
    4.18214600e+02, 1.52815475e+02, 4.24299866e+02, 1.88594040e+02 ]
