%YAML:1.0
---
points: [ 8.01054443e+02, 9.34470978e+01, 8.48371094e+02, 9.15861740e+01,
    8.95503479e+02, 8.96603012e+01, 9.42360229e+02, 8.72731476e+01,
    8.05148438e+02, 1.43372238e+02, 8.52166809e+02, 1.41200821e+02,
    8.98842590e+02, 1.39337952e+02, 9.45410034e+02, 1.36726044e+02,
    8.09059204e+02, 1.92422699e+02, 8.55702087e+02, 1.90443237e+02,
    9.02241455e+02, 1.88098557e+02, 9.48485596e+02, 1.85678894e+02,
    8.13096191e+02, 2.40786057e+02, 8.59589661e+02, 2.38742462e+02,
    9.05759460e+02, 2.36353882e+02, 9.51508606e+02, 2.34024780e+02,
    8.17314392e+02, 2.88540222e+02, 8.63418945e+02, 2.86269653e+02,
    9.09162842e+02, 2.83413635e+02, 9.54552795e+02, 2.80931549e+02,
    8.21235962e+02, 3.35527771e+02, 8.66818787e+02, 3.33117706e+02,
    9.12362915e+02, 3.30303894e+02, 9.57646851e+02, 3.27551544e+02 ]
