%YAML:1.0
---
points: [ 1.28792557e+02, 5.02405930e+01, 1.30508057e+02, 6.34387474e+01,
    1.32280075e+02, 7.63115158e+01, 1.34024384e+02, 8.89891205e+01,
    1.18894791e+02, 5.15406837e+01, 1.20587326e+02, 6.44945984e+01,
    1.22347000e+02, 7.71613541e+01, 1.24198799e+02, 8.97701950e+01,
    1.09300629e+02, 5.28821030e+01, 1.11040657e+02, 6.55109711e+01,
    1.12769798e+02, 7.80778961e+01, 1.14633293e+02, 9.05637054e+01,
    9.97640686e+01, 5.42323456e+01, 1.01622070e+02, 6.66858139e+01,
    1.03342628e+02, 7.89329147e+01, 1.05205849e+02, 9.12534561e+01,
    9.05354538e+01, 5.54726486e+01, 9.23524170e+01, 6.77295609e+01,
    9.41555557e+01, 7.99174118e+01, 9.59830017e+01, 9.18611298e+01,
    8.13591003e+01, 5.67330589e+01, 8.34361267e+01, 6.88164673e+01,
    8.52008591e+01, 8.06879501e+01, 8.71354294e+01, 9.27061996e+01 ]
