%YAML:1.0
---
points: [ 2.23161209e+02, 1.86263489e+02, 2.32939636e+02, 1.84390701e+02,
    2.42184418e+02, 1.82783096e+02, 2.50797546e+02, 1.81134018e+02,
    2.24197876e+02, 2.01880295e+02, 2.34072189e+02, 1.99646866e+02,
    2.43040909e+02, 1.97332230e+02, 2.51688293e+02, 1.95524994e+02,
    2.25252548e+02, 2.17329193e+02, 2.35011078e+02, 2.14469193e+02,
    2.43988739e+02, 2.11969162e+02, 2.52487595e+02, 2.09518112e+02,
    2.26473602e+02, 2.32607071e+02, 2.36098724e+02, 2.29327423e+02,
    2.44885193e+02, 2.26297501e+02, 2.53258698e+02, 2.23522446e+02,
    2.27745834e+02, 2.47832489e+02, 2.37082321e+02, 2.43899826e+02,
    2.45895828e+02, 2.40479111e+02, 2.54224701e+02, 2.37161667e+02,
    2.28802948e+02, 2.62672028e+02, 2.38092331e+02, 2.58430817e+02,
    2.46812454e+02, 2.54515335e+02, 2.55084579e+02, 2.50878281e+02 ]
