%YAML:1.0
---
points: [ 7.08453369e+02, 6.64163895e+01, 7.12149231e+02, 1.06457588e+02,
    7.15585632e+02, 1.45558105e+02, 7.18818481e+02, 1.84040131e+02,
    6.80886108e+02, 6.97046738e+01, 6.84490845e+02, 1.08752930e+02,
    6.88332520e+02, 1.47383392e+02, 6.91696960e+02, 1.85355408e+02,
    6.54230469e+02, 7.24671631e+01, 6.58242615e+02, 1.11529106e+02,
    6.61641907e+02, 1.49315903e+02, 6.66432251e+02, 1.86605225e+02,
    6.27835510e+02, 7.57089157e+01, 6.32046021e+02, 1.13694328e+02,
    6.35937439e+02, 1.51063583e+02, 6.39747253e+02, 1.87574936e+02,
    6.02011536e+02, 7.84650574e+01, 6.06775146e+02, 1.16046089e+02,
    6.10682617e+02, 1.52604752e+02, 6.14725464e+02, 1.88574371e+02,
    5.77232788e+02, 8.13261871e+01, 5.82004150e+02, 1.18200180e+02,
    5.86261230e+02, 1.54228607e+02, 5.90465881e+02, 1.89626648e+02 ]
