%YAML:1.0
---
points: [ 1.82819443e+02, 4.98591156e+01, 1.83852310e+02, 6.32292671e+01,
    1.85025650e+02, 7.62895737e+01, 1.86095459e+02, 8.92139511e+01,
    1.73268906e+02, 5.10994987e+01, 1.74382141e+02, 6.41604004e+01,
    1.75565536e+02, 7.70826263e+01, 1.76676682e+02, 8.96143723e+01,
    1.64174271e+02, 5.22294769e+01, 1.65372040e+02, 6.51554413e+01,
    1.66557724e+02, 7.77230225e+01, 1.67734787e+02, 9.03504868e+01,
    1.55108215e+02, 5.34511986e+01, 1.56394958e+02, 6.60775375e+01,
    1.57625046e+02, 7.86105499e+01, 1.58807236e+02, 9.07481079e+01,
    1.46307358e+02, 5.46065559e+01, 1.47725266e+02, 6.69951553e+01,
    1.48998840e+02, 7.92484818e+01, 1.50269287e+02, 9.12748260e+01,
    1.37831100e+02, 5.56883125e+01, 1.39323883e+02, 6.78413086e+01,
    1.40624786e+02, 7.98511734e+01, 1.41912064e+02, 9.17295456e+01 ]
