%YAML:1.0
---
points: [ 1.91335510e+02, 1.80854614e+02, 1.99361649e+02, 1.82741760e+02,
    2.07716599e+02, 1.84665588e+02, 2.16567368e+02, 1.86930817e+02,
    1.91140656e+02, 1.95169235e+02, 1.98775986e+02, 1.97369537e+02,
    2.07251633e+02, 1.99867111e+02, 2.15988297e+02, 2.02244720e+02,
    1.90614731e+02, 2.09046677e+02, 1.98498230e+02, 2.11808411e+02,
    2.06552307e+02, 2.14560089e+02, 2.15359299e+02, 2.17676041e+02,
    1.90239365e+02, 2.23123306e+02, 1.97937683e+02, 2.26044220e+02,
    2.06161789e+02, 2.29349884e+02, 2.14695068e+02, 2.32666992e+02,
    1.89562576e+02, 2.36629150e+02, 1.97434631e+02, 2.40099518e+02,
    2.05427719e+02, 2.43690735e+02, 2.13964798e+02, 2.47745087e+02,
    1.89097809e+02, 2.50289566e+02, 1.96729050e+02, 2.53885956e+02,
    2.04720230e+02, 2.57943817e+02, 2.13318237e+02, 2.62180420e+02 ]
