%YAML:1.0
---
points: [ 1.08375854e+03, 5.41682281e+01, 1.13668445e+03, 4.75572624e+01,
    1.19022522e+03, 4.10651627e+01, 1.24452515e+03, 3.40834274e+01,
    1.08679211e+03, 1.08902977e+02, 1.13931885e+03, 1.02815552e+02,
    1.19244116e+03, 9.68029404e+01, 1.24673682e+03, 9.01515579e+01,
    1.08990869e+03, 1.63290619e+02, 1.14195935e+03, 1.57526932e+02,
    1.19501782e+03, 1.51579620e+02, 1.24868823e+03, 1.45520325e+02,
    1.09292444e+03, 2.16793488e+02, 1.14467627e+03, 2.11533279e+02,
    1.19728223e+03, 2.05977127e+02, 1.25089709e+03, 2.00278473e+02,
    1.09596130e+03, 2.69570709e+02, 1.14758569e+03, 2.64478180e+02,
    1.19993225e+03, 2.59184479e+02, 1.25301611e+03, 2.53779907e+02,
    1.09893848e+03, 3.21478973e+02, 1.15014807e+03, 3.16768280e+02,
    1.20222327e+03, 3.11842194e+02, 1.25515491e+03, 3.06836823e+02 ]
