%YAML:1.0
---
points: [ 1.90383301e+02, 1.83006973e+02, 2.03424088e+02, 1.84121094e+02,
    2.16817017e+02, 1.85237534e+02, 2.30569122e+02, 1.86439651e+02,
    1.90363358e+02, 1.97846283e+02, 2.03227600e+02, 1.99118118e+02,
    2.16477844e+02, 2.00504578e+02, 2.30188751e+02, 2.01915848e+02,
    1.90148026e+02, 2.12369949e+02, 2.03074478e+02, 2.14028992e+02,
    2.16214462e+02, 2.15569382e+02, 2.29734177e+02, 2.17260468e+02,
    1.89936615e+02, 2.26935532e+02, 2.02658524e+02, 2.28719482e+02,
    2.15836319e+02, 2.30561813e+02, 2.29352982e+02, 2.32395782e+02,
    1.89614685e+02, 2.41312439e+02, 2.02461884e+02, 2.43214722e+02,
    2.15400970e+02, 2.45296448e+02, 2.28757477e+02, 2.47382629e+02,
    1.89364304e+02, 2.55544952e+02, 2.02083069e+02, 2.57565918e+02,
    2.14989731e+02, 2.59807648e+02, 2.28309769e+02, 2.62142853e+02 ]
