%YAML:1.0
---
points: [ 7.97588806e+02, 5.10659904e+01, 8.27788818e+02, 5.03143311e+01,
    8.58520142e+02, 4.96279945e+01, 8.89398743e+02, 4.82952232e+01,
    7.88647583e+02, 7.37502213e+01, 8.19366699e+02, 7.30958786e+01,
    8.50467712e+02, 7.26291351e+01, 8.81657104e+02, 7.14293518e+01,
    7.79720398e+02, 9.69147263e+01, 8.10526550e+02, 9.65351105e+01,
    8.41992493e+02, 9.62472000e+01, 8.73787781e+02, 9.55129471e+01,
    7.69600525e+02, 1.21230827e+02, 8.01887634e+02, 1.20446198e+02,
    8.33396057e+02, 1.20235252e+02, 8.65823914e+02, 1.20009811e+02,
    7.60939941e+02, 1.44891220e+02, 7.92657593e+02, 1.44942520e+02,
    8.24681641e+02, 1.44627792e+02, 8.57434631e+02, 1.44681946e+02,
    7.51158020e+02, 1.69736832e+02, 7.83159912e+02, 1.70098633e+02,
    8.15648499e+02, 1.70234436e+02, 8.48753357e+02, 1.70359863e+02 ]
