%YAML:1.0
---
points: [ 2.10942612e+02, 4.43549576e+01, 2.21559891e+02, 4.39168930e+01,
    2.31787994e+02, 4.35753403e+01, 2.42552963e+02, 4.28488579e+01,
    2.08359512e+02, 5.17725601e+01, 2.18707779e+02, 5.15276566e+01,
    2.29322403e+02, 5.11865768e+01, 2.40018051e+02, 5.06031151e+01,
    2.05404343e+02, 5.96994438e+01, 2.16120682e+02, 5.94384384e+01,
    2.26643677e+02, 5.90447617e+01, 2.37703842e+02, 5.86955566e+01,
    2.02476379e+02, 6.76414261e+01, 2.13163452e+02, 6.74398499e+01,
    2.24140289e+02, 6.72063065e+01, 2.35101059e+02, 6.69298859e+01,
    1.99598984e+02, 7.58140717e+01, 2.10443985e+02, 7.57123947e+01,
    2.21302063e+02, 7.55063858e+01, 2.32535645e+02, 7.53065948e+01,
    1.96544403e+02, 8.42265015e+01, 2.07417282e+02, 8.41840515e+01,
    2.18555634e+02, 8.40970764e+01, 2.29890366e+02, 8.39366531e+01 ]
