%YAML:1.0
---
points: [ 1.40745361e+03, 1.13277359e+02, 1.45568848e+03, 1.00481697e+02,
    1.50644971e+03, 8.72897186e+01, 1.55929675e+03, 7.33335495e+01,
    1.41042920e+03, 1.59286087e+02, 1.45859546e+03, 1.47654114e+02,
    1.50941907e+03, 1.35585358e+02, 1.56243066e+03, 1.23019699e+02,
    1.41328552e+03, 2.04944595e+02, 1.46150549e+03, 1.94574417e+02,
    1.51228894e+03, 1.83676392e+02, 1.56534924e+03, 1.72392365e+02,
    1.41617114e+03, 2.50511322e+02, 1.46446582e+03, 2.41235260e+02,
    1.51518628e+03, 2.31661102e+02, 1.56853162e+03, 2.21595093e+02,
    1.41885181e+03, 2.95779694e+02, 1.46733911e+03, 2.87443726e+02,
    1.51797290e+03, 2.78987061e+02, 1.57132886e+03, 2.70182251e+02,
    1.42184375e+03, 3.40501129e+02, 1.47012976e+03, 3.33673920e+02,
    1.52093823e+03, 3.26289825e+02, 1.57417847e+03, 3.18489136e+02 ]
