%YAML:1.0
---
points: [ 2.68460785e+02, 4.43357239e+01, 2.79692413e+02, 4.41203384e+01,
    2.90395935e+02, 4.38402939e+01, 3.01715607e+02, 4.34164352e+01,
    2.68709656e+02, 5.17388878e+01, 2.79704102e+02, 5.15283737e+01,
    2.90845398e+02, 5.13403091e+01, 3.01964417e+02, 5.07778816e+01,
    2.68630280e+02, 5.95712013e+01, 2.79877838e+02, 5.93028717e+01,
    2.91100250e+02, 5.89802704e+01, 3.02674622e+02, 5.86666260e+01,
    2.68665100e+02, 6.75201416e+01, 2.80052765e+02, 6.71749420e+01,
    2.91732635e+02, 6.69258804e+01, 3.03183655e+02, 6.66576004e+01,
    2.68827789e+02, 7.55776825e+01, 2.80454071e+02, 7.53330917e+01,
    2.91924713e+02, 7.49866638e+01, 3.03793243e+02, 7.47362900e+01,
    2.68789185e+02, 8.40083008e+01, 2.80657867e+02, 8.36953659e+01,
    2.92561218e+02, 8.35250473e+01, 3.04404755e+02, 8.31904678e+01 ]
