%YAML:1.0
---
points: [ 1.84755157e+02, 1.59958267e+02, 1.98843338e+02, 1.62272461e+02,
    2.13109528e+02, 1.64594208e+02, 2.27821686e+02, 1.66949524e+02,
    1.78030426e+02, 1.71587296e+02, 1.92214294e+02, 1.73963730e+02,
    2.06815308e+02, 1.76554123e+02, 2.21761108e+02, 1.79177277e+02,
    1.70894913e+02, 1.83570450e+02, 1.85529434e+02, 1.86252594e+02,
    2.00229477e+02, 1.88990967e+02, 2.15611435e+02, 1.91808533e+02,
    1.63430450e+02, 1.96312759e+02, 1.78160141e+02, 1.99303177e+02,
    1.93353104e+02, 2.02336365e+02, 2.08782135e+02, 2.05447464e+02,
    1.55401794e+02, 2.09478622e+02, 1.70530273e+02, 2.12786774e+02,
    1.85942459e+02, 2.16081955e+02, 2.01677246e+02, 2.19465607e+02,
    1.47052338e+02, 2.23554031e+02, 1.62342438e+02, 2.27154999e+02,
    1.78097610e+02, 2.30685898e+02, 1.94213837e+02, 2.34351288e+02 ]
