%YAML:1.0
---
points: [ 9.67333191e+02, 5.36617012e+01, 9.99657349e+02, 5.33044090e+01,
    1.03227417e+03, 5.29182091e+01, 1.06477893e+03, 5.16685486e+01,
    9.66629639e+02, 7.62340088e+01, 9.99578552e+02, 7.56609268e+01,
    1.03249719e+03, 7.54853592e+01, 1.06547339e+03, 7.43942490e+01,
    9.66121948e+02, 9.92100983e+01, 9.99430542e+02, 9.87720490e+01,
    1.03282458e+03, 9.83665695e+01, 1.06634241e+03, 9.76964340e+01,
    9.65351135e+02, 1.23564240e+02, 9.99526733e+02, 1.22533722e+02,
    1.03317786e+03, 1.22286255e+02, 1.06745593e+03, 1.21697540e+02,
    9.65177551e+02, 1.47134003e+02, 9.99426025e+02, 1.46698639e+02,
    1.03363538e+03, 1.46141632e+02, 1.06825671e+03, 1.45750626e+02,
    9.64510254e+02, 1.72009125e+02, 9.99348633e+02, 1.71629532e+02,
    1.03411780e+03, 1.71283295e+02, 1.06921094e+03, 1.70735214e+02 ]
