%YAML:1.0
---
points: [ 1.40543982e+03, 1.80843979e+02, 1.44513538e+03, 1.72593536e+02,
    1.48646484e+03, 1.64485748e+02, 1.52917944e+03, 1.55517868e+02,
    1.40737500e+03, 2.18317017e+02, 1.44743896e+03, 2.10733810e+02,
    1.48857800e+03, 2.03218063e+02, 1.53138831e+03, 1.95106186e+02,
    1.40948352e+03, 2.55540085e+02, 1.44938196e+03, 2.48794464e+02,
    1.49057080e+03, 2.41653641e+02, 1.53326831e+03, 2.34501038e+02,
    1.41178503e+03, 2.93356659e+02, 1.45140063e+03, 2.86496735e+02,
    1.49275635e+03, 2.80300659e+02, 1.53528857e+03, 2.73729004e+02,
    1.41364331e+03, 3.29338501e+02, 1.45356506e+03, 3.23782196e+02,
    1.49471106e+03, 3.18131134e+02, 1.53741113e+03, 3.12338135e+02,
    1.41587109e+03, 3.65810394e+02, 1.45550488e+03, 3.61032715e+02,
    1.49670459e+03, 3.56006836e+02, 1.53940771e+03, 3.50809845e+02 ]
