%YAML:1.0
---
points: [ 1.26621472e+03, 1.32484436e+02, 1.30335986e+03, 1.26107895e+02,
    1.34152075e+03, 1.19676094e+02, 1.38037793e+03, 1.13127106e+02,
    1.26805237e+03, 1.69224548e+02, 1.30528760e+03, 1.63304413e+02,
    1.34310144e+03, 1.57325180e+02, 1.38172046e+03, 1.50903275e+02,
    1.26978125e+03, 2.05578873e+02, 1.30681982e+03, 2.00195801e+02,
    1.34463049e+03, 1.94455307e+02, 1.38338855e+03, 1.88579422e+02,
    1.27166443e+03, 2.42487869e+02, 1.30844946e+03, 2.36679535e+02,
    1.34643091e+03, 2.31462601e+02, 1.38492041e+03, 2.26108551e+02,
    1.27353613e+03, 2.77503387e+02, 1.31036804e+03, 2.72627228e+02,
    1.34811377e+03, 2.67701599e+02, 1.38637708e+03, 2.62746582e+02,
    1.27527930e+03, 3.13100586e+02, 1.31199536e+03, 3.08598633e+02,
    1.34957654e+03, 3.04078613e+02, 1.38792175e+03, 2.99454681e+02 ]
