%YAML:1.0
---
points: [ 3.94966095e+02, 4.17959061e+01, 4.06656189e+02, 4.13998032e+01,
    4.17733978e+02, 4.13297691e+01, 4.29719818e+02, 4.06243477e+01,
    3.93458862e+02, 4.95048676e+01, 4.04634277e+02, 4.91257858e+01,
    4.16482086e+02, 4.90294495e+01, 4.28104736e+02, 4.86988297e+01,
    3.91340546e+02, 5.74842491e+01, 4.03144470e+02, 5.71349564e+01,
    4.14706512e+02, 5.70336952e+01, 4.26925385e+02, 5.68048058e+01,
    3.89361237e+02, 6.56058960e+01, 4.01169739e+02, 6.54735336e+01,
    4.13194244e+02, 6.52638702e+01, 4.25286011e+02, 6.52730942e+01,
    3.87344879e+02, 7.39169388e+01, 3.99339630e+02, 7.37687454e+01,
    4.11337311e+02, 7.37502289e+01, 4.23807556e+02, 7.36434021e+01,
    3.85299133e+02, 8.25354462e+01, 3.97170685e+02, 8.26344681e+01,
    4.09543427e+02, 8.25582886e+01, 4.22097748e+02, 8.26015167e+01 ]
