%YAML:1.0
---
points: [ 1.68249893e+02, 9.28996048e+01, 1.83171265e+02, 9.52944107e+01,
    1.98428055e+02, 9.78042831e+01, 2.13919769e+02, 1.00323647e+02,
    1.61765076e+02, 1.05509552e+02, 1.76856735e+02, 1.08067589e+02,
    1.92172150e+02, 1.10897842e+02, 2.07883179e+02, 1.13745544e+02,
    1.54961014e+02, 1.18498657e+02, 1.70331726e+02, 1.21347527e+02,
    1.85911469e+02, 1.24233574e+02, 2.01930847e+02, 1.27207535e+02,
    1.47904358e+02, 1.32088058e+02, 1.63552185e+02, 1.35188065e+02,
    1.79236343e+02, 1.38445175e+02, 1.95499802e+02, 1.41620544e+02,
    1.40444504e+02, 1.46002075e+02, 1.56287277e+02, 1.49398926e+02,
    1.72331619e+02, 1.52785645e+02, 1.88757782e+02, 1.56263855e+02,
    1.32674133e+02, 1.60578796e+02, 1.48742203e+02, 1.64231400e+02,
    1.65084625e+02, 1.67828522e+02, 1.81761734e+02, 1.71450546e+02 ]
