%YAML:1.0
---
points: [ 1.34441675e+03, 4.63784714e+01, 1.37836841e+03, 4.49392433e+01,
    1.41284717e+03, 4.35740242e+01, 1.44865674e+03, 4.13328705e+01,
    1.33760693e+03, 7.03184891e+01, 1.37174121e+03, 6.89807510e+01,
    1.40673486e+03, 6.78028946e+01, 1.44293823e+03, 6.60783157e+01,
    1.33082190e+03, 9.44404678e+01, 1.36521729e+03, 9.35134354e+01,
    1.40063208e+03, 9.25123062e+01, 1.43684692e+03, 9.14912720e+01,
    1.32277710e+03, 1.20377014e+02, 1.35865173e+03, 1.18612747e+02,
    1.39414978e+03, 1.17963348e+02, 1.43110266e+03, 1.17473816e+02,
    1.31661230e+03, 1.44437073e+02, 1.35159399e+03, 1.44147522e+02,
    1.38757715e+03, 1.43508469e+02, 1.42465149e+03, 1.43288925e+02,
    1.30921143e+03, 1.70189087e+02, 1.34448718e+03, 1.70112640e+02,
    1.38088379e+03, 1.70012924e+02, 1.41825452e+03, 1.69795395e+02 ]
