%YAML:1.0
---
points: [ 2.83487823e+02, 9.28084335e+01, 2.99212250e+02, 9.53791122e+01,
    3.15440125e+02, 9.78859100e+01, 3.32263855e+02, 1.00611359e+02,
    2.76975464e+02, 1.05849823e+02, 2.92776489e+02, 1.08592461e+02,
    3.09097717e+02, 1.11577400e+02, 3.26082092e+02, 1.14571434e+02,
    2.70314362e+02, 1.19194725e+02, 2.86206299e+02, 1.22324547e+02,
    3.02594727e+02, 1.25473083e+02, 3.19855011e+02, 1.28755142e+02,
    2.63407074e+02, 1.33030273e+02, 2.79406494e+02, 1.36514297e+02,
    2.95909332e+02, 1.40103470e+02, 3.13134735e+02, 1.43754959e+02,
    2.56201385e+02, 1.47095917e+02, 2.72281708e+02, 1.51069092e+02,
    2.88945129e+02, 1.54861023e+02, 3.06319580e+02, 1.58958054e+02,
    2.48807678e+02, 1.61705215e+02, 2.65055511e+02, 1.65921265e+02,
    2.81751495e+02, 1.70178879e+02, 2.99243042e+02, 1.74556046e+02 ]
