%YAML:1.0
---
points: [ 1.39388647e+03, 4.37202492e+01, 1.42563672e+03, 4.17052307e+01,
    1.45841455e+03, 4.01967583e+01, 1.49256677e+03, 3.76457558e+01,
    1.37938269e+03, 6.81889496e+01, 1.41087329e+03, 6.67356186e+01,
    1.44360815e+03, 6.56218338e+01, 1.47780261e+03, 6.35910606e+01,
    1.36457080e+03, 9.29638977e+01, 1.39593286e+03, 9.21605072e+01,
    1.42861890e+03, 9.13981171e+01, 1.46282678e+03, 9.02337799e+01,
    1.34813379e+03, 1.19152214e+02, 1.38112170e+03, 1.17695038e+02,
    1.41331616e+03, 1.17545464e+02, 1.44769104e+03, 1.17250511e+02,
    1.33427576e+03, 1.43551788e+02, 1.36555017e+03, 1.43637543e+02,
    1.39816418e+03, 1.43567032e+02, 1.43230981e+03, 1.43747910e+02,
    1.31866016e+03, 1.69208176e+02, 1.34990930e+03, 1.69761978e+02,
    1.38242578e+03, 1.70470276e+02, 1.41643103e+03, 1.71060440e+02 ]
