%YAML:1.0
---
points: [ 4.11449829e+02, 4.10881348e+01, 4.22178131e+02, 4.07843094e+01,
    4.32576202e+02, 4.06011810e+01, 4.44029907e+02, 3.99983902e+01,
    4.07427460e+02, 4.87196693e+01, 4.17560547e+02, 4.87825584e+01,
    4.28729736e+02, 4.85346336e+01, 4.39598450e+02, 4.83578377e+01,
    4.02567352e+02, 5.70112495e+01, 4.13333099e+02, 5.68595657e+01,
    4.24005951e+02, 5.67480545e+01, 4.35668793e+02, 5.66821747e+01,
    3.98025787e+02, 6.50881577e+01, 4.08636200e+02, 6.52018890e+01,
    4.19705475e+02, 6.53142776e+01, 4.30972412e+02, 6.53374939e+01,
    3.93144104e+02, 7.36758957e+01, 4.04139313e+02, 7.36847229e+01,
    4.15035034e+02, 7.36812057e+01, 4.26514252e+02, 7.39501953e+01,
    3.88394806e+02, 8.21351852e+01, 3.98906525e+02, 8.25429916e+01,
    4.10154266e+02, 8.26605148e+01, 4.21734039e+02, 8.28869553e+01 ]
