%YAML:1.0
---
points: [ 1.13358496e+03, 1.37371063e+02, 1.16903357e+03, 1.31825775e+02,
    1.20538586e+03, 1.26309219e+02, 1.24198279e+03, 1.20355049e+02,
    1.13579358e+03, 1.73654175e+02, 1.17103870e+03, 1.68602661e+02,
    1.20714551e+03, 1.63469376e+02, 1.24369763e+03, 1.57812592e+02,
    1.13793787e+03, 2.09788742e+02, 1.17305884e+03, 2.04987854e+02,
    1.20898999e+03, 2.00090286e+02, 1.24546667e+03, 1.94857910e+02,
    1.14009021e+03, 2.46526596e+02, 1.17520007e+03, 2.40921066e+02,
    1.21107849e+03, 2.36366028e+02, 1.24746960e+03, 2.31718094e+02,
    1.14236951e+03, 2.80972107e+02, 1.17714905e+03, 2.76606873e+02,
    1.21271985e+03, 2.72196960e+02, 1.24912219e+03, 2.67609131e+02,
    1.14424756e+03, 3.15912781e+02, 1.17930688e+03, 3.12025604e+02,
    1.21472180e+03, 3.07874176e+02, 1.25080066e+03, 3.03645111e+02 ]
