%YAML:1.0
---
points: [ 1.22392627e+03, 4.13591499e+01, 1.25968982e+03, 4.09605446e+01,
    1.29735693e+03, 4.05319557e+01, 1.33677380e+03, 4.04306107e+01,
    1.22508691e+03, 8.60024719e+01, 1.26012170e+03, 8.67762604e+01,
    1.29712097e+03, 8.74183731e+01, 1.33571118e+03, 8.84567337e+01,
    1.22632654e+03, 1.28730606e+02, 1.26060413e+03, 1.30477676e+02,
    1.29670984e+03, 1.32519287e+02, 1.33482568e+03, 1.34411194e+02,
    1.22756104e+03, 1.70437912e+02, 1.26074182e+03, 1.72568298e+02,
    1.29653894e+03, 1.75675430e+02, 1.33366760e+03, 1.78592712e+02,
    1.22798816e+03, 2.09530884e+02, 1.26125134e+03, 2.13176392e+02,
    1.29580664e+03, 2.16996231e+02, 1.33271802e+03, 2.20624542e+02,
    1.22891223e+03, 2.47531555e+02, 1.26133875e+03, 2.51864639e+02,
    1.29558752e+03, 2.56511475e+02, 1.33150415e+03, 2.61473389e+02 ]
