%YAML:1.0
---
points: [ 3.58540192e+02, 3.97024536e+01, 3.70868622e+02, 3.97056389e+01,
    3.83753448e+02, 3.96718102e+01, 3.97367432e+02, 3.96087799e+01,
    3.58922607e+02, 5.45091972e+01, 3.70950714e+02, 5.47489700e+01,
    3.83920074e+02, 5.50723038e+01, 3.97026581e+02, 5.55842743e+01,
    3.59337311e+02, 6.86430054e+01, 3.71334381e+02, 6.93345947e+01,
    3.83786713e+02, 6.99272842e+01, 3.96963257e+02, 7.07256546e+01,
    3.59625885e+02, 8.25801468e+01, 3.71485901e+02, 8.34457016e+01,
    3.83762970e+02, 8.44278183e+01, 3.96780243e+02, 8.54797287e+01,
    3.59823639e+02, 9.57670517e+01, 3.71578857e+02, 9.70390244e+01,
    3.83650146e+02, 9.82304611e+01, 3.96346954e+02, 9.94773026e+01,
    3.59993744e+02, 1.08628784e+02, 3.71582336e+02, 1.10065964e+02,
    3.83437958e+02, 1.11583542e+02, 3.95826355e+02, 1.13165359e+02 ]
