%YAML:1.0
---
points: [ 2.84244141e+02, 8.62496338e+01, 3.00244415e+02, 8.65953522e+01,
    3.16906128e+02, 8.68536224e+01, 3.34276520e+02, 8.72168350e+01,
    2.78006287e+02, 9.57526474e+01, 2.94259888e+02, 9.62546082e+01,
    3.11263245e+02, 9.68285446e+01, 3.28996552e+02, 9.73302155e+01,
    2.71444092e+02, 1.05517059e+02, 2.88241608e+02, 1.06159698e+02,
    3.05292694e+02, 1.07123581e+02, 3.23629089e+02, 1.07767807e+02,
    2.64518433e+02, 1.16230255e+02, 2.81439911e+02, 1.17249008e+02,
    2.99082031e+02, 1.18396172e+02, 3.17502838e+02, 1.19400620e+02,
    2.57132874e+02, 1.27135033e+02, 2.74381348e+02, 1.28667618e+02,
    2.92354706e+02, 1.29934402e+02, 3.11214417e+02, 1.31412613e+02,
    2.49285492e+02, 1.38815552e+02, 2.66892059e+02, 1.40640228e+02,
    2.85248077e+02, 1.42318161e+02, 3.04491089e+02, 1.44065536e+02 ]
