%YAML:1.0
---
points: [ 8.33802673e+02, 1.51279205e+02, 8.66729858e+02, 1.52104401e+02,
    8.98977539e+02, 1.52884781e+02, 9.30902649e+02, 1.53387527e+02,
    8.36166565e+02, 1.86511444e+02, 8.68629150e+02, 1.86966492e+02,
    9.00741638e+02, 1.87411423e+02, 9.32372253e+02, 1.87608521e+02,
    8.38217957e+02, 2.21259903e+02, 8.70417847e+02, 2.21456467e+02,
    9.02311401e+02, 2.21517899e+02, 9.33629578e+02, 2.21610428e+02,
    8.40177551e+02, 2.56512665e+02, 8.72465515e+02, 2.55503296e+02,
    9.03884888e+02, 2.55375656e+02, 9.35367859e+02, 2.55212250e+02,
    8.42527893e+02, 2.89520264e+02, 8.74489868e+02, 2.88914459e+02,
    9.05933289e+02, 2.88382263e+02, 9.36881531e+02, 2.87807892e+02,
    8.44394470e+02, 3.23115814e+02, 8.76331604e+02, 3.22329346e+02,
    9.07480896e+02, 3.21444000e+02, 9.38403809e+02, 3.20467957e+02 ]
