%YAML:1.0
---
points: [ 9.65055298e+02, 4.79975891e+01, 9.96845215e+02, 4.89078140e+01,
    1.02973389e+03, 4.98983650e+01, 1.06406348e+03, 5.10877151e+01,
    9.69299316e+02, 9.04297180e+01, 1.00045844e+03, 9.22250443e+01,
    1.03291309e+03, 9.39108505e+01, 1.06630151e+03, 9.60571747e+01,
    9.73325317e+02, 1.30786499e+02, 1.00377759e+03, 1.33574158e+02,
    1.03552283e+03, 1.36160034e+02, 1.06870398e+03, 1.38989670e+02,
    9.77298584e+02, 1.70503754e+02, 1.00699139e+03, 1.73282806e+02,
    1.03837805e+03, 1.76630005e+02, 1.07054443e+03, 1.80159454e+02,
    9.80476379e+02, 2.07683380e+02, 1.01024683e+03, 2.11487061e+02,
    1.04049548e+03, 2.15378799e+02, 1.07267041e+03, 2.19247910e+02,
    9.84182068e+02, 2.43744797e+02, 1.01280945e+03, 2.47968124e+02,
    1.04307861e+03, 2.52477921e+02, 1.07419177e+03, 2.57139221e+02 ]
