%YAML:1.0
---
points: [ 2.70271332e+02, 4.23635559e+01, 2.81453430e+02, 4.26225281e+01,
    2.92779663e+02, 4.28253860e+01, 3.04825836e+02, 4.31161079e+01,
    2.71656128e+02, 5.65737991e+01, 2.82408051e+02, 5.69985733e+01,
    2.93802155e+02, 5.74702377e+01, 3.05423035e+02, 5.80743828e+01,
    2.72774750e+02, 7.01144867e+01, 2.83529694e+02, 7.08325958e+01,
    2.94564880e+02, 7.16138535e+01, 3.06058350e+02, 7.25191803e+01,
    2.73798157e+02, 8.33762131e+01, 2.84514282e+02, 8.43005066e+01,
    2.95241974e+02, 8.52522964e+01, 3.06759918e+02, 8.62788010e+01,
    2.74892365e+02, 9.59472046e+01, 2.85294800e+02, 9.71515350e+01,
    2.95886627e+02, 9.83255768e+01, 3.07072723e+02, 9.95934219e+01,
    2.75996277e+02, 1.08114006e+02, 2.86104645e+02, 1.09512451e+02,
    2.96608429e+02, 1.10899445e+02, 3.07586700e+02, 1.12317780e+02 ]
