%YAML:1.0
---
points: [ 5.80133850e+02, 1.41932846e+02, 6.15510620e+02, 1.40796494e+02,
    6.50602600e+02, 1.39778168e+02, 6.85495117e+02, 1.38544632e+02,
    5.84320374e+02, 1.77813202e+02, 6.19434692e+02, 1.76601242e+02,
    6.54526733e+02, 1.75529221e+02, 6.89263794e+02, 1.74106583e+02,
    5.88364990e+02, 2.13423767e+02, 6.23463745e+02, 2.12199219e+02,
    6.58487793e+02, 2.10795700e+02, 6.92709290e+02, 2.09368286e+02,
    5.92518677e+02, 2.49640701e+02, 6.27573181e+02, 2.47163757e+02,
    6.62286255e+02, 2.45653992e+02, 6.96695190e+02, 2.44416656e+02,
    5.96618408e+02, 2.83447327e+02, 6.31630188e+02, 2.81852051e+02,
    6.65872681e+02, 2.80227386e+02, 7.00411499e+02, 2.78475922e+02,
    6.00747498e+02, 3.17960175e+02, 6.35361084e+02, 3.16238464e+02,
    6.69692566e+02, 3.14383942e+02, 7.03747070e+02, 3.12587830e+02 ]
