%YAML:1.0
---
points: [ 2.84573242e+02, 8.95770950e+01, 3.00854401e+02, 8.79932022e+01,
    3.17805542e+02, 8.61214142e+01, 3.35440125e+02, 8.42450943e+01,
    2.79942810e+02, 9.92854691e+01, 2.96581146e+02, 9.75435104e+01,
    3.13810638e+02, 9.62502060e+01, 3.32013000e+02, 9.42226257e+01,
    2.74894196e+02, 1.09199699e+02, 2.92158447e+02, 1.07690269e+02,
    3.09691711e+02, 1.06283485e+02, 3.28525330e+02, 1.04614494e+02,
    2.69641144e+02, 1.20087051e+02, 2.87124847e+02, 1.18904625e+02,
    3.05322510e+02, 1.17702469e+02, 3.24333008e+02, 1.16418739e+02,
    2.64017242e+02, 1.31224228e+02, 2.81915649e+02, 1.30458847e+02,
    3.00491852e+02, 1.29414810e+02, 3.20092957e+02, 1.28451584e+02,
    2.58011871e+02, 1.43334946e+02, 2.76359344e+02, 1.42754929e+02,
    2.95450653e+02, 1.42103378e+02, 3.15465149e+02, 1.41235764e+02 ]
