%YAML:1.0
---
points: [ 2.93525909e+02, 4.16975288e+01, 3.05971100e+02, 4.04525185e+01,
    3.18229431e+02, 3.92145844e+01, 3.30558990e+02, 3.79647179e+01,
    2.93242645e+02, 5.66516228e+01, 3.05577667e+02, 5.52034492e+01,
    3.17565735e+02, 5.38293800e+01, 3.29494324e+02, 5.25129509e+01,
    2.92797485e+02, 7.11146088e+01, 3.04886353e+02, 6.95603333e+01,
    3.16756439e+02, 6.80655975e+01, 3.28448151e+02, 6.65524902e+01,
    2.92592285e+02, 8.51017227e+01, 3.04662018e+02, 8.33468628e+01,
    3.15950104e+02, 8.17373886e+01, 3.27570923e+02, 8.00744400e+01,
    2.92624054e+02, 9.84272614e+01, 3.03997925e+02, 9.67091751e+01,
    3.15560120e+02, 9.48979111e+01, 3.26665039e+02, 9.31445007e+01,
    2.92177948e+02, 1.11394196e+02, 3.03630463e+02, 1.09548256e+02,
    3.14782410e+02, 1.07599144e+02, 3.25847748e+02, 1.05704346e+02 ]
