%YAML:1.0
---
points: [ 3.83919098e+02, 8.88582535e+01, 4.01929474e+02, 8.73789825e+01,
    4.20630981e+02, 8.58449173e+01, 4.40485565e+02, 8.43897552e+01,
    3.78506226e+02, 9.86864700e+01, 3.96898926e+02, 9.71680679e+01,
    4.16273468e+02, 9.58785782e+01, 4.36357147e+02, 9.47022781e+01,
    3.72868652e+02, 1.08595772e+02, 3.91844788e+02, 1.07354446e+02,
    4.11256226e+02, 1.06528709e+02, 4.32329773e+02, 1.05320221e+02,
    3.66805908e+02, 1.19562164e+02, 3.85899414e+02, 1.18778358e+02,
    4.06127106e+02, 1.18043701e+02, 4.27425537e+02, 1.17339569e+02,
    3.60394989e+02, 1.30715958e+02, 3.79858337e+02, 1.30564789e+02,
    4.00523499e+02, 1.29983246e+02, 4.22501648e+02, 1.29572586e+02,
    3.53595398e+02, 1.42800583e+02, 3.73323730e+02, 1.42937912e+02,
    3.94533356e+02, 1.42701416e+02, 4.17062561e+02, 1.42650360e+02 ]
