%YAML:1.0
---
points: [ 1.03129834e+03, 4.63880081e+01, 1.06888110e+03, 4.31079788e+01,
    1.10567139e+03, 3.96473694e+01, 1.14217004e+03, 3.62505493e+01,
    1.03087549e+03, 9.14438858e+01, 1.06766333e+03, 8.74982834e+01,
    1.10349402e+03, 8.36184769e+01, 1.13927246e+03, 8.01388474e+01,
    1.03030701e+03, 1.34519730e+02, 1.06629272e+03, 1.30197815e+02,
    1.10172815e+03, 1.25969818e+02, 1.13650378e+03, 1.21972023e+02,
    1.03039038e+03, 1.76322327e+02, 1.06529321e+03, 1.71401550e+02,
    1.10022485e+03, 1.66676086e+02, 1.13379224e+03, 1.62249847e+02,
    1.02987268e+03, 2.15728394e+02, 1.06460889e+03, 2.10574615e+02,
    1.09861096e+03, 2.05806564e+02, 1.13182581e+03, 2.00729889e+02,
    1.02963013e+03, 2.53837219e+02, 1.06375220e+03, 2.48631882e+02,
    1.09681470e+03, 2.43367188e+02, 1.12963403e+03, 2.38344574e+02 ]
