%YAML:1.0
---
points: [ 3.30731567e+02, 1.40146057e+02, 3.65403778e+02, 1.37712769e+02,
    4.00193085e+02, 1.35323288e+02, 4.34398834e+02, 1.32986267e+02,
    3.35721954e+02, 1.75908157e+02, 3.70394012e+02, 1.73486267e+02,
    4.05033997e+02, 1.71312454e+02, 4.39287445e+02, 1.68857132e+02,
    3.40673584e+02, 2.11519501e+02, 3.75239990e+02, 2.09106018e+02,
    4.09631653e+02, 2.06914581e+02, 4.44157501e+02, 2.04472382e+02,
    3.45810486e+02, 2.47602142e+02, 3.80269409e+02, 2.44413834e+02,
    4.14546204e+02, 2.42229172e+02, 4.49041382e+02, 2.39929199e+02,
    3.50551056e+02, 2.81669373e+02, 3.85196930e+02, 2.79329163e+02,
    4.19196167e+02, 2.76905212e+02, 4.53681549e+02, 2.74612701e+02,
    3.55574951e+02, 3.16402618e+02, 3.89808411e+02, 3.13924347e+02,
    4.23935120e+02, 3.11595123e+02, 4.58333344e+02, 3.09267426e+02 ]
