%YAML:1.0
---
points: [ 3.89911377e+02, 6.18247757e+01, 3.92520905e+02, 7.20178223e+01,
    3.95396057e+02, 8.28352737e+01, 3.98253601e+02, 9.40937271e+01,
    3.72509186e+02, 6.49214478e+01, 3.74726349e+02, 7.50445328e+01,
    3.76860413e+02, 8.59550858e+01, 3.79233734e+02, 9.71805496e+01,
    3.55687775e+02, 6.80182266e+01, 3.57264282e+02, 7.82076492e+01,
    3.58926819e+02, 8.89371643e+01, 3.60660706e+02, 1.00153587e+02,
    3.38854767e+02, 7.10695114e+01, 3.40013336e+02, 8.12919617e+01,
    3.41166077e+02, 9.21253815e+01, 3.42350739e+02, 1.03417137e+02,
    3.22565582e+02, 7.39929047e+01, 3.23138947e+02, 8.43233185e+01,
    3.23867676e+02, 9.50677261e+01, 3.24623291e+02, 1.06294777e+02,
    3.06333099e+02, 7.68803406e+01, 3.06731537e+02, 8.73850021e+01,
    3.06890106e+02, 9.79849701e+01, 3.07204315e+02, 1.09215591e+02 ]
