%YAML:1.0
---
points: [ 1.07124622e+03, 4.18377190e+01, 1.09628259e+03, 3.83589363e+01,
    1.12015222e+03, 3.46623268e+01, 1.14353735e+03, 3.13262672e+01,
    1.06946851e+03, 8.72520828e+01, 1.09394507e+03, 8.25134430e+01,
    1.11733105e+03, 7.78916779e+01, 1.14037659e+03, 7.37422485e+01,
    1.06769714e+03, 1.30655487e+02, 1.09159460e+03, 1.25255661e+02,
    1.11490320e+03, 1.19769600e+02, 1.13723877e+03, 1.14568047e+02,
    1.06627197e+03, 1.72933289e+02, 1.08981079e+03, 1.66387253e+02,
    1.11243774e+03, 1.60260406e+02, 1.13408948e+03, 1.54439545e+02,
    1.06488391e+03, 2.13255249e+02, 1.08787085e+03, 2.05825974e+02,
    1.11058752e+03, 1.98774536e+02, 1.13166541e+03, 1.92053085e+02,
    1.06346362e+03, 2.51804733e+02, 1.08631335e+03, 2.43948593e+02,
    1.10814758e+03, 2.36371704e+02, 1.12933398e+03, 2.28937653e+02 ]
