%YAML:1.0
---
points: [ 7.76971741e+01, 1.48305115e+02, 1.11373566e+02, 1.46109558e+02,
    1.45039337e+02, 1.44033310e+02, 1.78236908e+02, 1.41559097e+02,
    8.27716904e+01, 1.83026367e+02, 1.16537880e+02, 1.80924240e+02,
    1.50057587e+02, 1.78646667e+02, 1.83318222e+02, 1.76511063e+02,
    8.82876053e+01, 2.17641983e+02, 1.21705956e+02, 2.15489059e+02,
    1.55135040e+02, 2.13327713e+02, 1.88374680e+02, 2.11323715e+02,
    9.33437500e+01, 2.52714951e+02, 1.26788246e+02, 2.49844070e+02,
    1.60187164e+02, 2.47627014e+02, 1.93548355e+02, 2.45541473e+02,
    9.84431229e+01, 2.86165314e+02, 1.31844330e+02, 2.83663452e+02,
    1.64841782e+02, 2.81658875e+02, 1.98303299e+02, 2.79498627e+02,
    1.03500191e+02, 3.19651886e+02, 1.36722549e+02, 3.17778564e+02,
    1.70043503e+02, 3.15459442e+02, 2.02982040e+02, 3.13257385e+02 ]
