%YAML:1.0
---
points: [ 3.06973053e+02, 4.00609207e+01, 3.14945343e+02, 3.87811356e+01,
    3.22735413e+02, 3.76141243e+01, 3.30475311e+02, 3.63841705e+01,
    3.06338593e+02, 5.51114426e+01, 3.14107391e+02, 5.35568733e+01,
    3.21869659e+02, 5.19432869e+01, 3.29220032e+02, 5.05067482e+01,
    3.05617462e+02, 6.97334824e+01, 3.13431396e+02, 6.77351456e+01,
    3.20922699e+02, 6.58959732e+01, 3.28121582e+02, 6.41354675e+01,
    3.04815582e+02, 8.39042892e+01, 3.12742706e+02, 8.16671829e+01,
    3.19844971e+02, 7.95368347e+01, 3.27279541e+02, 7.74050140e+01,
    3.04388641e+02, 9.76693802e+01, 3.11867004e+02, 9.50219421e+01,
    3.19432770e+02, 9.24612732e+01, 3.25998138e+02, 9.01803131e+01,
    3.03722778e+02, 1.10579758e+02, 3.11202362e+02, 1.07884003e+02,
    3.22195160e+02, 1.03760887e+02, 3.25739685e+02, 1.02434296e+02 ]
