%YAML:1.0
---
points: [ 3.32661957e+02, 6.28151474e+01, 3.41785217e+02, 4.99789200e+01,
    3.51171539e+02, 3.72072830e+01, 3.60239685e+02, 2.39472027e+01,
    3.40672546e+02, 6.79186859e+01, 3.50227417e+02, 5.49937515e+01,
    3.59859833e+02, 4.17878876e+01, 3.69462372e+02, 2.84962521e+01,
    3.49170746e+02, 7.33867416e+01, 3.59031097e+02, 6.00859871e+01,
    3.69130310e+02, 4.67125092e+01, 3.79135803e+02, 3.28595505e+01,
    3.58149719e+02, 7.90744934e+01, 3.68357056e+02, 6.53449402e+01,
    3.78777985e+02, 5.17164116e+01, 3.89504211e+02, 3.77617340e+01,
    3.67605438e+02, 8.50159836e+01, 3.78314575e+02, 7.11439285e+01,
    3.89129211e+02, 5.71117020e+01, 4.00031616e+02, 4.27072716e+01,
    3.77563263e+02, 9.13996124e+01, 3.88690521e+02, 7.72567215e+01,
    4.00010040e+02, 6.27842255e+01, 4.11483459e+02, 4.81701813e+01 ]
