%YAML:1.0
---
points: [ 6.06698120e+02, 2.59367447e+01, 6.44505066e+02, 2.29109859e+01,
    6.80444092e+02, 1.98718071e+01, 7.14971558e+02, 1.71783485e+01,
    6.14080811e+02, 7.51812363e+01, 6.51075012e+02, 7.07756958e+01,
    6.85823730e+02, 6.65996857e+01, 7.19653809e+02, 6.26317215e+01,
    6.21472412e+02, 1.22241150e+02, 6.57340454e+02, 1.16742729e+02,
    6.91464783e+02, 1.11692490e+02, 7.24010254e+02, 1.06737282e+02,
    6.28601868e+02, 1.67413544e+02, 6.63585754e+02, 1.61129578e+02,
    6.96909668e+02, 1.54874451e+02, 7.28524170e+02, 1.49296539e+02,
    6.35654480e+02, 2.11070145e+02, 6.69683533e+02, 2.03443298e+02,
    7.02510498e+02, 1.96540207e+02, 7.33367920e+02, 1.89492020e+02,
    6.42353210e+02, 2.52539597e+02, 6.75658997e+02, 2.44470535e+02,
    7.07449402e+02, 2.36418259e+02, 7.37981384e+02, 2.28856461e+02 ]
