%YAML:1.0
---
points: [ 1.99790085e+02, 2.93119141e+02, 2.35164444e+02, 3.04789307e+02,
    2.69499695e+02, 3.16280182e+02, 3.02608398e+02, 3.27147949e+02,
    1.90778915e+02, 3.22666595e+02, 2.26626022e+02, 3.33848053e+02,
    2.61047577e+02, 3.44705811e+02, 2.94688507e+02, 3.55249573e+02,
    1.81875015e+02, 3.52397491e+02, 2.17762741e+02, 3.63168396e+02,
    2.52828552e+02, 3.73504547e+02, 2.86492218e+02, 3.83357483e+02,
    1.72486511e+02, 3.83564209e+02, 2.09409851e+02, 3.92770416e+02,
    2.44359726e+02, 4.02622711e+02, 2.78548920e+02, 4.12185608e+02,
    1.64184937e+02, 4.12878296e+02, 2.00661545e+02, 4.22539490e+02,
    2.36240326e+02, 4.31606720e+02, 2.70438934e+02, 4.40431824e+02,
    1.55112579e+02, 4.43509399e+02, 1.91960587e+02, 4.52505096e+02,
    2.27735275e+02, 4.61042755e+02, 2.62387909e+02, 4.69558685e+02 ]
