%YAML:1.0
---
points: [ 1.51707565e+02, 3.71870689e+01, 1.63927658e+02, 3.58328171e+01,
    1.75392166e+02, 3.47466850e+01, 1.86732635e+02, 3.35113678e+01,
    1.53829254e+02, 5.32848206e+01, 1.65682343e+02, 5.17065849e+01,
    1.77084564e+02, 5.00269012e+01, 1.87922409e+02, 4.85987053e+01,
    1.55836609e+02, 6.90362015e+01, 1.67571014e+02, 6.69440536e+01,
    1.78633972e+02, 6.50419540e+01, 1.89252853e+02, 6.31518745e+01,
    1.57965469e+02, 8.41602097e+01, 1.69489304e+02, 8.18225555e+01,
    1.80179260e+02, 7.95531921e+01, 1.90610718e+02, 7.74418411e+01,
    1.60226746e+02, 9.86710434e+01, 1.71209579e+02, 9.59931488e+01,
    1.81898209e+02, 9.34920578e+01, 1.91860962e+02, 9.09326782e+01,
    1.62179443e+02, 1.12693474e+02, 1.73066528e+02, 1.09722275e+02,
    1.83341736e+02, 1.06930328e+02, 1.93312500e+02, 1.04231094e+02 ]
