%YAML:1.0
---
points: [ 7.66328491e+02, 5.19848289e+01, 7.95587341e+02, 7.71322632e+01,
    8.24126465e+02, 1.01558983e+02, 8.51766846e+02, 1.24856529e+02,
    7.50351379e+02, 7.99038696e+01, 7.80250854e+02, 1.04966904e+02,
    8.08952515e+02, 1.29132919e+02, 8.37355713e+02, 1.52335632e+02,
    7.34090942e+02, 1.08597794e+02, 7.64415405e+02, 1.33282303e+02,
    7.93965027e+02, 1.57262329e+02, 8.22504517e+02, 1.80212692e+02,
    7.16915222e+02, 1.39000214e+02, 7.48693420e+02, 1.62234329e+02,
    7.78556580e+02, 1.85736649e+02, 8.07753967e+02, 2.08649887e+02,
    7.00993958e+02, 1.67297684e+02, 7.32581421e+02, 1.91286957e+02,
    7.63245422e+02, 2.14521835e+02, 7.92638672e+02, 2.36998260e+02,
    6.83814331e+02, 1.97175140e+02, 7.16201111e+02, 2.21073242e+02,
    7.47276245e+02, 2.43880356e+02, 7.77597717e+02, 2.66094696e+02 ]
