%YAML:1.0
---
points: [ 2.01921021e+02, 4.46293907e+01, 2.11658142e+02, 5.29069443e+01,
    2.21100037e+02, 6.09400444e+01, 2.30312347e+02, 6.86331787e+01,
    1.96732193e+02, 5.40847359e+01, 2.06605408e+02, 6.23176079e+01,
    2.16196548e+02, 7.02810059e+01, 2.25581909e+02, 7.79244003e+01,
    1.91392441e+02, 6.37060852e+01, 2.01535309e+02, 7.18903809e+01,
    2.11212570e+02, 7.97560120e+01, 2.20785980e+02, 8.73584213e+01,
    1.85997482e+02, 7.35890961e+01, 1.96353821e+02, 8.16891403e+01,
    2.06201324e+02, 8.94493637e+01, 2.15939117e+02, 9.70707932e+01,
    1.80597595e+02, 8.36157761e+01, 1.91137115e+02, 9.15672150e+01,
    2.01246490e+02, 9.92400742e+01, 2.11027069e+02, 1.06719856e+02,
    1.75070160e+02, 9.37575684e+01, 1.85756470e+02, 1.01677872e+02,
    1.96079346e+02, 1.09276924e+02, 2.06088654e+02, 1.16655914e+02 ]
