%YAML:1.0
---
points: [ 4.84369965e+02, 3.05516205e+02, 5.13692993e+02, 3.16199585e+02,
    5.42558533e+02, 3.26630920e+02, 5.70411072e+02, 3.36576843e+02,
    4.76781067e+02, 3.33227325e+02, 5.06713959e+02, 3.43476440e+02,
    5.35511780e+02, 3.53494202e+02, 5.63845032e+02, 3.63017151e+02,
    4.69565979e+02, 3.61042480e+02, 4.99510040e+02, 3.70887360e+02,
    5.28639954e+02, 3.80414612e+02, 5.56837097e+02, 3.89519409e+02,
    4.61707886e+02, 3.89809662e+02, 4.92559082e+02, 3.98596100e+02,
    5.21614502e+02, 4.07626038e+02, 5.50237122e+02, 4.16458099e+02,
    4.54657227e+02, 4.17406433e+02, 4.85356598e+02, 4.26367188e+02,
    5.14951477e+02, 4.34760193e+02, 5.43433655e+02, 4.43240204e+02,
    4.47261749e+02, 4.45773376e+02, 4.77974548e+02, 4.54361481e+02,
    5.07759888e+02, 4.62273102e+02, 5.36718628e+02, 4.70293549e+02 ]
