%YAML:1.0
---
points: [ 2.27946426e+02, 6.38559265e+01, 2.34246506e+02, 5.01675415e+01,
    2.40743286e+02, 3.66525269e+01, 2.46821869e+02, 2.30329475e+01,
    2.42306122e+02, 6.95356598e+01, 2.48643738e+02, 5.56854095e+01,
    2.54916550e+02, 4.20366287e+01, 2.61262115e+02, 2.84795990e+01,
    2.56743866e+02, 7.52631912e+01, 2.63095337e+02, 6.12765465e+01,
    2.69437958e+02, 4.76147842e+01, 2.75502563e+02, 3.38107414e+01,
    2.71399078e+02, 8.10119247e+01, 2.77714752e+02, 6.68227310e+01,
    2.84010956e+02, 5.29978218e+01, 2.90297150e+02, 3.92550735e+01,
    2.86122864e+02, 8.66387405e+01, 2.92426117e+02, 7.25291519e+01,
    2.98695892e+02, 5.84171753e+01, 3.04688660e+02, 4.46703415e+01,
    3.00976532e+02, 9.23997192e+01, 3.07235992e+02, 7.81629791e+01,
    3.13408295e+02, 6.40927048e+01, 3.19602997e+02, 5.00376129e+01 ]
