%YAML:1.0
---
points: [ 7.70341248e+02, 3.18357330e+02, 7.93271973e+02, 3.28095490e+02,
    8.15683777e+02, 3.37475433e+02, 8.37540405e+02, 3.46580017e+02,
    7.64453857e+02, 3.44143524e+02, 7.87527405e+02, 3.53409668e+02,
    8.09898071e+02, 3.62470184e+02, 8.32249634e+02, 3.71291351e+02,
    7.58547058e+02, 3.70021088e+02, 7.81698181e+02, 3.78823792e+02,
    8.04524231e+02, 3.87599274e+02, 8.26472961e+02, 3.95910004e+02,
    7.52415588e+02, 3.96464020e+02, 7.76203308e+02, 4.04640625e+02,
    7.98772522e+02, 4.12817902e+02, 8.21079407e+02, 4.20866852e+02,
    7.46825317e+02, 4.22332062e+02, 7.70428955e+02, 4.30304443e+02,
    7.93423340e+02, 4.38172058e+02, 8.15558594e+02, 4.45658203e+02,
    7.40682739e+02, 4.48593201e+02, 7.64678589e+02, 4.56259369e+02,
    7.87606384e+02, 4.63661194e+02, 8.10315430e+02, 4.70775055e+02 ]
