%YAML:1.0
---
points: [ 4.47940407e+01, 4.65269699e+01, 5.86767235e+01, 4.68374672e+01,
    7.20585251e+01, 4.71456909e+01, 8.57142334e+01, 4.76936798e+01,
    4.62767715e+01, 5.98097267e+01, 5.94756165e+01, 5.99030991e+01,
    7.32179184e+01, 6.02893829e+01, 8.64514465e+01, 6.06975479e+01,
    4.73353691e+01, 7.26794205e+01, 6.09506836e+01, 7.28248825e+01,
    7.42348557e+01, 7.29971924e+01, 8.75301590e+01, 7.34505615e+01,
    4.86629601e+01, 8.54520798e+01, 6.22749062e+01, 8.54266357e+01,
    7.53200684e+01, 8.57056961e+01, 8.85529785e+01, 8.59176941e+01,
    5.02929039e+01, 9.76716080e+01, 6.34829178e+01, 9.77312317e+01,
    7.65585022e+01, 9.78004303e+01, 8.95367126e+01, 9.79339676e+01,
    5.17928352e+01, 1.09851715e+02, 6.48350754e+01, 1.09725410e+02,
    7.77936401e+01, 1.09666138e+02, 9.05314636e+01, 1.09678467e+02 ]
