%YAML:1.0
---
points: [ 2.82742065e+02, 4.11625557e+01, 3.27527466e+02, 4.45587196e+01,
    3.71096710e+02, 4.79779739e+01, 4.13599854e+02, 5.14123611e+01,
    2.89231232e+02, 8.28650284e+01, 3.33158752e+02, 8.58544998e+01,
    3.75890137e+02, 8.86686020e+01, 4.17974243e+02, 9.17147903e+01,
    2.95509247e+02, 1.23432274e+02, 3.38631866e+02, 1.25685501e+02,
    3.80839233e+02, 1.28297287e+02, 4.22224121e+02, 1.30513672e+02,
    3.01885071e+02, 1.63620285e+02, 3.44020294e+02, 1.64666382e+02,
    3.85736084e+02, 1.66432693e+02, 4.26290985e+02, 1.68441833e+02,
    3.07613342e+02, 2.00748581e+02, 3.49579529e+02, 2.02017700e+02,
    3.90453644e+02, 2.03286438e+02, 4.30287415e+02, 2.04531281e+02,
    3.13510956e+02, 2.37376846e+02, 3.54658936e+02, 2.38262177e+02,
    3.95133148e+02, 2.39251221e+02, 4.34231323e+02, 2.40020401e+02 ]
