%YAML:1.0
---
points: [ 4.88309746e+01, 6.82490921e+01, 5.58779068e+01, 5.28065643e+01,
    6.30099525e+01, 3.83718643e+01, 6.95527267e+01, 2.33882504e+01,
    6.54918747e+01, 7.33772507e+01, 7.23381729e+01, 5.82278557e+01,
    7.90795975e+01, 4.31729317e+01, 8.58698578e+01, 2.87675018e+01,
    8.23857727e+01, 7.90281754e+01, 8.90772171e+01, 6.35503426e+01,
    9.56689758e+01, 4.86077156e+01, 1.02038307e+02, 3.37320518e+01,
    9.97427750e+01, 8.46589432e+01, 1.06127777e+02, 6.91483154e+01,
    1.12355858e+02, 5.40567360e+01, 1.18691383e+02, 3.92267189e+01,
    1.16937561e+02, 9.03945389e+01, 1.23136192e+02, 7.48830566e+01,
    1.29207840e+02, 5.95901604e+01, 1.35117554e+02, 4.47081032e+01,
    1.34185837e+02, 9.61918945e+01, 1.40155167e+02, 8.06637650e+01,
    1.45975662e+02, 6.53600388e+01, 1.51823639e+02, 5.02850380e+01 ]
