%YAML:1.0
---
points: [ 5.21117020e+01, 2.83778015e+02, 6.53173828e+01, 2.84930817e+02,
    7.84115295e+01, 2.86056274e+02, 9.11944427e+01, 2.87112946e+02,
    5.00614548e+01, 2.96299408e+02, 6.32099113e+01, 2.97291138e+02,
    7.63404617e+01, 2.98258423e+02, 8.92219925e+01, 2.99108185e+02,
    4.81239738e+01, 3.08577942e+02, 6.12738419e+01, 3.09512512e+02,
    7.43250122e+01, 3.10419678e+02, 8.72347946e+01, 3.11340881e+02,
    4.60844917e+01, 3.20966095e+02, 5.95572853e+01, 3.21862305e+02,
    7.23350754e+01, 3.22755768e+02, 8.53555450e+01, 3.23474731e+02,
    4.46449127e+01, 3.33182098e+02, 5.76058540e+01, 3.34059387e+02,
    7.06340561e+01, 3.34871124e+02, 8.34458237e+01, 3.35374908e+02,
    4.27724915e+01, 3.45585999e+02, 5.59955025e+01, 3.46195618e+02,
    6.87980881e+01, 3.46910522e+02, 8.17251282e+01, 3.47651245e+02 ]
