%YAML:1.0
---
points: [ 3.11263153e+02, 7.56747070e+02, 3.52388184e+02, 7.60289917e+02,
    3.92786804e+02, 7.63477783e+02, 4.32365234e+02, 7.66565491e+02,
    3.03651764e+02, 7.93779358e+02, 3.45194824e+02, 7.96801392e+02,
    3.85796143e+02, 7.99555969e+02, 4.25480621e+02, 8.02462524e+02,
    2.96553345e+02, 8.31274048e+02, 3.38155640e+02, 8.33948669e+02,
    3.78782501e+02, 8.36159912e+02, 4.18543579e+02, 8.38287048e+02,
    2.89004242e+02, 8.70077026e+02, 3.30804657e+02, 8.71042114e+02,
    3.71852905e+02, 8.72873718e+02, 4.11808655e+02, 8.74891479e+02,
    2.81862854e+02, 9.06774475e+02, 3.23802216e+02, 9.08223206e+02,
    3.64899017e+02, 9.09705017e+02, 4.04990540e+02, 9.11031372e+02,
    2.74983368e+02, 9.44610535e+02, 3.16938629e+02, 9.45759888e+02,
    3.57973480e+02, 9.46778015e+02, 3.98151855e+02, 9.47773804e+02 ]
