%YAML:1.0
---
points: [ 1.00809308e+03, 3.19785400e+02, 1.02872839e+03, 3.29181213e+02,
    1.04899121e+03, 3.38343994e+02, 1.06915771e+03, 3.47288147e+02,
    1.00222949e+03, 3.45469391e+02, 1.02304443e+03, 3.54528687e+02,
    1.04337854e+03, 3.63416656e+02, 1.06357397e+03, 3.71868286e+02,
    9.96437195e+02, 3.71351929e+02, 1.01735931e+03, 3.80002808e+02,
    1.03781555e+03, 3.88551361e+02, 1.05776648e+03, 3.96679260e+02,
    9.90526184e+02, 3.97560425e+02, 1.01156940e+03, 4.05537048e+02,
    1.03226489e+03, 4.13822083e+02, 1.05231177e+03, 4.21552124e+02,
    9.84946289e+02, 4.23345520e+02, 1.00610101e+03, 4.31315155e+02,
    1.02696338e+03, 4.38898743e+02, 1.04682922e+03, 4.46569794e+02,
    9.78957031e+02, 4.49412537e+02, 1.00041815e+03, 4.56951111e+02,
    1.02120471e+03, 4.64512634e+02, 1.04164014e+03, 4.71647644e+02 ]
