%YAML:1.0
---
points: [ 3.01669712e+01, 1.21771263e+02, 3.11641674e+01, 1.06810799e+02,
    3.20567360e+01, 9.19606552e+01, 3.30276566e+01, 7.69877777e+01,
    4.68748016e+01, 1.23515182e+02, 4.72231903e+01, 1.08912415e+02,
    4.78190384e+01, 9.40085144e+01, 4.88225021e+01, 7.93324356e+01,
    5.80214767e+01, 1.26335663e+02, 6.26964607e+01, 1.10666107e+02,
    6.35654793e+01, 9.62414398e+01, 6.44179840e+01, 8.14977646e+01,
    7.75475616e+01, 1.26957481e+02, 7.82973709e+01, 1.12790672e+02,
    7.90759659e+01, 9.84949646e+01, 7.99713211e+01, 8.42418289e+01,
    9.25356750e+01, 1.28891129e+02, 9.33780365e+01, 1.14860207e+02,
    9.43364258e+01, 1.00793030e+02, 9.51006165e+01, 8.66419754e+01,
    1.07277374e+02, 1.30686707e+02, 1.08044106e+02, 1.16961166e+02,
    1.08904984e+02, 1.03135437e+02, 1.09847374e+02, 8.91843262e+01 ]
