%YAML:1.0
---
points: [ 2.88390137e+02, 7.53332764e+02, 3.22639038e+02, 7.57694336e+02,
    3.57318237e+02, 7.62128540e+02, 3.91580414e+02, 7.66556824e+02,
    2.82491333e+02, 7.89801270e+02, 3.16892151e+02, 7.94450684e+02,
    3.51490051e+02, 7.98810669e+02, 3.85992981e+02, 8.03538330e+02,
    2.76845673e+02, 8.26521179e+02, 3.11361023e+02, 8.31321167e+02,
    3.45626465e+02, 8.35945374e+02, 3.80522736e+02, 8.40524963e+02,
    2.70870483e+02, 8.64469971e+02, 3.05422729e+02, 8.68480225e+02,
    3.40115448e+02, 8.73285156e+02, 3.74921204e+02, 8.78038635e+02,
    2.65222504e+02, 9.00683105e+02, 2.99686493e+02, 9.05573425e+02,
    3.33960602e+02, 9.10502075e+02, 3.69353699e+02, 9.15194641e+02,
    2.59539917e+02, 9.37878784e+02, 2.93800842e+02, 9.42960571e+02,
    3.28394531e+02, 9.48081055e+02, 3.63384552e+02, 9.53065857e+02 ]
