%YAML:1.0
---
points: [ 4.02092476e+01, 1.19605316e+02, 3.95922813e+01, 1.05246666e+02,
    3.89889793e+01, 9.09634933e+01, 3.85839920e+01, 7.65126266e+01,
    5.35874634e+01, 1.20668365e+02, 5.27846413e+01, 1.06737900e+02,
    5.21806030e+01, 9.27966156e+01, 5.17455177e+01, 7.88550262e+01,
    6.60264587e+01, 1.21797485e+02, 6.54705048e+01, 1.08224556e+02,
    6.47491150e+01, 9.46435623e+01, 6.43189545e+01, 8.08936844e+01,
    7.82794266e+01, 1.22875229e+02, 7.75932922e+01, 1.09663750e+02,
    7.69705658e+01, 9.63967896e+01, 7.64912949e+01, 8.31790085e+01,
    8.98166809e+01, 1.23914154e+02, 8.91507797e+01, 1.11096893e+02,
    8.86240463e+01, 9.82413864e+01, 8.80788956e+01, 8.52722168e+01,
    1.00875557e+02, 1.25027954e+02, 1.00152473e+02, 1.12564087e+02,
    9.96921158e+01, 1.00031448e+02, 9.91228409e+01, 8.73660507e+01 ]
