%YAML:1.0
---
points: [ 1.24363379e+03, 3.31075500e+02, 1.26183179e+03, 3.39326050e+02,
    1.27986292e+03, 3.47491333e+02, 1.29770789e+03, 3.55407684e+02,
    1.23800623e+03, 3.54982697e+02, 1.25648169e+03, 3.63077148e+02,
    1.27449500e+03, 3.71021088e+02, 1.29245239e+03, 3.78608124e+02,
    1.23260620e+03, 3.79038849e+02, 1.25093579e+03, 3.86734161e+02,
    1.26922803e+03, 3.94579193e+02, 1.28687000e+03, 4.01992493e+02,
    1.22715588e+03, 4.03374207e+02, 1.24547473e+03, 4.10580078e+02,
    1.26376733e+03, 4.18369385e+02, 1.28160400e+03, 4.25448425e+02,
    1.22175562e+03, 4.27242981e+02, 1.24032605e+03, 4.34470642e+02,
    1.25895947e+03, 4.41795624e+02, 1.27655225e+03, 4.48709259e+02,
    1.21637451e+03, 4.51611694e+02, 1.23515259e+03, 4.58511932e+02,
    1.25348730e+03, 4.65611420e+02, 1.27155505e+03, 4.72352570e+02 ]
