%YAML:1.0
---
points: [ 4.46385536e+01, 2.82521484e+02, 5.56225662e+01, 2.84166656e+02,
    6.69558563e+01, 2.85687988e+02, 7.82506638e+01, 2.87291718e+02,
    4.31344376e+01, 2.94811890e+02, 5.40649300e+01, 2.96336456e+02,
    6.53556442e+01, 2.97909485e+02, 7.66733856e+01, 2.99459717e+02,
    4.17492981e+01, 3.06752319e+02, 5.26212921e+01, 3.08562286e+02,
    6.37631493e+01, 3.10317993e+02, 7.51932068e+01, 3.12041290e+02,
    4.01651573e+01, 3.19150818e+02, 5.13219414e+01, 3.20944305e+02,
    6.23306465e+01, 3.22648468e+02, 7.37747116e+01, 3.24362213e+02,
    3.90679817e+01, 3.31114899e+02, 4.99113159e+01, 3.33089752e+02,
    6.08582268e+01, 3.34905731e+02, 7.22112732e+01, 3.36582611e+02,
    3.77270851e+01, 3.43245453e+02, 4.87202530e+01, 3.45135101e+02,
    5.95392609e+01, 3.47140198e+02, 7.08492966e+01, 3.49062286e+02 ]
