%YAML:1.0
---
points: [ 4.15421066e+01, 1.18987099e+02, 4.02059517e+01, 1.04804146e+02,
    3.91307793e+01, 9.07220306e+01, 3.81338043e+01, 7.65570602e+01,
    5.30707626e+01, 1.19951057e+02, 5.18808060e+01, 1.06289062e+02,
    5.06663017e+01, 9.25787582e+01, 4.97418175e+01, 7.88754959e+01,
    6.39260292e+01, 1.21033997e+02, 6.26923561e+01, 1.07713234e+02,
    6.16469765e+01, 9.43358917e+01, 6.05892754e+01, 8.08930740e+01,
    7.44823608e+01, 1.21963524e+02, 7.32451782e+01, 1.09090805e+02,
    7.21501846e+01, 9.61444168e+01, 7.11369019e+01, 8.31370697e+01,
    8.45524292e+01, 1.22929260e+02, 8.31888046e+01, 1.10368828e+02,
    8.22323608e+01, 9.78643188e+01, 8.11157761e+01, 8.52133942e+01,
    9.39145203e+01, 1.23866974e+02, 9.26350174e+01, 1.11787796e+02,
    9.16230927e+01, 9.94814148e+01, 9.06781311e+01, 8.72797318e+01 ]
