%YAML:1.0
---
points: [ 1.76972382e+02, 2.90302887e+02, 1.85206314e+02, 2.90990509e+02,
    1.93569962e+02, 2.91526428e+02, 2.01960968e+02, 2.92323029e+02,
    1.77039383e+02, 3.00752563e+02, 1.85242493e+02, 3.01441376e+02,
    1.93638611e+02, 3.02234772e+02, 2.02104553e+02, 3.02978485e+02,
    1.77085449e+02, 3.11087677e+02, 1.85338333e+02, 3.12078369e+02,
    1.93611099e+02, 3.12896606e+02, 2.02296066e+02, 3.13986176e+02,
    1.77020844e+02, 3.21683716e+02, 1.85401749e+02, 3.22739258e+02,
    1.93715576e+02, 3.23796234e+02, 2.02466187e+02, 3.24876343e+02,
    1.77098312e+02, 3.32128662e+02, 1.85469879e+02, 3.33346191e+02,
    1.93698166e+02, 3.34462830e+02, 2.02532669e+02, 3.35737335e+02,
    1.77116318e+02, 3.42694733e+02, 1.85517288e+02, 3.43957336e+02,
    1.93797302e+02, 3.45347870e+02, 2.02605774e+02, 3.46665192e+02 ]
