%YAML:1.0
---
points: [ 1.24364343e+03, 3.31119598e+02, 1.26182324e+03, 3.39309296e+02,
    1.27988525e+03, 3.47457275e+02, 1.29771094e+03, 3.55395569e+02,
    1.23799951e+03, 3.54948914e+02, 1.25645435e+03, 3.63057617e+02,
    1.27447205e+03, 3.71039490e+02, 1.29246924e+03, 3.78587555e+02,
    1.23255884e+03, 3.79078705e+02, 1.25103723e+03, 3.86748566e+02,
    1.26927722e+03, 3.94584656e+02, 1.28690222e+03, 4.01991333e+02,
    1.22715552e+03, 4.03386047e+02, 1.24545166e+03, 4.10588501e+02,
    1.26375574e+03, 4.18390472e+02, 1.28163928e+03, 4.25453613e+02,
    1.22179041e+03, 4.27293335e+02, 1.24034265e+03, 4.34490967e+02,
    1.25902002e+03, 4.41729340e+02, 1.27653479e+03, 4.48664917e+02,
    1.21635303e+03, 4.51589172e+02, 1.23510535e+03, 4.58532074e+02,
    1.25348193e+03, 4.65587799e+02, 1.27157141e+03, 4.72361847e+02 ]
