%YAML:1.0
---
points: [ 6.93599243e+02, 7.77019409e+02, 7.17158081e+02, 7.79143433e+02,
    7.41475098e+02, 7.81195007e+02, 7.65752747e+02, 7.83292786e+02,
    6.93197937e+02, 8.07670349e+02, 7.16998047e+02, 8.10066650e+02,
    7.41329163e+02, 8.12575684e+02, 7.65761536e+02, 8.15107727e+02,
    6.92956177e+02, 8.38408752e+02, 7.16814331e+02, 8.41138611e+02,
    7.40974915e+02, 8.44054321e+02, 7.65744080e+02, 8.47057983e+02,
    6.92453491e+02, 8.70073120e+02, 7.16516418e+02, 8.72547058e+02,
    7.40843140e+02, 8.75968384e+02, 7.65790100e+02, 8.79359863e+02,
    6.92181274e+02, 9.00582336e+02, 7.16256042e+02, 9.03929749e+02,
    7.40331909e+02, 9.07775024e+02, 7.65573059e+02, 9.11445435e+02,
    6.91837097e+02, 9.31811951e+02, 7.15711243e+02, 9.35608154e+02,
    7.40194702e+02, 9.39643005e+02, 7.65202698e+02, 9.43960999e+02 ]
