%YAML:1.0
---
points: [ 9.31825256e+02, 7.62349243e+02, 9.57699280e+02, 7.63937988e+02,
    9.84800903e+02, 7.65348694e+02, 1.01231165e+03, 7.66750732e+02,
    9.33973389e+02, 7.96946106e+02, 9.60195496e+02, 7.98917725e+02,
    9.87263855e+02, 8.01257812e+02, 1.01530450e+03, 8.03533081e+02,
    9.36632080e+02, 8.31661560e+02, 9.62830505e+02, 8.34428589e+02,
    9.89978516e+02, 8.37434509e+02, 1.01826233e+03, 8.40419067e+02,
    9.39063660e+02, 8.67245361e+02, 9.65252502e+02, 8.70287292e+02,
    9.92676331e+02, 8.74057495e+02, 1.02127802e+03, 8.77738464e+02,
    9.41284485e+02, 9.02138733e+02, 9.67838013e+02, 9.06347351e+02,
    9.95194763e+02, 9.10671814e+02, 1.02397858e+03, 9.15099121e+02,
    9.43659485e+02, 9.37573547e+02, 9.70221375e+02, 9.42504333e+02,
    9.97728333e+02, 9.47578064e+02, 1.02657104e+03, 9.53118225e+02 ]
