%YAML:1.0
---
points: [ 1.36819385e+03, 3.36230927e+02, 1.38859985e+03, 3.43461212e+02,
    1.40914905e+03, 3.50548523e+02, 1.42967920e+03, 3.57509094e+02,
    1.36161035e+03, 3.59409302e+02, 1.38234766e+03, 3.66472351e+02,
    1.40277063e+03, 3.73537018e+02, 1.42344934e+03, 3.80428101e+02,
    1.35533582e+03, 3.82565826e+02, 1.37606775e+03, 3.89551971e+02,
    1.39654797e+03, 3.96503448e+02, 1.41719861e+03, 4.03415039e+02,
    1.34885559e+03, 4.06252563e+02, 1.37012427e+03, 4.12757812e+02,
    1.39047681e+03, 4.19556641e+02, 1.41119006e+03, 4.26529785e+02,
    1.34307361e+03, 4.29139343e+02, 1.36376440e+03, 4.35706177e+02,
    1.38459045e+03, 4.42509094e+02, 1.40474988e+03, 4.49254974e+02,
    1.33670715e+03, 4.52346405e+02, 1.35768237e+03, 4.58912201e+02,
    1.37841492e+03, 4.65527863e+02, 1.39901611e+03, 4.72003357e+02 ]
