%YAML:1.0
---
points: [ 7.18784180e+01, 5.84327278e+01, 7.93577042e+01, 6.74293976e+01,
    8.78379135e+01, 7.66039047e+01, 9.60269775e+01, 8.56266861e+01,
    6.21208954e+01, 5.96708717e+01, 7.08031769e+01, 6.86701050e+01,
    7.90255890e+01, 7.80530472e+01, 8.80254669e+01, 8.72132645e+01,
    5.27180481e+01, 6.09311790e+01, 6.07821503e+01, 7.02942505e+01,
    6.93728943e+01, 7.96709290e+01, 7.80240936e+01, 8.93278122e+01,
    4.19029503e+01, 6.21502151e+01, 5.09056358e+01, 7.17904282e+01,
    5.92404518e+01, 8.14682388e+01, 6.83135376e+01, 9.12541733e+01,
    3.17158375e+01, 6.37459793e+01, 3.99759979e+01, 7.34976959e+01,
    4.89490776e+01, 8.32642517e+01, 5.78719482e+01, 9.32684479e+01,
    2.01260242e+01, 6.53510742e+01, 2.89923229e+01, 7.52807312e+01,
    3.76380501e+01, 8.54254303e+01, 4.69014587e+01, 9.56692047e+01 ]
