%YAML:1.0
---
points: [ 2.59231293e+02, 2.84759888e+02, 2.68331024e+02, 2.85124786e+02,
    2.77788116e+02, 2.85424347e+02, 2.87531677e+02, 2.86007935e+02,
    2.60220276e+02, 2.96484131e+02, 2.69301270e+02, 2.97144501e+02,
    2.78847534e+02, 2.97782104e+02, 2.88625854e+02, 2.98393951e+02,
    2.61200745e+02, 3.08203827e+02, 2.70364655e+02, 3.09137451e+02,
    2.79865509e+02, 3.10099457e+02, 2.89853394e+02, 3.11125153e+02,
    2.62064453e+02, 3.20239136e+02, 2.71428345e+02, 3.21413208e+02,
    2.80936249e+02, 3.22523499e+02, 2.91036713e+02, 3.23753937e+02,
    2.63067780e+02, 3.32136261e+02, 2.72432648e+02, 3.33533356e+02,
    2.81947815e+02, 3.34971313e+02, 2.92127136e+02, 3.36372925e+02,
    2.64026215e+02, 3.44236786e+02, 2.73427399e+02, 3.45790131e+02,
    2.83082916e+02, 3.47459839e+02, 2.93193939e+02, 3.49194519e+02 ]
