%YAML:1.0
---
points: [ 8.83765182e+01, 1.88700714e+01, 1.01670204e+02, 2.03817196e+01,
    1.13744698e+02, 2.17139854e+01, 1.26205452e+02, 2.29487476e+01,
    9.01919174e+01, 3.08380432e+01, 1.02711754e+02, 3.19163704e+01,
    1.15683922e+02, 3.34347916e+01, 1.27618225e+02, 3.46574860e+01,
    9.13526077e+01, 4.27999268e+01, 1.04676071e+02, 4.39578094e+01,
    1.17103027e+02, 4.51235847e+01, 1.29626099e+02, 4.63456154e+01,
    9.32250290e+01, 5.50370102e+01, 1.06290375e+02, 5.60941925e+01,
    1.19101418e+02, 5.71394882e+01, 1.31356934e+02, 5.81085625e+01,
    9.51761322e+01, 6.74419327e+01, 1.08238358e+02, 6.82455368e+01,
    1.20947449e+02, 6.90553284e+01, 1.33304977e+02, 6.99166794e+01,
    9.70402298e+01, 7.98573074e+01, 1.10138657e+02, 8.06331863e+01,
    1.22943314e+02, 8.12453384e+01, 1.35245148e+02, 8.18576050e+01 ]
