%YAML:1.0
---
points: [ 1.58912683e+03, 3.28700714e+02, 1.61483508e+03, 3.35233795e+02,
    1.64081445e+03, 3.42084381e+02, 1.66717407e+03, 3.48742004e+02,
    1.58064990e+03, 3.53374573e+02, 1.60652014e+03, 3.59903992e+02,
    1.63247839e+03, 3.66626129e+02, 1.65877246e+03, 3.73438568e+02,
    1.57255945e+03, 3.77688812e+02, 1.59828162e+03, 3.84460724e+02,
    1.62418286e+03, 3.91373657e+02, 1.65039563e+03, 3.98083130e+02,
    1.56392798e+03, 4.02794678e+02, 1.59037915e+03, 4.08946655e+02,
    1.61593384e+03, 4.15814148e+02, 1.64229382e+03, 4.22865509e+02,
    1.55642285e+03, 4.26523682e+02, 1.58200879e+03, 4.33353424e+02,
    1.60801794e+03, 4.40129120e+02, 1.63388477e+03, 4.46988068e+02,
    1.54836157e+03, 4.50632782e+02, 1.57410925e+03, 4.57560547e+02,
    1.59963147e+03, 4.64500427e+02, 1.62583521e+03, 4.71444763e+02 ]
