%YAML:1.0
---
points: [ 3.32624298e+02, 2.85885559e+02, 3.42358887e+02, 2.86161255e+02,
    3.52512390e+02, 2.86544739e+02, 3.63135162e+02, 2.86902557e+02,
    3.34129547e+02, 2.97311768e+02, 3.43900116e+02, 2.97892517e+02,
    3.54198975e+02, 2.98548370e+02, 3.64768158e+02, 2.99084290e+02,
    3.35640198e+02, 3.08765747e+02, 3.45488647e+02, 3.09617950e+02,
    3.55729828e+02, 3.10439056e+02, 3.66460938e+02, 3.11335999e+02,
    3.37097290e+02, 3.20462311e+02, 3.47102814e+02, 3.21493073e+02,
    3.57338623e+02, 3.22657410e+02, 3.68255157e+02, 3.23835876e+02,
    3.38600311e+02, 3.31918030e+02, 3.48510742e+02, 3.33307709e+02,
    3.58904266e+02, 3.34714020e+02, 3.69767181e+02, 3.36027710e+02,
    3.40027344e+02, 3.43625824e+02, 3.50071960e+02, 3.45229034e+02,
    3.60350800e+02, 3.46812103e+02, 3.71346527e+02, 3.48427094e+02 ]
