%YAML:1.0
---
points: [ 1.14789221e+03, 7.67435364e+02, 1.17543298e+03, 7.68772461e+02,
    1.20459534e+03, 7.70040588e+02, 1.23442737e+03, 7.71403931e+02,
    1.15177649e+03, 8.01069336e+02, 1.17970959e+03, 8.03092773e+02,
    1.20884729e+03, 8.05192566e+02, 1.23896155e+03, 8.07581665e+02,
    1.15579358e+03, 8.34841003e+02, 1.18390771e+03, 8.37757812e+02,
    1.21311536e+03, 8.40526062e+02, 1.24384705e+03, 8.43690491e+02,
    1.15984009e+03, 8.70155334e+02, 1.18792456e+03, 8.72720825e+02,
    1.21762695e+03, 8.76391235e+02, 1.24868518e+03, 8.80318054e+02,
    1.16378821e+03, 9.03524902e+02, 1.19218689e+03, 9.07741882e+02,
    1.22184973e+03, 9.12358459e+02, 1.25329333e+03, 9.16900208e+02,
    1.16785754e+03, 9.38205078e+02, 1.19624207e+03, 9.43193481e+02,
    1.22643921e+03, 9.48491089e+02, 1.25764600e+03, 9.53970398e+02 ]
