%YAML:1.0
---
points: [ 3.93070831e+02, 2.85378723e+02, 4.04216370e+02, 2.85799561e+02,
    4.15767395e+02, 2.86238953e+02, 4.27638702e+02, 2.86726624e+02,
    3.94506958e+02, 2.96830048e+02, 4.05630035e+02, 2.97576080e+02,
    4.17206360e+02, 2.98187134e+02, 4.29144714e+02, 2.98929688e+02,
    3.95961761e+02, 3.08274323e+02, 4.07119110e+02, 3.09174164e+02,
    4.18574371e+02, 3.10180206e+02, 4.30574738e+02, 3.11099640e+02,
    3.97230377e+02, 3.19953522e+02, 4.08559418e+02, 3.21125397e+02,
    4.19953064e+02, 3.22214905e+02, 4.32110718e+02, 3.23373016e+02,
    3.98734802e+02, 3.31467041e+02, 4.09803345e+02, 3.32764191e+02,
    4.21382996e+02, 3.34181763e+02, 4.33335663e+02, 3.35407593e+02,
    3.99931244e+02, 3.42869995e+02, 4.11126984e+02, 3.44458130e+02,
    4.22607147e+02, 3.45996948e+02, 4.34680817e+02, 3.47636230e+02 ]
