%YAML:1.0
---
points: [ 1.32525012e+03, 7.67865906e+02, 1.35725024e+03, 7.69881348e+02,
    1.39077405e+03, 7.71636902e+02, 1.42570142e+03, 7.73902832e+02,
    1.32924011e+03, 8.01912720e+02, 1.36140271e+03, 8.04465698e+02,
    1.39529431e+03, 8.07244019e+02, 1.43006580e+03, 8.10084534e+02,
    1.33329688e+03, 8.35770142e+02, 1.36562122e+03, 8.39323242e+02,
    1.39952612e+03, 8.42986816e+02, 1.43470886e+03, 8.46370056e+02,
    1.33753711e+03, 8.71300781e+02, 1.36977490e+03, 8.74451172e+02,
    1.40391699e+03, 8.78800415e+02, 1.43924988e+03, 8.83145508e+02,
    1.34139832e+03, 9.04726990e+02, 1.37421570e+03, 9.09456726e+02,
    1.40791052e+03, 9.14544006e+02, 1.44375476e+03, 9.19618347e+02,
    1.34544189e+03, 9.39261292e+02, 1.37814526e+03, 9.44877563e+02,
    1.41236975e+03, 9.50625305e+02, 1.44819617e+03, 9.56681641e+02 ]
