%YAML:1.0
---
points: [ 1.94525696e+02, 2.31848049e+01, 2.05756500e+02, 2.44594479e+01,
    2.16443604e+02, 2.58673954e+01, 2.27156494e+02, 2.70271511e+01,
    1.95749069e+02, 3.42957764e+01, 2.06639053e+02, 3.55687447e+01,
    2.17591888e+02, 3.68176918e+01, 2.28118927e+02, 3.78786354e+01,
    1.96627029e+02, 4.55913849e+01, 2.07824875e+02, 4.67057838e+01,
    2.18589432e+02, 4.78312531e+01, 2.29252747e+02, 4.88826180e+01,
    1.97809250e+02, 5.69938126e+01, 2.08900665e+02, 5.80250702e+01,
    2.19781982e+02, 5.90021667e+01, 2.30277878e+02, 5.99034004e+01,
    1.99015076e+02, 6.84087830e+01, 2.10108276e+02, 6.92235031e+01,
    2.20832825e+02, 7.00307236e+01, 2.31400818e+02, 7.08522644e+01,
    2.00153046e+02, 7.97182159e+01, 2.11257339e+02, 8.05017471e+01,
    2.21989899e+02, 8.12605515e+01, 2.32520508e+02, 8.18529892e+01 ]
