%YAML:1.0
---
points: [ 1.72254871e+03, 3.29705139e+02, 1.74426648e+03, 3.37209473e+02,
    1.76561780e+03, 3.44570312e+02, 1.78751953e+03, 3.51803528e+02,
    1.71561768e+03, 3.53910126e+02, 1.73749377e+03, 3.61320221e+02,
    1.75875073e+03, 3.68592621e+02, 1.78062622e+03, 3.75749573e+02,
    1.70861829e+03, 3.78030884e+02, 1.73041663e+03, 3.85346649e+02,
    1.75215771e+03, 3.92588531e+02, 1.77354956e+03, 3.99733948e+02,
    1.70164490e+03, 4.02558624e+02, 1.72366882e+03, 4.09433472e+02,
    1.74510913e+03, 4.16643433e+02, 1.76673828e+03, 4.23758209e+02,
    1.69523181e+03, 4.26459381e+02, 1.71673059e+03, 4.33465790e+02,
    1.73866821e+03, 4.40466156e+02, 1.75991687e+03, 4.47507568e+02,
    1.68827100e+03, 4.50542572e+02, 1.71023096e+03, 4.57539215e+02,
    1.73166565e+03, 4.64500519e+02, 1.75346619e+03, 4.71436615e+02 ]
