%YAML:1.0
---
points: [ 1.33481372e+03, 7.93356750e+02, 1.36067371e+03, 7.88641907e+02,
    1.38759802e+03, 7.83638000e+02, 1.41514868e+03, 7.78364136e+02,
    1.33744470e+03, 8.19441772e+02, 1.36375122e+03, 8.14995422e+02,
    1.39100952e+03, 8.10512573e+02, 1.41869360e+03, 8.05496887e+02,
    1.34000928e+03, 8.46357422e+02, 1.36670569e+03, 8.42265259e+02,
    1.39449963e+03, 8.38061035e+02, 1.42290186e+03, 8.33571716e+02,
    1.34253015e+03, 8.74712280e+02, 1.36991821e+03, 8.70378845e+02,
    1.39781152e+03, 8.66394714e+02, 1.42718994e+03, 8.62219971e+02,
    1.34529224e+03, 9.02552856e+02, 1.37315686e+03, 8.99139587e+02,
    1.40156763e+03, 8.95536743e+02, 1.43130103e+03, 8.91844971e+02,
    1.34818237e+03, 9.32074829e+02, 1.37620020e+03, 9.28923828e+02,
    1.40537830e+03, 9.25678162e+02, 1.43532532e+03, 9.22388062e+02 ]
