%YAML:1.0
---
points: [ 2.74285370e+02, 2.32943382e+01, 2.85558655e+02, 2.41710567e+01,
    2.96330292e+02, 2.50849094e+01, 3.07334930e+02, 2.58274574e+01,
    2.74553711e+02, 3.43268242e+01, 2.85492645e+02, 3.51745567e+01,
    2.96526886e+02, 3.60510597e+01, 3.07269531e+02, 3.67874146e+01,
    2.74350525e+02, 4.55191574e+01, 2.85620270e+02, 4.62980232e+01,
    2.96404022e+02, 4.70429192e+01, 3.07426239e+02, 4.77735710e+01,
    2.74359863e+02, 5.68032532e+01, 2.85638336e+02, 5.75463829e+01,
    2.96634338e+02, 5.82613029e+01, 3.07488800e+02, 5.89102097e+01,
    2.74598785e+02, 6.79574432e+01, 2.85654572e+02, 6.86935730e+01,
    2.96635284e+02, 6.92985458e+01, 3.07582794e+02, 6.99273605e+01,
    2.74536591e+02, 7.93065491e+01, 2.85631989e+02, 7.99072723e+01,
    2.96689880e+02, 8.05229111e+01, 3.07663849e+02, 8.10323334e+01 ]
