%YAML:1.0
---
points: [ 1.81420056e+03, 3.31330261e+02, 1.83843311e+03, 3.38324921e+02,
    1.86281128e+03, 3.45313019e+02, 1.88755066e+03, 3.52247009e+02,
    1.80618445e+03, 3.55283356e+02, 1.83060217e+03, 3.62250763e+02,
    1.85466736e+03, 3.69330902e+02, 1.87958167e+03, 3.76320923e+02,
    1.79823877e+03, 3.79170044e+02, 1.82247144e+03, 3.86133667e+02,
    1.84694287e+03, 3.93194366e+02, 1.87132666e+03, 4.00277588e+02,
    1.78992444e+03, 4.03384796e+02, 1.81474109e+03, 4.10021759e+02,
    1.83875220e+03, 4.17162811e+02, 1.86344019e+03, 4.24316132e+02,
    1.78266370e+03, 4.26788330e+02, 1.80675293e+03, 4.33758392e+02,
    1.83145300e+03, 4.40756561e+02, 1.85546790e+03, 4.47768524e+02,
    1.77463159e+03, 4.50532471e+02, 1.79913684e+03, 4.57547424e+02,
    1.82335327e+03, 4.64589600e+02, 1.84769971e+03, 4.71576355e+02 ]
