%YAML:1.0
---
points: [ 3.94019684e+02, 2.94000946e+02, 4.02980133e+02, 2.92188171e+02,
    4.12136627e+02, 2.90385529e+02, 4.21398346e+02, 2.88370178e+02,
    3.95061188e+02, 3.02744080e+02, 4.04036652e+02, 3.01153534e+02,
    4.13311340e+02, 2.99330200e+02, 4.22758942e+02, 2.97429047e+02,
    3.96066833e+02, 3.11862244e+02, 4.05270325e+02, 3.10276215e+02,
    4.14596985e+02, 3.08635651e+02, 4.24212860e+02, 3.06862061e+02,
    3.97047729e+02, 3.21228943e+02, 4.06422913e+02, 3.19710938e+02,
    4.15888733e+02, 3.18229126e+02, 4.25729218e+02, 3.16546478e+02,
    3.98147003e+02, 3.30704498e+02, 4.07550812e+02, 3.29258575e+02,
    4.17173218e+02, 3.27812775e+02, 4.27183441e+02, 3.26291168e+02,
    3.99144501e+02, 3.40542084e+02, 4.08717621e+02, 3.39279785e+02,
    4.18544617e+02, 3.37915649e+02, 4.28621857e+02, 3.36423126e+02 ]
