%YAML:1.0
---
points: [ 4.23167633e+02, 3.04418945e+02, 4.32026184e+02, 3.01341217e+02,
    4.40858826e+02, 2.97551819e+02, 4.49850800e+02, 2.94085632e+02,
    4.25117767e+02, 3.11037933e+02, 4.34182800e+02, 3.07950317e+02,
    4.43242584e+02, 3.04456635e+02, 4.52384674e+02, 3.00805847e+02,
    4.27356812e+02, 3.18729736e+02, 4.36422913e+02, 3.15145599e+02,
    4.45801880e+02, 3.11729004e+02, 4.55129944e+02, 3.08030762e+02,
    4.29427460e+02, 3.26137146e+02, 4.38878326e+02, 3.22882660e+02,
    4.48394623e+02, 3.19306549e+02, 4.58007538e+02, 3.15694061e+02,
    4.31801697e+02, 3.33861755e+02, 4.41315887e+02, 3.30373901e+02,
    4.50987152e+02, 3.26991089e+02, 4.60827637e+02, 3.23242310e+02,
    4.34006744e+02, 3.42055023e+02, 4.43826263e+02, 3.38666504e+02,
    4.53703125e+02, 3.35095245e+02, 4.63842377e+02, 3.31294983e+02 ]
