%YAML:1.0
---
points: [ 1.42204468e+03, 8.26470825e+02, 1.44828979e+03, 8.16841187e+02,
    1.47504980e+03, 8.07460754e+02, 1.50210864e+03, 7.97190430e+02,
    1.42770203e+03, 8.47365784e+02, 1.45447791e+03, 8.37859253e+02,
    1.48182275e+03, 8.28436768e+02, 1.50964990e+03, 8.18096252e+02,
    1.43362842e+03, 8.69153992e+02, 1.46106238e+03, 8.59660767e+02,
    1.48914001e+03, 8.50040955e+02, 1.51778015e+03, 8.40095764e+02,
    1.43963391e+03, 8.92420349e+02, 1.46810840e+03, 8.82353638e+02,
    1.49659363e+03, 8.72871033e+02, 1.52628345e+03, 8.62817078e+02,
    1.44632654e+03, 9.15265869e+02, 1.47523486e+03, 9.05974426e+02,
    1.50452185e+03, 8.96269470e+02, 1.53468896e+03, 8.86441284e+02,
    1.45294543e+03, 9.39908142e+02, 1.48239746e+03, 9.30686096e+02,
    1.51266699e+03, 9.21156799e+02, 1.54368555e+03, 9.11266357e+02 ]
