%YAML:1.0
---
points: [ 3.41182312e+02, 2.26580544e+01, 3.52917297e+02, 2.31763592e+01,
    3.64169739e+02, 2.36790428e+01, 3.75911469e+02, 2.42506237e+01,
    3.40824677e+02, 3.37311554e+01, 3.51920654e+02, 3.41761818e+01,
    3.63833984e+02, 3.47497292e+01, 3.75043396e+02, 3.52352448e+01,
    3.39701233e+02, 4.47333298e+01, 3.51615051e+02, 4.53514748e+01,
    3.62796539e+02, 4.58235207e+01, 3.74734344e+02, 4.64443665e+01,
    3.39067047e+02, 5.60433464e+01, 3.50711029e+02, 5.65444984e+01,
    3.62274292e+02, 5.69290657e+01, 3.73861938e+02, 5.76277924e+01,
    3.38476196e+02, 6.71973267e+01, 3.49936432e+02, 6.76798630e+01,
    3.61648132e+02, 6.82010803e+01, 3.73325836e+02, 6.87057648e+01,
    3.37632233e+02, 7.85627441e+01, 3.49151093e+02, 7.89585114e+01,
    3.60829437e+02, 7.95346375e+01, 3.72665253e+02, 7.99096146e+01 ]
