%YAML:1.0
---
points: [ 1.73279065e+03, 4.78639221e+02, 1.75747156e+03, 4.80902771e+02,
    1.78171863e+03, 4.82983643e+02, 1.80685364e+03, 4.85019318e+02,
    1.73570679e+03, 4.99541473e+02, 1.76041504e+03, 5.01896759e+02,
    1.78509534e+03, 5.04072723e+02, 1.81030701e+03, 5.06216736e+02,
    1.73852124e+03, 5.20793640e+02, 1.76350928e+03, 5.23245178e+02,
    1.78841907e+03, 5.25389343e+02, 1.81342664e+03, 5.27626099e+02,
    1.74177917e+03, 5.42912781e+02, 1.76675024e+03, 5.44787415e+02,
    1.79161853e+03, 5.47242798e+02, 1.81724988e+03, 5.49610168e+02,
    1.74454089e+03, 5.64293701e+02, 1.76989600e+03, 5.66557739e+02,
    1.79546924e+03, 5.69085693e+02, 1.82082874e+03, 5.71367493e+02,
    1.74788049e+03, 5.86509644e+02, 1.77337927e+03, 5.88959351e+02,
    1.79896777e+03, 5.91445679e+02, 1.82443835e+03, 5.93682556e+02 ]
