%YAML:1.0
---
points: [ 3.89115204e+02, 2.39160843e+01, 3.99791443e+02, 2.48649483e+01,
    4.09671875e+02, 2.60896931e+01, 4.20272095e+02, 2.68109283e+01,
    3.89654633e+02, 3.46182785e+01, 3.99797638e+02, 3.55642166e+01,
    4.10407532e+02, 3.64802246e+01, 4.20483337e+02, 3.74472923e+01,
    3.89630402e+02, 4.54129028e+01, 4.00427246e+02, 4.63828926e+01,
    4.10568390e+02, 4.71482201e+01, 4.20983704e+02, 4.79739342e+01,
    3.89952911e+02, 5.62710609e+01, 4.00634705e+02, 5.69677582e+01,
    4.10962524e+02, 5.77664223e+01, 4.21259277e+02, 5.87160378e+01,
    3.90234009e+02, 6.72127075e+01, 4.00858246e+02, 6.79011307e+01,
    4.11369293e+02, 6.86126328e+01, 4.21825195e+02, 6.92350922e+01,
    3.90511810e+02, 7.81881790e+01, 4.00970856e+02, 7.87626114e+01,
    4.11689117e+02, 7.94580460e+01, 4.21998840e+02, 8.01283188e+01 ]
