%YAML:1.0
---
points: [ 1.40160083e+03, 4.85097229e+02, 1.42153186e+03, 4.85664276e+02,
    1.44132812e+03, 4.86398621e+02, 1.46128088e+03, 4.86657837e+02,
    1.40574109e+03, 5.02445679e+02, 1.42570679e+03, 5.02901764e+02,
    1.44561304e+03, 5.03648438e+02, 1.46571252e+03, 5.03919891e+02,
    1.40987842e+03, 5.20110046e+02, 1.42998340e+03, 5.20598389e+02,
    1.45042041e+03, 5.21360596e+02, 1.47051990e+03, 5.21874817e+02,
    1.41425989e+03, 5.38369995e+02, 1.43485876e+03, 5.38756897e+02,
    1.45488708e+03, 5.39440796e+02, 1.47561853e+03, 5.39886841e+02,
    1.41878174e+03, 5.56152954e+02, 1.43927454e+03, 5.56834106e+02,
    1.46006445e+03, 5.57362976e+02, 1.48041516e+03, 5.57994141e+02,
    1.42333337e+03, 5.74932312e+02, 1.44426624e+03, 5.75566284e+02,
    1.46486951e+03, 5.76095520e+02, 1.48558191e+03, 5.76469666e+02 ]
