%YAML:1.0
---
points: [ 2.99501251e+02, 3.06245667e+02, 3.08031311e+02, 3.03441101e+02,
    3.16317383e+02, 3.00090515e+02, 3.24742645e+02, 2.96984558e+02,
    3.01516724e+02, 3.12760956e+02, 3.10085449e+02, 3.09889618e+02,
    3.18647797e+02, 3.06564087e+02, 3.27196533e+02, 3.03352661e+02,
    3.03643372e+02, 3.20112091e+02, 3.12346619e+02, 3.16830414e+02,
    3.21183289e+02, 3.13799896e+02, 3.30043396e+02, 3.10515228e+02,
    3.05874176e+02, 3.27659912e+02, 3.14876709e+02, 3.24441040e+02,
    3.23912415e+02, 3.21202057e+02, 3.32914948e+02, 3.17994141e+02,
    3.08203796e+02, 3.35333099e+02, 3.17373108e+02, 3.32029999e+02,
    3.26530518e+02, 3.28739990e+02, 3.35833618e+02, 3.25430786e+02,
    3.10632874e+02, 3.43514740e+02, 3.20039917e+02, 3.40196899e+02,
    3.29398499e+02, 3.36778473e+02, 3.38931458e+02, 3.33363129e+02 ]
