%YAML:1.0
---
points: [ 1.05766479e+03, 8.26019531e+02, 1.08218188e+03, 8.17320557e+02,
    1.10680042e+03, 8.08579590e+02, 1.13157617e+03, 7.99400879e+02,
    1.06281616e+03, 8.46403442e+02, 1.08782666e+03, 8.37430359e+02,
    1.11312476e+03, 8.28556458e+02, 1.13845288e+03, 8.19226440e+02,
    1.06829797e+03, 8.67458679e+02, 1.09384375e+03, 8.58435181e+02,
    1.11959521e+03, 8.49413513e+02, 1.14552991e+03, 8.40172546e+02,
    1.07380701e+03, 8.89935791e+02, 1.10030701e+03, 8.80393494e+02,
    1.12652795e+03, 8.71131409e+02, 1.15315234e+03, 8.61699951e+02,
    1.07974280e+03, 9.12512451e+02, 1.10670728e+03, 9.03271423e+02,
    1.13354346e+03, 8.93513855e+02, 1.16083459e+03, 8.84264404e+02,
    1.08587085e+03, 9.36580078e+02, 1.11345630e+03, 9.27152710e+02,
    1.14127637e+03, 9.17398865e+02, 1.16894995e+03, 9.07638306e+02 ]
