%YAML:1.0
---
points: [ 8.46300964e+02, 8.21979614e+02, 8.72555786e+02, 8.12922729e+02,
    8.98619446e+02, 8.03990295e+02, 9.24535950e+02, 7.94645874e+02,
    8.49432251e+02, 8.43270264e+02, 8.76177185e+02, 8.34002319e+02,
    9.02757324e+02, 8.24902405e+02, 9.29439209e+02, 8.15297241e+02,
    8.52730713e+02, 8.65461304e+02, 8.80182861e+02, 8.55953125e+02,
    9.07375916e+02, 8.46434998e+02, 9.34551270e+02, 8.36910828e+02,
    8.55978271e+02, 8.89362061e+02, 8.84300903e+02, 8.78727539e+02,
    9.12106995e+02, 8.69277649e+02, 9.40119141e+02, 8.59530334e+02,
    8.59630859e+02, 9.12743225e+02, 8.88502441e+02, 9.02772095e+02,
    9.17058899e+02, 8.92578979e+02, 9.45556091e+02, 8.82743042e+02,
    8.63525879e+02, 9.38145935e+02, 8.92828918e+02, 9.27937927e+02,
    9.22391479e+02, 9.17424622e+02, 9.51431763e+02, 9.07285522e+02 ]
