%YAML:1.0
---
points: [ 4.34528168e+02, 2.78717213e+01, 4.44139130e+02, 2.92169857e+01,
    4.52493896e+02, 3.03839836e+01, 4.61781219e+02, 3.13035622e+01,
    4.35660919e+02, 3.78537903e+01, 4.44628784e+02, 3.88958855e+01,
    4.53744019e+02, 4.00261917e+01, 4.62492340e+02, 4.12612953e+01,
    4.36135437e+02, 4.80191689e+01, 4.45633331e+02, 4.89519958e+01,
    4.54491394e+02, 5.00032845e+01, 4.63453003e+02, 5.09274216e+01,
    4.37006439e+02, 5.82574081e+01, 4.46325165e+02, 5.91655807e+01,
    4.55430176e+02, 5.98122559e+01, 4.64094971e+02, 6.09645119e+01,
    4.37688019e+02, 6.86121292e+01, 4.47010681e+02, 6.92745361e+01,
    4.56213531e+02, 6.99758530e+01, 4.65274506e+02, 7.08179855e+01,
    4.38354187e+02, 7.87959824e+01, 4.47727539e+02, 7.97139969e+01,
    4.56853760e+02, 8.01792145e+01, 4.65930206e+02, 8.09591446e+01 ]
