%YAML:1.0
---
points: [ 1.20551477e+03, 4.85329956e+02, 1.22273376e+03, 4.85886017e+02,
    1.24003333e+03, 4.86538849e+02, 1.25754419e+03, 4.86860687e+02,
    1.20850562e+03, 5.01072418e+02, 1.22624451e+03, 5.01695984e+02,
    1.24349805e+03, 5.02310364e+02, 1.26093384e+03, 5.02506775e+02,
    1.21182849e+03, 5.17167542e+02, 1.22932593e+03, 5.17538330e+02,
    1.24707874e+03, 5.18062134e+02, 1.26448047e+03, 5.18528137e+02,
    1.21519629e+03, 5.33453003e+02, 1.23319531e+03, 5.33791687e+02,
    1.25051062e+03, 5.34309875e+02, 1.26843481e+03, 5.34608032e+02,
    1.21862500e+03, 5.49482361e+02, 1.23655078e+03, 5.50161743e+02,
    1.25440979e+03, 5.50373352e+02, 1.27207153e+03, 5.50715027e+02,
    1.22209888e+03, 5.66351501e+02, 1.24009717e+03, 5.66682068e+02,
    1.25825769e+03, 5.67127625e+02, 1276., 5.67420593e+02 ]
