%YAML:1.0
---
points: [ 2.28009384e+02, 3.05420990e+02, 2.37010834e+02, 3.02418884e+02,
    2.45727417e+02, 2.98983643e+02, 2.54537689e+02, 2.95868225e+02,
    2.29345291e+02, 3.12200806e+02, 2.38398697e+02, 3.09108673e+02,
    2.47448151e+02, 3.05940247e+02, 2.56347290e+02, 3.02525421e+02,
    2.30786011e+02, 3.20027222e+02, 2.40144882e+02, 3.16531311e+02,
    2.49277191e+02, 3.13398773e+02, 2.58493927e+02, 3.09938995e+02,
    2.32262985e+02, 3.27833252e+02, 2.41778656e+02, 3.24571930e+02,
    2.51278198e+02, 3.21113586e+02, 2.60691528e+02, 3.17840790e+02,
    2.33976959e+02, 3.36008575e+02, 2.43653946e+02, 3.32503326e+02,
    2.53201981e+02, 3.29085938e+02, 2.62961212e+02, 3.25611298e+02,
    2.35479889e+02, 3.44579102e+02, 2.45418198e+02, 3.41040192e+02,
    2.55371262e+02, 3.37481567e+02, 2.65279175e+02, 3.33938507e+02 ]
