%YAML:1.0
---
points: [ 1.31487259e+02, 3.00702118e+02, 1.41875809e+02, 2.98616791e+02,
    1.51981476e+02, 2.96666840e+02, 1.61896698e+02, 2.94521118e+02,
    1.32513641e+02, 3.08474396e+02, 1.43017334e+02, 3.06443970e+02,
    1.53315079e+02, 3.04304901e+02, 1.63398727e+02, 3.02147095e+02,
    1.33641769e+02, 3.16709076e+02, 1.44286545e+02, 3.14431641e+02,
    1.54758469e+02, 3.12361023e+02, 1.65138687e+02, 3.10027313e+02,
    1.34783401e+02, 3.25325165e+02, 1.45661667e+02, 3.22943481e+02,
    1.56371475e+02, 3.20585388e+02, 1.66856857e+02, 3.18268311e+02,
    1.36095886e+02, 3.34138763e+02, 1.47107590e+02, 3.31547913e+02,
    1.57909149e+02, 3.29060394e+02, 1.68660843e+02, 3.26644531e+02,
    1.37262512e+02, 3.43295135e+02, 1.48551132e+02, 3.40646057e+02,
    1.59640854e+02, 3.38037567e+02, 1.70529343e+02, 3.35452271e+02 ]
