%YAML:1.0
---
points: [ 5.59298157e+02, 8.06830200e+02, 5.90382263e+02, 8.01005432e+02,
    6.20688904e+02, 7.95347107e+02, 6.50472717e+02, 7.89213501e+02,
    5.61234436e+02, 8.30186829e+02, 5.92744263e+02, 8.23959778e+02,
    6.23818542e+02, 8.18067871e+02, 6.54398682e+02, 8.11658569e+02,
    5.63510803e+02, 8.54596741e+02, 5.95628479e+02, 8.48019470e+02,
    6.27376404e+02, 8.41434326e+02, 6.58408508e+02, 8.34877014e+02,
    5.65596863e+02, 8.80653809e+02, 5.98678345e+02, 8.72769531e+02,
    6.30831848e+02, 8.66035706e+02, 6.62592285e+02, 8.59473755e+02,
    5.68292542e+02, 9.06246094e+02, 6.01726990e+02, 8.98705688e+02,
    6.34516479e+02, 8.91414124e+02, 6.66614380e+02, 8.84333252e+02,
    5.70658875e+02, 9.33627747e+02, 6.04987732e+02, 9.25661316e+02,
    6.38462219e+02, 9.17990479e+02, 6.71159485e+02, 9.10295471e+02 ]
