%YAML:1.0
---
points: [ 1.07130530e+03, 4.85555359e+02, 1.08832654e+03, 4.86368225e+02,
    1.10526990e+03, 4.86911987e+02, 1.12210901e+03, 4.87258240e+02,
    1.07367139e+03, 5.00878662e+02, 1.09067236e+03, 5.01486450e+02,
    1.10753821e+03, 5.02198883e+02, 1.12449207e+03, 5.02359283e+02,
    1.07571082e+03, 5.16288879e+02, 1.09286377e+03, 5.16824829e+02,
    1.11018762e+03, 5.17360840e+02, 1.12721655e+03, 5.17751404e+02,
    1.07799060e+03, 5.32078064e+02, 1.09562280e+03, 5.32494873e+02,
    1.11261194e+03, 5.32911133e+02, 1.12991907e+03, 5.33439514e+02,
    1.08065564e+03, 5.47559021e+02, 1.09781519e+03, 5.48222473e+02,
    1.11547021e+03, 5.48588806e+02, 1.13268481e+03, 5.49085266e+02,
    1.08288269e+03, 5.63821106e+02, 1.10057532e+03, 5.64296143e+02,
    1.11783240e+03, 5.64580139e+02, 1.13542126e+03, 5.64931824e+02 ]
