%YAML:1.0
---
points: [ 3.99287659e+02, 4.50873528e+01, 4.08230072e+02, 3.99386940e+01,
    4.17033478e+02, 3.53396492e+01, 4.25815399e+02, 3.01646080e+01,
    4.04842987e+02, 5.35119171e+01, 4.13825684e+02, 4.86946754e+01,
    4.22657837e+02, 4.36716995e+01, 4.31430664e+02, 3.92022133e+01,
    4.10464569e+02, 6.24485321e+01, 4.19515991e+02, 5.72749443e+01,
    4.28359985e+02, 5.25054588e+01, 4.37226715e+02, 4.75157013e+01,
    4.16174316e+02, 7.10973816e+01, 4.25264008e+02, 6.62124100e+01,
    4.34121277e+02, 6.11112747e+01, 4.42849915e+02, 5.64498940e+01,
    4.21912323e+02, 8.01010132e+01, 4.30877655e+02, 7.48374176e+01,
    4.39824615e+02, 6.99904480e+01, 4.48522156e+02, 6.49359589e+01,
    4.27462830e+02, 8.88726196e+01, 4.36646545e+02, 8.38732758e+01,
    4.45544556e+02, 7.87387619e+01, 4.54309784e+02, 7.38778229e+01 ]
