%YAML:1.0
---
points: [ 3.70646484e+02, 2.88335327e+02, 3.78266876e+02, 2.83534332e+02,
    3.85711945e+02, 2.78905212e+02, 3.93179199e+02, 2.74209961e+02,
    3.77068787e+02, 2.96435425e+02, 3.84690979e+02, 2.91663666e+02,
    3.92165558e+02, 2.86873169e+02, 3.99670258e+02, 2.82131714e+02,
    3.83572937e+02, 3.04892120e+02, 3.91196716e+02, 2.99877686e+02,
    3.98839630e+02, 2.95052582e+02, 4.06206635e+02, 2.90106628e+02,
    3.90265564e+02, 3.13484467e+02, 3.98114197e+02, 3.08405396e+02,
    4.05541382e+02, 3.03305603e+02, 4.13177490e+02, 2.98387512e+02,
    3.97248688e+02, 3.22222473e+02, 4.04736938e+02, 3.16906342e+02,
    4.12479950e+02, 3.11735992e+02, 4.19930542e+02, 3.06541687e+02,
    4.03939758e+02, 3.31016602e+02, 4.11809570e+02, 3.25640259e+02,
    4.19394043e+02, 3.20341003e+02, 4.26932526e+02, 3.15087372e+02 ]
