%YAML:1.0
---
points: [ 3.08209381e+02, 8.05583984e+02, 3.43134430e+02, 7.99674377e+02,
    3.77327271e+02, 7.94124756e+02, 4.10561981e+02, 7.88142822e+02,
    3.08603851e+02, 8.29577454e+02, 3.44240997e+02, 8.23505066e+02,
    3.78888092e+02, 8.17540344e+02, 4.12706696e+02, 8.11275391e+02,
    3.09139801e+02, 8.54716187e+02, 3.45152100e+02, 8.48210876e+02,
    3.80524506e+02, 8.41523743e+02, 4.15064911e+02, 8.34931580e+02,
    3.09416992e+02, 8.81612183e+02, 3.46562164e+02, 8.73625000e+02,
    3.82156555e+02, 8.66643982e+02, 4.17694550e+02, 8.59885620e+02,
    3.10401276e+02, 9.07590332e+02, 3.47933105e+02, 8.99978943e+02,
    3.84445679e+02, 8.92282410e+02, 4.20081146e+02, 8.85080688e+02,
    3.10995514e+02, 9.35382080e+02, 3.49220551e+02, 9.27532166e+02,
    3.86280060e+02, 9.19372864e+02, 4.22656036e+02, 9.11493469e+02 ]
