%YAML:1.0
---
points: [ 4.92916145e+01, 3.00076416e+02, 6.03264961e+01, 2.98254517e+02,
    7.12587433e+01, 2.96400879e+02, 8.19789810e+01, 2.94416199e+02,
    4.99145508e+01, 3.08046204e+02, 6.11061401e+01, 3.06108215e+02,
    7.22163696e+01, 3.04246002e+02, 8.29666672e+01, 3.02181610e+02,
    5.05279541e+01, 3.16306091e+02, 6.18357010e+01, 3.14319366e+02,
    7.30841217e+01, 3.12202423e+02, 8.41791687e+01, 3.10199402e+02,
    5.11934700e+01, 3.24994476e+02, 6.26872444e+01, 3.22822235e+02,
    7.41952209e+01, 3.20648438e+02, 8.53789825e+01, 3.18368073e+02,
    5.20335007e+01, 3.33690918e+02, 6.36506538e+01, 3.31435669e+02,
    7.52186584e+01, 3.29074463e+02, 8.66957092e+01, 3.26830811e+02,
    5.27449875e+01, 3.42997314e+02, 6.46411362e+01, 3.40466827e+02,
    7.63334045e+01, 3.38185608e+02, 8.80257416e+01, 3.35532135e+02 ]
