%YAML:1.0
---
points: [ 9.14886169e+02, 4.85512024e+02, 9.34438538e+02, 4.86426300e+02,
    9.54082581e+02, 4.87189636e+02, 9.73884460e+02, 4.87726471e+02,
    9.13033691e+02, 5.02431427e+02, 9.32812500e+02, 5.03274933e+02,
    9.52663086e+02, 5.04173553e+02, 9.72481018e+02, 5.04690613e+02,
    9.11329163e+02, 5.19538513e+02, 9.31216187e+02, 5.20493713e+02,
    9.51001526e+02, 5.21416870e+02, 9.71210388e+02, 5.22213928e+02,
    9.09105774e+02, 5.37435242e+02, 9.29432922e+02, 5.38105652e+02,
    9.49515442e+02, 5.39031494e+02, 9.69973633e+02, 5.39784790e+02,
    9.07514465e+02, 5.54666138e+02, 9.27671936e+02, 5.55710083e+02,
    9.48238403e+02, 5.56506592e+02, 9.68578003e+02, 5.57495056e+02,
    9.05541748e+02, 5.72985413e+02, 9.26031189e+02, 5.74010803e+02,
    9.46580078e+02, 5.74771912e+02, 9.67044067e+02, 5.75658142e+02 ]
