%YAML:1.0
---
points: [ 7.10991943e+02, 4.85756683e+02, 7.29639587e+02, 4.86490479e+02,
    7.48553284e+02, 4.87084564e+02, 7.67216064e+02, 4.87433105e+02,
    7.09275574e+02, 5.01575104e+02, 7.28271118e+02, 5.02224457e+02,
    7.47315613e+02, 5.02681305e+02, 7.65911804e+02, 5.03156128e+02,
    7.07562439e+02, 5.17513000e+02, 7.26830872e+02, 5.18162354e+02,
    7.45704529e+02, 5.18683411e+02, 7.64741577e+02, 5.19170593e+02,
    7.05821289e+02, 5.33900269e+02, 7.25332458e+02, 5.34313354e+02,
    7.44427673e+02, 5.34843384e+02, 7.63750793e+02, 5.35466797e+02,
    7.04363220e+02, 5.50242737e+02, 7.23616638e+02, 5.50670593e+02,
    7.43214355e+02, 5.51096924e+02, 7.62447144e+02, 5.51607178e+02,
    7.02381348e+02, 5.67083679e+02, 7.22185303e+02, 5.67486755e+02,
    7.41667969e+02, 5.67865540e+02, 7.61103821e+02, 5.68407593e+02 ]
