%YAML:1.0
---
points: [ 1.22892639e+02, 3.04323792e+02, 1.28912323e+02, 3.09169281e+02,
    1.35148926e+02, 3.14325165e+02, 1.41631378e+02, 3.19429474e+02,
    1.14384758e+02, 3.10058380e+02, 1.20267921e+02, 3.14997711e+02,
    1.26596390e+02, 3.20370789e+02, 1.33174698e+02, 3.25591949e+02,
    1.05389656e+02, 3.15762360e+02, 1.11458664e+02, 3.21127014e+02,
    1.17739426e+02, 3.26494904e+02, 1.24115570e+02, 3.32102264e+02,
    9.61341705e+01, 3.21777832e+02, 1.02240440e+02, 3.27345490e+02,
    1.08413216e+02, 3.32909790e+02, 1.15021278e+02, 3.38749603e+02,
    8.68551559e+01, 3.27936829e+02, 9.27756729e+01, 3.33682404e+02,
    9.90814819e+01, 3.39432709e+02, 1.05462753e+02, 3.45382599e+02,
    7.70704117e+01, 3.34249268e+02, 8.31143799e+01, 3.40189667e+02,
    8.92821579e+01, 3.46149017e+02, 9.57583542e+01, 3.52391235e+02 ]
