%YAML:1.0
---
points: [ 5.33649536e+02, 8.17478149e+02, 5.51303040e+02, 8.32284607e+02,
    5.69237671e+02, 8.47328674e+02, 5.87737183e+02, 8.62391968e+02,
    5.07028900e+02, 8.34361023e+02, 5.24497314e+02, 8.49476379e+02,
    5.42548035e+02, 8.65213867e+02, 5.61059082e+02, 8.80771973e+02,
    4.79241272e+02, 8.51683289e+02, 4.96736908e+02, 8.67485535e+02,
    5.14802185e+02, 8.83614685e+02, 5.33441345e+02, 9.00225830e+02,
    4.49921173e+02, 8.69840393e+02, 4.67944550e+02, 8.86036804e+02,
    4.85928772e+02, 9.02855347e+02, 5.04499512e+02, 9.20255737e+02,
    4.20699524e+02, 8.88350769e+02, 4.38236053e+02, 9.05432617e+02,
    4.56260864e+02, 9.22538940e+02, 4.74673065e+02, 9.40556030e+02,
    3.89756012e+02, 9.07694641e+02, 4.07116852e+02, 9.25263184e+02,
    4.25185333e+02, 9.43375183e+02, 4.43519043e+02, 9.61781738e+02 ]
