%YAML:1.0
---
points: [ 2.89486237e+02, 2.92539948e+02, 2.97779327e+02, 2.87012177e+02,
    3.05943146e+02, 2.81660553e+02, 3.14015686e+02, 2.76189178e+02,
    2.95321838e+02, 3.00786591e+02, 3.03699341e+02, 2.95259796e+02,
    3.11985138e+02, 2.89707031e+02, 3.20183716e+02, 2.84192169e+02,
    3.01396088e+02, 3.09387421e+02, 3.09857330e+02, 3.03662079e+02,
    3.18205566e+02, 2.98022797e+02, 3.26486481e+02, 2.92387756e+02,
    3.07682281e+02, 3.18334747e+02, 3.16280548e+02, 3.12416962e+02,
    3.24713470e+02, 3.06625183e+02, 3.33083252e+02, 3.00846466e+02,
    3.14188721e+02, 3.27253052e+02, 3.22794067e+02, 3.21245544e+02,
    3.31256378e+02, 3.15315796e+02, 3.39748169e+02, 3.09405579e+02,
    3.20762665e+02, 3.36510834e+02, 3.29446075e+02, 3.30392578e+02,
    3.38088898e+02, 3.24293091e+02, 3.46580383e+02, 3.18320312e+02 ]
