%YAML:1.0
---
points: [ 1.67120056e+02, 3.05177734e+02, 1.74980835e+02, 3.10297394e+02,
    1.82988922e+02, 3.15408234e+02, 1.91161880e+02, 3.20348755e+02,
    1.61712189e+02, 3.10460297e+02, 1.69770477e+02, 3.15664001e+02,
    1.77922852e+02, 3.20993958e+02, 1.86151718e+02, 3.26158081e+02,
    1.55841415e+02, 3.16140564e+02, 1.64173111e+02, 3.21473511e+02,
    1.72422989e+02, 3.26873840e+02, 1.80975342e+02, 3.32313232e+02,
    1.49812836e+02, 3.21948242e+02, 1.58208389e+02, 3.27495209e+02,
    1.66815109e+02, 3.33139801e+02, 1.75436996e+02, 3.38718781e+02,
    1.43512268e+02, 3.28081390e+02, 1.52240479e+02, 3.33825897e+02,
    1.60976151e+02, 3.39428589e+02, 1.69761978e+02, 3.45232727e+02,
    1.36932098e+02, 3.34464264e+02, 1.45747452e+02, 3.40329285e+02,
    1.54711227e+02, 3.46200653e+02, 1.63798309e+02, 3.52238068e+02 ]
