%YAML:1.0
---
points: [ 2.05334595e+02, 2.93656250e+02, 2.14183350e+02, 2.88007965e+02,
    2.22878860e+02, 2.82438416e+02, 2.31339783e+02, 2.76786224e+02,
    2.10069641e+02, 3.01969666e+02, 2.18959106e+02, 2.96269501e+02,
    2.27751221e+02, 2.90559906e+02, 2.36378815e+02, 2.84855988e+02,
    2.14924683e+02, 3.10594116e+02, 2.23937790e+02, 3.04632141e+02,
    2.32799118e+02, 2.98909668e+02, 2.41529388e+02, 2.93016846e+02,
    2.19864548e+02, 3.19494507e+02, 2.29031082e+02, 3.13513458e+02,
    2.38053513e+02, 3.07492004e+02, 2.46886978e+02, 3.01598480e+02,
    2.25058960e+02, 3.28575348e+02, 2.34307251e+02, 3.22386658e+02,
    2.43276794e+02, 3.16297760e+02, 2.52296143e+02, 3.10172119e+02,
    2.30348175e+02, 3.37971191e+02, 2.39622147e+02, 3.31716980e+02,
    2.48896469e+02, 3.25368805e+02, 2.57922150e+02, 3.19155884e+02 ]
