%YAML:1.0
---
points: [ 6.65751099e+02, 8.20616150e+02, 6.88937988e+02, 8.35732178e+02,
    7.12325195e+02, 8.51038269e+02, 7.36052063e+02, 8.65883301e+02,
    6.48492676e+02, 8.36362732e+02, 6.72169739e+02, 8.51812744e+02,
    6.95920044e+02, 8.67584290e+02, 7.20267151e+02, 8.83067322e+02,
    6.30351013e+02, 8.52773865e+02, 6.54541748e+02, 8.68740479e+02,
    6.78871582e+02, 8.84844849e+02, 7.03635376e+02, 9.01109741e+02,
    6.10641479e+02, 8.70410339e+02, 6.36347107e+02, 8.86570557e+02,
    6.61007019e+02, 9.03222778e+02, 6.86398193e+02, 9.20039978e+02,
    5.91419373e+02, 8.88251709e+02, 6.16725586e+02, 9.05296021e+02,
    6.42413086e+02, 9.22209106e+02, 6.68214539e+02, 9.39542053e+02,
    5.70468262e+02, 9.07326782e+02, 5.96422546e+02, 9.24777527e+02,
    6.22594177e+02, 9.42459961e+02, 6.49059448e+02, 9.60285828e+02 ]
