%YAML:1.0
---
points: [ 5.51079956e+02, 4.85249054e+02, 5.70624756e+02, 4.85932953e+02,
    5.90348938e+02, 4.86693909e+02, 6.09511536e+02, 4.87245178e+02,
    5.50081970e+02, 5.00840942e+02, 5.69971191e+02, 5.01576965e+02,
    5.89641541e+02, 5.02281189e+02, 6.09081482e+02, 5.02568512e+02,
    5.49197693e+02, 5.16770752e+02, 5.69321533e+02, 5.17389526e+02,
    5.89082214e+02, 5.17858826e+02, 6.08525879e+02, 5.18353760e+02,
    5.48099854e+02, 5.33173889e+02, 5.68589966e+02, 5.33483398e+02,
    5.88351196e+02, 5.33798645e+02, 6.08294556e+02, 5.34293884e+02,
    5.47550720e+02, 5.49251709e+02, 5.67589844e+02, 5.49594360e+02,
    5.87806702e+02, 5.49831482e+02, 6.07632690e+02, 5.50297791e+02,
    5.46342590e+02, 5.65845825e+02, 5.66736633e+02, 5.66206543e+02,
    5.87158569e+02, 5.66352966e+02, 6.07290588e+02, 5.66472534e+02 ]
