%YAML:1.0
---
points: [ 1.28913361e+02, 2.85554871e+02, 1.40224823e+02, 2.86026184e+02,
    1.51317825e+02, 2.86777374e+02, 1.62047592e+02, 2.87208099e+02,
    1.27711784e+02, 2.96822876e+02, 1.39142151e+02, 2.97270447e+02,
    1.50302597e+02, 2.97790070e+02, 1.61168518e+02, 2.98161530e+02,
    1.26402855e+02, 3.08309509e+02, 1.38111694e+02, 3.08765808e+02,
    1.49336502e+02, 3.08978058e+02, 1.60386749e+02, 3.09373352e+02,
    1.25172180e+02, 3.20208435e+02, 1.37046585e+02, 3.20563385e+02,
    1.48359039e+02, 3.20692841e+02, 1.59507523e+02, 3.20880157e+02,
    1.24236107e+02, 3.32144745e+02, 1.35943542e+02, 3.32241211e+02,
    1.47500412e+02, 3.32316010e+02, 1.58707794e+02, 3.32358032e+02,
    1.22927635e+02, 3.44572388e+02, 1.34958740e+02, 3.44374023e+02,
    1.46469971e+02, 3.44265625e+02, 1.57883591e+02, 3.44013336e+02 ]
