%YAML:1.0
---
points: [ 2.72640167e+02, 4.84240112e+02, 2.94634613e+02, 4.84787750e+02,
    3.16419312e+02, 4.85449707e+02, 3.37891754e+02, 4.85694275e+02,
    2.71488953e+02, 5.00426666e+02, 2.93803406e+02, 5.01008636e+02,
    3.15609894e+02, 5.01510803e+02, 3.37355988e+02, 5.01651031e+02,
    2.70439850e+02, 5.16839417e+02, 2.92597351e+02, 5.17233337e+02,
    3.14795013e+02, 5.17517944e+02, 3.36567841e+02, 5.17673889e+02,
    2.69334198e+02, 5.33653564e+02, 2.92037750e+02, 5.33722168e+02,
    3.14051453e+02, 5.33816895e+02, 3.36206085e+02, 5.34034851e+02,
    2.68470886e+02, 5.50213928e+02, 2.90956207e+02, 5.50341125e+02,
    3.13337769e+02, 5.50368103e+02, 3.35463928e+02, 5.50368958e+02,
    2.67095306e+02, 5.67380737e+02, 2.90067322e+02, 5.67302917e+02,
    3.12585449e+02, 5.67223267e+02, 3.34765167e+02, 5.66987366e+02 ]
