%YAML:1.0
---
points: [ 5.04638672e+01, 3.07268158e+02, 6.08427849e+01, 3.00221100e+02,
    7.09802399e+01, 2.93314056e+02, 8.09520950e+01, 2.86363739e+02,
    5.61889763e+01, 3.14948212e+02, 6.64702225e+01, 3.07715454e+02,
    7.67962799e+01, 3.00596039e+02, 8.68275452e+01, 2.93475647e+02,
    6.18394394e+01, 3.22828491e+02, 7.23620453e+01, 3.15406372e+02,
    8.26508636e+01, 3.08082245e+02, 9.27923431e+01, 3.00783508e+02,
    6.78120346e+01, 3.31005219e+02, 7.83296051e+01, 3.23230865e+02,
    8.88715820e+01, 3.15686340e+02, 9.90196152e+01, 3.08264343e+02,
    7.39068069e+01, 3.39142242e+02, 8.45805283e+01, 3.31249146e+02,
    9.49735565e+01, 3.23369202e+02, 1.05268112e+02, 3.15720642e+02,
    8.01699371e+01, 3.47685699e+02, 9.08816147e+01, 3.39436279e+02,
    1.01419746e+02, 3.31439911e+02, 1.11694031e+02, 3.23511536e+02 ]
