%YAML:1.0
---
points: [ 5.48291748e+02, 7.61855042e+02, 5.82241516e+02, 7.63987122e+02,
    6.15593018e+02, 7.66028992e+02, 6.48069092e+02, 7.67778137e+02,
    5.43690674e+02, 7.95504883e+02, 5.78262024e+02, 7.97053833e+02,
    6.11993164e+02, 7.98588745e+02, 6.44708801e+02, 8.00094482e+02,
    5.39256042e+02, 8.29631531e+02, 5.74279846e+02, 8.30787537e+02,
    6.08216980e+02, 8.32096741e+02, 6.41355591e+02, 8.32992493e+02,
    5.34282654e+02, 8.66102661e+02, 5.70046997e+02, 8.65525879e+02,
    6.04521423e+02, 8.66202087e+02, 6.38226440e+02, 8.66673279e+02,
    5.30001343e+02, 9.00699951e+02, 5.65840515e+02, 9.00816467e+02,
    6.00969849e+02, 9.00937622e+02, 6.34640442e+02, 9.00927124e+02,
    5.25393005e+02, 9.37374268e+02, 5.61687622e+02, 9.37024109e+02,
    5.96962524e+02, 9.36579407e+02, 6.31513916e+02, 9.36156006e+02 ]
