%YAML:1.0
---
points: [ 2.03589573e+01, 3.05903198e+02, 3.00947819e+01, 2.99233368e+02,
    3.93010597e+01, 2.92620605e+02, 4.86251907e+01, 2.86051331e+02,
    2.74860382e+01, 3.13206451e+02, 3.68488884e+01, 3.06248199e+02,
    4.63298302e+01, 2.99467529e+02, 5.55133286e+01, 2.92700928e+02,
    3.45298843e+01, 3.20438751e+02, 4.40870361e+01, 3.13400513e+02,
    5.33911476e+01, 3.06368469e+02, 6.26306763e+01, 2.99472382e+02,
    4.18671799e+01, 3.27990845e+02, 5.13608246e+01, 3.20490387e+02,
    6.07063713e+01, 3.13387665e+02, 6.98327026e+01, 3.06281738e+02,
    4.92359161e+01, 3.35289368e+02, 5.87569580e+01, 3.27764587e+02,
    6.79748154e+01, 3.20288269e+02, 7.71499329e+01, 3.13177032e+02,
    5.68130379e+01, 3.42875763e+02, 6.61914673e+01, 3.35020172e+02,
    7.55158081e+01, 3.27513000e+02, 8.44643173e+01, 3.20038300e+02 ]
