%YAML:1.0
---
points: [ 2.97859619e+02, 8.07130066e+02, 3.22804932e+02, 8.07978943e+02,
    3.47648651e+02, 8.09043091e+02, 3.71719208e+02, 8.09862488e+02,
    2.93136322e+02, 8.29601257e+02, 3.18237732e+02, 8.30568359e+02,
    3.43151428e+02, 8.31412964e+02, 3.67545654e+02, 8.32371460e+02,
    2.88307312e+02, 8.52770203e+02, 3.13433380e+02, 8.53622314e+02,
    3.38579407e+02, 8.54376099e+02, 3.63292450e+02, 8.54964783e+02,
    2.83069061e+02, 8.76527954e+02, 3.08867462e+02, 8.76791016e+02,
    3.33906860e+02, 8.77411438e+02, 3.59107452e+02, 8.78052673e+02,
    2.78564301e+02, 8.99864807e+02, 3.04179626e+02, 9.00374695e+02,
    3.29417114e+02, 9.00807312e+02, 3.54554993e+02, 9.01233887e+02,
    2.73574799e+02, 9.23881897e+02, 2.99431610e+02, 9.24258118e+02,
    3.24918610e+02, 9.24527344e+02, 3.50152802e+02, 9.24700562e+02 ]
