%YAML:1.0
---
points: [ 2.64352905e+02, 6.33904907e+02, 2.87608765e+02, 6.31585999e+02,
    3.10884003e+02, 6.29375244e+02, 3.33606140e+02, 6.27397461e+02,
    2.65508850e+02, 6.53475220e+02, 2.89260834e+02, 6.50890320e+02,
    3.12294159e+02, 6.48646729e+02, 3.35091858e+02, 6.46327942e+02,
    2.66612976e+02, 6.72718201e+02, 2.90690826e+02, 6.70294556e+02,
    3.13634796e+02, 6.67765015e+02, 3.36776062e+02, 6.65236938e+02,
    2.68208649e+02, 6.92667969e+02, 2.91939789e+02, 6.90164978e+02,
    3.15349426e+02, 6.87370850e+02, 3.38397186e+02, 6.84795044e+02,
    2.69497253e+02, 7.12693237e+02, 2.93177429e+02, 7.09765076e+02,
    3.16740662e+02, 7.07060608e+02, 3.39752289e+02, 7.04045288e+02,
    2.70748749e+02, 7.33018311e+02, 2.94618622e+02, 7.29756470e+02,
    3.18097076e+02, 7.26804077e+02, 3.41385742e+02, 7.23723145e+02 ]
