%YAML:1.0
---
points: [ 4.32298546e+01, 3.00421021e+02, 5.10857315e+01, 3.00878387e+02,
    5.90170746e+01, 3.01341827e+02, 6.66922379e+01, 3.01776581e+02,
    4.20941696e+01, 3.07945404e+02, 4.98788872e+01, 3.08310303e+02,
    5.77138481e+01, 3.08753723e+02, 6.55119553e+01, 3.08916595e+02,
    4.07034073e+01, 3.15450623e+02, 4.87158585e+01, 3.15852325e+02,
    5.66288376e+01, 3.16212616e+02, 6.43373032e+01, 3.16737427e+02,
    3.95379143e+01, 3.23267090e+02, 4.75351677e+01, 3.23660339e+02,
    5.55197868e+01, 3.23956085e+02, 6.32908134e+01, 3.24244812e+02,
    3.84319725e+01, 3.30662384e+02, 4.63333359e+01, 3.31284485e+02,
    5.43691216e+01, 3.31465851e+02, 6.23392296e+01, 3.31776276e+02,
    3.72070122e+01, 3.38887726e+02, 4.54267273e+01, 3.38812378e+02,
    5.31601868e+01, 3.39363770e+02, 6.13979912e+01, 3.39425995e+02 ]
