%YAML:1.0
---
points: [ 8.60098495e+01, 2.76036255e+02, 9.65518188e+01, 2.77490631e+02,
    1.07033318e+02, 2.78930359e+02, 1.17383713e+02, 2.80201508e+02,
    8.29645996e+01, 2.85299591e+02, 9.36493912e+01, 2.86707581e+02,
    1.04299835e+02, 2.88160034e+02, 1.14861038e+02, 2.89371216e+02,
    7.98249817e+01, 2.94799896e+02, 9.07420120e+01, 2.96263153e+02,
    1.01467148e+02, 2.97638184e+02, 1.12319824e+02, 2.99008331e+02,
    7.66023865e+01, 3.04686401e+02, 8.77814484e+01, 3.06154877e+02,
    9.86831284e+01, 3.07549072e+02, 1.09626274e+02, 3.08844086e+02,
    7.35770340e+01, 3.14742737e+02, 8.47162704e+01, 3.16278900e+02,
    9.58047104e+01, 3.17469055e+02, 1.07020226e+02, 3.18913147e+02,
    7.02353439e+01, 3.25294189e+02, 8.16025848e+01, 3.26653961e+02,
    9.28563690e+01, 3.27993958e+02, 1.04291893e+02, 3.29273468e+02 ]
