%YAML:1.0
---
points: [ 1.58802643e+02, 3.01724243e+02, 1.66118301e+02, 3.01833435e+02,
    1.73102570e+02, 3.02037598e+02, 1.80147903e+02, 3.02273224e+02,
    1.58322357e+02, 3.08879425e+02, 1.65537415e+02, 3.09182831e+02,
    1.72686127e+02, 3.09402649e+02, 1.79712463e+02, 3.09587799e+02,
    1.57592209e+02, 3.16758453e+02, 1.65050156e+02, 3.16781097e+02,
    1.72166733e+02, 3.16875610e+02, 1.79382950e+02, 3.16941620e+02,
    1.57107849e+02, 3.24290802e+02, 1.64582932e+02, 3.24424042e+02,
    1.71782730e+02, 3.24503418e+02, 1.78892502e+02, 3.24524811e+02,
    1.56590530e+02, 3.32013000e+02, 1.64074066e+02, 3.31960938e+02,
    1.71378922e+02, 3.31920532e+02, 1.78629669e+02, 3.31886078e+02,
    1.56065506e+02, 3.39841248e+02, 1.63613342e+02, 3.39800659e+02,
    1.70800568e+02, 3.39779205e+02, 1.78205719e+02, 3.39692505e+02 ]
