%YAML:1.0
---
points: [ 6.49340088e+02, 8.09792419e+02, 6.70619385e+02, 8.10804810e+02,
    6.91879883e+02, 8.11514282e+02, 7.12657898e+02, 8.12192688e+02,
    6.47248047e+02, 8.31920898e+02, 6.68848328e+02, 8.32570557e+02,
    6.90261963e+02, 8.33095276e+02, 7.11230591e+02, 8.33651917e+02,
    6.44901062e+02, 8.54327942e+02, 6.66698364e+02, 8.54616516e+02,
    6.88376038e+02, 8.54994507e+02, 7.09468018e+02, 8.55340210e+02,
    6.42652771e+02, 8.77331299e+02, 6.65088562e+02, 8.77145020e+02,
    6.86409668e+02, 8.77338440e+02, 7.08065796e+02, 8.77589600e+02,
    6.40754700e+02, 8.99934875e+02, 6.63056091e+02, 8.99972595e+02,
    6.85024597e+02, 8.99941040e+02, 7.06410645e+02, 8.99852051e+02,
    6.38583130e+02, 9.23353210e+02, 6.60997559e+02, 9.23172058e+02,
    6.83046997e+02, 9.22906433e+02, 7.04691528e+02, 9.22637695e+02 ]
