%YAML:1.0
---
points: [ 2.63279236e+02, 8.03127563e+02, 2.87057709e+02, 8.01216797e+02,
    3.10636902e+02, 7.98964478e+02, 3.33532837e+02, 7.97056396e+02,
    2.62659241e+02, 8.23895996e+02, 2.86700226e+02, 8.21721436e+02,
    3.10283234e+02, 8.19326355e+02, 3.33457275e+02, 8.17345764e+02,
    2.62163147e+02, 8.44683044e+02, 2.86397186e+02, 8.42306458e+02,
    3.10060242e+02, 8.39825073e+02, 3.33520508e+02, 8.37284668e+02,
    2.61819885e+02, 8.66005798e+02, 2.86111206e+02, 8.63463623e+02,
    3.09812164e+02, 8.60755981e+02, 3.33254639e+02, 8.58340027e+02,
    2.61324188e+02, 8.87509888e+02, 2.85714172e+02, 8.84674500e+02,
    3.09580231e+02, 8.81818542e+02, 3.33133484e+02, 8.79067017e+02,
    2.60836273e+02, 9.09202881e+02, 2.85465759e+02, 9.06315002e+02,
    3.09232178e+02, 9.03130493e+02, 3.32899017e+02, 9.00166931e+02 ]
