%YAML:1.0
---
points: [ 2.13273880e+02, 3.00240204e+02, 2.20710159e+02, 3.00210571e+02,
    2.27946945e+02, 3.00272125e+02, 2.35329269e+02, 3.00242676e+02,
    2.13024673e+02, 3.07940918e+02, 2.20470764e+02, 3.07931702e+02,
    2.27733261e+02, 3.07920532e+02, 2.35110947e+02, 3.07934204e+02,
    2.12610092e+02, 3.15666687e+02, 2.20250473e+02, 3.15615997e+02,
    2.27587112e+02, 3.15651886e+02, 2.35034882e+02, 3.15541229e+02,
    2.12519501e+02, 3.23711121e+02, 2.19819916e+02, 3.23639526e+02,
    2.27585129e+02, 3.23608093e+02, 2.34739990e+02, 3.23706146e+02,
    2.11784927e+02, 3.31222534e+02, 2.19888199e+02, 3.31389374e+02,
    2.27046661e+02, 3.31265564e+02, 2.35086014e+02, 3.30818939e+02,
    2.11757858e+02, 3.39899323e+02, 2.19447784e+02, 3.39572113e+02,
    2.27039001e+02, 3.39681580e+02, 2.34913162e+02, 3.39520203e+02 ]
