%YAML:1.0
---
points: [ 1.71702393e+02, 3.49279572e+02, 1.75087326e+02, 3.40709839e+02,
    1.78304031e+02, 3.32513885e+02, 1.81408432e+02, 3.24625641e+02,
    1.81221130e+02, 3.52237885e+02, 1.84349869e+02, 3.43532196e+02,
    1.87406326e+02, 3.35306915e+02, 1.90478302e+02, 3.27345337e+02,
    1.90499863e+02, 3.55032654e+02, 1.93611755e+02, 3.46352295e+02,
    1.96461441e+02, 3.38079041e+02, 1.99277420e+02, 3.29949554e+02,
    2.00195007e+02, 3.57933136e+02, 2.03001495e+02, 3.49166595e+02,
    2.05676819e+02, 3.40838593e+02, 2.08251633e+02, 3.32790680e+02,
    2.09637268e+02, 3.60726807e+02, 2.12271545e+02, 3.51993378e+02,
    2.14765839e+02, 3.43543549e+02, 2.17183670e+02, 3.35452942e+02,
    2.19192703e+02, 3.63613464e+02, 2.21465073e+02, 3.54883240e+02,
    2.23829758e+02, 3.46363342e+02, 2.26119766e+02, 3.38154205e+02 ]
