%YAML:1.0
---
points: [ 6.21722900e+02, 7.86276428e+02, 6.39422974e+02, 7.85468140e+02,
    6.57195679e+02, 7.84417542e+02, 6.74861450e+02, 7.83455322e+02,
    6.20482117e+02, 8.04044250e+02, 6.38401550e+02, 8.02949585e+02,
    6.56233459e+02, 8.02222839e+02, 6.73869507e+02, 8.01198364e+02,
    6.19041992e+02, 8.21905701e+02, 6.37464172e+02, 8.20855591e+02,
    6.55105408e+02, 8.19848877e+02, 6.73394287e+02, 8.18785645e+02,
    6.17954956e+02, 8.40070679e+02, 6.36200623e+02, 8.39110291e+02,
    6.54345093e+02, 8.38194946e+02, 6.72159119e+02, 8.37307007e+02,
    6.16722656e+02, 8.58635742e+02, 6.34893921e+02, 8.57614868e+02,
    6.53266785e+02, 8.56549438e+02, 6.71313599e+02, 8.55566895e+02,
    6.15382996e+02, 8.77231445e+02, 6.33809570e+02, 8.76251831e+02,
    6.52175842e+02, 8.75287170e+02, 6.70261292e+02, 8.74329407e+02 ]
