%YAML:1.0
---
points: [ 8.09666931e+02, 8.07172302e+02, 8.31370056e+02, 8.07282227e+02,
    8.52986450e+02, 8.07430664e+02, 8.74526794e+02, 8.07453247e+02,
    8.08220337e+02, 8.29464050e+02, 8.29921448e+02, 8.29499756e+02,
    8.51934998e+02, 8.29664856e+02, 8.73787231e+02, 8.29679077e+02,
    8.06952271e+02, 8.52277039e+02, 8.29030090e+02, 8.52316345e+02,
    8.51003479e+02, 8.52466553e+02, 8.73017822e+02, 8.52506104e+02,
    8.05585144e+02, 8.75884888e+02, 8.28102539e+02, 8.75587524e+02,
    8.49992371e+02, 8.75671814e+02, 8.72176941e+02, 8.75670593e+02,
    8.04390320e+02, 8.99089478e+02, 8.26909729e+02, 8.98989014e+02,
    8.49165710e+02, 8.98895935e+02, 8.71314514e+02, 8.98899963e+02,
    8.02883179e+02, 9.23125854e+02, 8.25778687e+02, 9.23045410e+02,
    8.48236023e+02, 9.22891541e+02, 8.70435974e+02, 9.22812073e+02 ]
