%YAML:1.0
---
points: [ 8.80520996e+02, 7.96661133e+02, 9.01477722e+02, 7.97687866e+02,
    9.22018127e+02, 7.98777405e+02, 9.42198792e+02, 7.99941040e+02,
    8.80430359e+02, 8.21562134e+02, 9.01547668e+02, 8.22423523e+02,
    9.22179688e+02, 8.23184631e+02, 9.42566956e+02, 8.23886292e+02,
    8.80284302e+02, 8.46787964e+02, 9.01510071e+02, 8.47413269e+02,
    9.22428711e+02, 8.48093628e+02, 9.42789246e+02, 8.48539062e+02,
    8.80185120e+02, 8.72915283e+02, 9.01707336e+02, 8.72928589e+02,
    9.22618652e+02, 8.73302795e+02, 9.43331543e+02, 8.73403137e+02,
    8.80306702e+02, 8.98911621e+02, 9.01757324e+02, 8.98856140e+02,
    9.23157471e+02, 8.98747131e+02, 9.43640869e+02, 8.98646606e+02,
    8.80198608e+02, 9.25745850e+02, 9.01947083e+02, 9.25310913e+02,
    9.23421143e+02, 9.24891113e+02, 9.44294617e+02, 9.24514038e+02 ]
