%YAML:1.0
---
points: [ 2.41014557e+02, 3.46150208e+02, 2.43725037e+02, 3.37990143e+02,
    2.46446198e+02, 3.30135254e+02, 2.49077606e+02, 3.22577850e+02,
    2.50069336e+02, 3.49376434e+02, 2.52728470e+02, 3.41059967e+02,
    2.55189499e+02, 3.33135468e+02, 2.57721710e+02, 3.25579376e+02,
    2.59109985e+02, 3.52610901e+02, 2.61563416e+02, 3.44202393e+02,
    2.63982208e+02, 3.36243927e+02, 2.66311615e+02, 3.28390991e+02,
    2.68395111e+02, 3.55822998e+02, 2.70667084e+02, 3.47342346e+02,
    2.72912689e+02, 3.39248474e+02, 2.75139343e+02, 3.31488007e+02,
    2.77575134e+02, 3.58816956e+02, 2.79793213e+02, 3.50473999e+02,
    2.81847443e+02, 3.42290985e+02, 2.83808258e+02, 3.34463257e+02,
    2.87031921e+02, 3.62224640e+02, 2.88880341e+02, 3.53676208e+02,
    2.90798798e+02, 3.45415070e+02, 2.92657654e+02, 3.37426453e+02 ]
