%YAML:1.0
---
points: [ 7.57964844e+02, 7.74996826e+02, 7.73316895e+02, 7.73678955e+02,
    7.88495789e+02, 7.72534058e+02, 8.03610413e+02, 7.71334167e+02,
    7.58630249e+02, 7.90669678e+02, 7.74279053e+02, 7.89284485e+02,
    7.89386047e+02, 7.87952209e+02, 8.04453430e+02, 7.86940552e+02,
    7.59394104e+02, 8.06321045e+02, 7.74936890e+02, 8.04771973e+02,
    7.90362427e+02, 8.03501892e+02, 8.05642700e+02, 8.02311951e+02,
    7.60090332e+02, 8.22362305e+02, 7.75769348e+02, 8.20780212e+02,
    7.91056396e+02, 8.19411682e+02, 8.06484497e+02, 8.18071716e+02,
    7.60817871e+02, 8.38327087e+02, 7.76483948e+02, 8.36855774e+02,
    7.92045837e+02, 8.35286987e+02, 8.07354980e+02, 8.33893616e+02,
    7.61562988e+02, 8.54655396e+02, 7.77454468e+02, 8.53148010e+02,
    7.92893433e+02, 8.51461304e+02, 8.08373779e+02, 8.49935303e+02 ]
