%YAML:1.0
---
points: [ 2.38340042e+02, 2.96585907e+02, 2.45416336e+02, 2.96937256e+02,
    2.52033340e+02, 2.97169983e+02, 2.59180969e+02, 2.97498718e+02,
    2.38450577e+02, 3.04975586e+02, 2.45515854e+02, 3.05252411e+02,
    2.52433441e+02, 3.05461884e+02, 2.59187469e+02, 3.05764740e+02,
    2.38553085e+02, 3.13735657e+02, 2.45675598e+02, 3.13850159e+02,
    2.52716614e+02, 3.13981110e+02, 2.59716064e+02, 3.14132599e+02,
    2.38653595e+02, 3.22435150e+02, 2.45826477e+02, 3.22511414e+02,
    2.52835480e+02, 3.22562317e+02, 2.59762634e+02, 3.22531219e+02,
    2.38797791e+02, 3.31368408e+02, 2.46038071e+02, 3.31190613e+02,
    2.53135895e+02, 3.31134674e+02, 2.60058716e+02, 3.31020203e+02,
    2.38878326e+02, 3.40355713e+02, 2.46361237e+02, 3.40253082e+02,
    2.53598572e+02, 3.40041321e+02, 2.60551910e+02, 3.39903534e+02 ]
