%YAML:1.0
---
points: [ 1.57596167e+03, 8.13481018e+02, 1.60029346e+03, 8.12940369e+02,
    1.62435510e+03, 8.12495178e+02, 1.64865125e+03, 8.11934387e+02,
    1.58041736e+03, 8.36215210e+02, 1.60475610e+03, 8.35692200e+02,
    1.62885767e+03, 8.35242981e+02, 1.65358215e+03, 8.34721924e+02,
    1.58489160e+03, 8.59174988e+02, 1.60945569e+03, 8.58716431e+02,
    1.63376550e+03, 8.58446655e+02, 1.65857141e+03, 8.57593140e+02,
    1.58958289e+03, 8.82444946e+02, 1.61409167e+03, 8.82214722e+02,
    1.63868506e+03, 8.81882568e+02, 1.66361670e+03, 8.81649780e+02,
    1.59430298e+03, 9.06288452e+02, 1.61870288e+03, 9.06142151e+02,
    1.64367786e+03, 9.05854797e+02, 1.66869055e+03, 9.05617188e+02,
    1.59866980e+03, 9.30224243e+02, 1.62344873e+03, 9.30171204e+02,
    1.64855176e+03, 9.30115906e+02, 1.67379761e+03, 9.29912781e+02 ]
