%YAML:1.0
---
points: [ 2.31117203e+02, 2.97289001e+02, 2.38717850e+02, 2.97122345e+02,
    2.46341049e+02, 2.96944000e+02, 2.53899719e+02, 2.96709045e+02,
    2.30816254e+02, 3.05681763e+02, 2.38515747e+02, 3.05459351e+02,
    2.46094254e+02, 3.05291901e+02, 2.53833786e+02, 3.05081512e+02,
    2.30615921e+02, 3.14041809e+02, 2.38266998e+02, 3.13963074e+02,
    2.45854813e+02, 3.13942200e+02, 2.53808548e+02, 3.13782898e+02,
    2.30209015e+02, 3.22748383e+02, 2.37967819e+02, 3.22749512e+02,
    2.45847931e+02, 3.22604279e+02, 2.53806870e+02, 3.22436981e+02,
    2.29868561e+02, 3.31321106e+02, 2.37794983e+02, 3.31336670e+02,
    2.45597076e+02, 3.31201660e+02, 2.53736191e+02, 3.31316467e+02,
    2.29669662e+02, 3.40279633e+02, 2.37566025e+02, 3.40289276e+02,
    2.45572662e+02, 3.40269714e+02, 2.53642838e+02, 3.40261902e+02 ]
