%YAML:1.0
---
points: [ 3.09004974e+02, 3.45493958e+02, 3.11455048e+02, 3.37557892e+02,
    3.13878662e+02, 3.29814667e+02, 3.16169647e+02, 3.22324432e+02,
    3.18340576e+02, 3.49090454e+02, 3.20685425e+02, 3.40881561e+02,
    3.22857605e+02, 3.33130310e+02, 3.25128723e+02, 3.25553986e+02,
    3.27615814e+02, 3.52561829e+02, 3.29846283e+02, 3.44304504e+02,
    3.31976593e+02, 3.36370087e+02, 3.34076660e+02, 3.28657990e+02,
    3.37289276e+02, 3.56134216e+02, 3.39303802e+02, 3.47714020e+02,
    3.41329620e+02, 3.39716583e+02, 3.43195648e+02, 3.31973572e+02,
    3.46924194e+02, 3.59562317e+02, 3.48866638e+02, 3.51218903e+02,
    3.50649261e+02, 3.43027252e+02, 3.52400848e+02, 3.35236664e+02,
    3.56841217e+02, 3.63255341e+02, 3.58436310e+02, 3.54695892e+02,
    3.60197693e+02, 3.46436096e+02, 3.61776978e+02, 3.38385620e+02 ]
