%YAML:1.0
---
points: [ 8.60141663e+02, 7.98596802e+02, 8.82090454e+02, 7.98125977e+02,
    9.04530151e+02, 7.97676941e+02, 9.26848938e+02, 7.97287048e+02,
    8.58813843e+02, 8.23229919e+02, 8.81041809e+02, 8.22881104e+02,
    9.03492920e+02, 8.22564880e+02, 9.26095764e+02, 8.22188904e+02,
    8.57632080e+02, 8.48094666e+02, 8.80001587e+02, 8.47905396e+02,
    9.02348755e+02, 8.47655884e+02, 9.25429993e+02, 8.47467041e+02,
    8.55941895e+02, 8.73544312e+02, 8.78864014e+02, 8.73351624e+02,
    9.01549133e+02, 8.73256348e+02, 9.24770081e+02, 8.73263489e+02,
    8.54686646e+02, 8.99022705e+02, 8.77535339e+02, 8.99148682e+02,
    9.00631531e+02, 8.99221191e+02, 9.23922729e+02, 8.99270691e+02,
    8.53341064e+02, 9.25323059e+02, 8.76228882e+02, 9.25462219e+02,
    8.99634644e+02, 9.25657593e+02, 9.23080872e+02, 9.25854858e+02 ]
