%YAML:1.0
---
points: [ 1.72798291e+03, 4.61139771e+02, 1.75464343e+03, 4.61456665e+02,
    1.78153564e+03, 4.61875854e+02, 1.80896387e+03, 4.62288330e+02,
    1.72722632e+03, 4.83817383e+02, 1.75389893e+03, 4.84488007e+02,
    1.78076135e+03, 4.85140686e+02, 1.80825854e+03, 4.85655121e+02,
    1.72647217e+03, 5.06780518e+02, 1.75328516e+03, 5.07474548e+02,
    1.78025891e+03, 5.08262604e+02, 1.80748572e+03, 5.08826782e+02,
    1.72573462e+03, 5.30244507e+02, 1.75270361e+03, 5.30516052e+02,
    1.77955396e+03, 5.31506653e+02, 1.80699500e+03, 5.32479553e+02,
    1.72523511e+03, 5.52565674e+02, 1.75193127e+03, 5.53671082e+02,
    1.77905811e+03, 5.54516724e+02, 1.80627185e+03, 5.55493530e+02,
    1.72448523e+03, 5.75591003e+02, 1.75133423e+03, 5.76566406e+02,
    1.77845471e+03, 5.77670227e+02, 1.80572192e+03, 5.78910828e+02 ]
