%YAML:1.0
---
points: [ 3.70682373e+02, 3.43103851e+02, 3.71908600e+02, 3.35365143e+02,
    3.73015564e+02, 3.27839355e+02, 3.74145081e+02, 3.21119202e+02,
    3.80136230e+02, 3.46373474e+02, 3.81169312e+02, 3.38530121e+02,
    3.82185303e+02, 3.30912842e+02, 3.83133972e+02, 3.23822662e+02,
    3.89397491e+02, 3.49623657e+02, 3.90382141e+02, 3.41677399e+02,
    3.91266937e+02, 3.33994598e+02, 3.92161865e+02, 3.26957611e+02,
    3.99074585e+02, 3.52839417e+02, 3.99776825e+02, 3.44729919e+02,
    4.00664856e+02, 3.37092865e+02, 4.01229767e+02, 3.29580994e+02,
    4.08555786e+02, 3.55867340e+02, 4.09244659e+02, 3.47938477e+02,
    4.09851807e+02, 3.40081116e+02, 4.10490967e+02, 3.32796234e+02,
    4.18318665e+02, 3.59123047e+02, 4.18700592e+02, 3.51004578e+02,
    4.19202515e+02, 3.43196655e+02, 4.19666992e+02, 3.35574860e+02 ]
