%YAML:1.0
---
points: [ 2.30626709e+02, 2.97615692e+02, 2.37661240e+02, 2.97218353e+02,
    2.44528580e+02, 2.96986450e+02, 2.51290695e+02, 2.96553497e+02,
    2.30604752e+02, 3.05827850e+02, 2.37042984e+02, 3.05580200e+02,
    2.44011993e+02, 3.05314423e+02, 2.51095749e+02, 3.04983490e+02,
    2.29955521e+02, 3.14173492e+02, 2.36798813e+02, 3.14052612e+02,
    2.43742203e+02, 3.13915344e+02, 2.50890976e+02, 3.13827728e+02,
    2.29645920e+02, 3.22721283e+02, 2.36636063e+02, 3.22782684e+02,
    2.43655807e+02, 3.22684235e+02, 2.50758438e+02, 3.22466827e+02,
    2.29205963e+02, 3.31358765e+02, 2.36307816e+02, 3.31377502e+02,
    2.43298630e+02, 3.31323853e+02, 2.50645874e+02, 3.31402710e+02,
    2.28774719e+02, 3.40263733e+02, 2.35764755e+02, 3.40287415e+02,
    2.42918930e+02, 3.40393188e+02, 2.50391632e+02, 3.40373291e+02 ]
