%YAML:1.0
---
points: [ 8.59174255e+02, 7.99301147e+02, 8.78608215e+02, 7.98484558e+02,
    8.98702637e+02, 7.97703491e+02, 9.18673767e+02, 7.96912170e+02,
    8.57567627e+02, 8.23676270e+02, 8.77229614e+02, 8.23034058e+02,
    8.97398499e+02, 8.22604553e+02, 9.17767456e+02, 8.21881714e+02,
    8.56027100e+02, 8.48418335e+02, 8.75908386e+02, 8.48055359e+02,
    8.96217651e+02, 8.47723328e+02, 9.16849792e+02, 8.47375610e+02,
    8.54296448e+02, 8.73603760e+02, 8.74601746e+02, 8.73387268e+02,
    8.95051331e+02, 8.73237732e+02, 9.16047546e+02, 8.73262756e+02,
    8.52901733e+02, 8.99009766e+02, 8.73148010e+02, 8.99117004e+02,
    8.93520569e+02, 8.99269714e+02, 9.14646973e+02, 8.99433960e+02,
    8.51122314e+02, 9.24979675e+02, 8.71337585e+02, 9.25307922e+02,
    8.92269836e+02, 9.25708435e+02, 9.13331543e+02, 9.26168213e+02 ]
