%YAML:1.0
---
points: [ 3.92329285e+02, 3.41708710e+02, 3.94445099e+02, 3.34242798e+02,
    3.96485931e+02, 3.27067688e+02, 3.98379883e+02, 3.20298340e+02,
    4.01776550e+02, 3.45179993e+02, 4.03789368e+02, 3.37463135e+02,
    4.05569153e+02, 3.30431030e+02, 4.07507172e+02, 3.23188141e+02,
    4.11218597e+02, 3.48583405e+02, 4.13104034e+02, 3.40942871e+02,
    4.14866241e+02, 3.33405975e+02, 4.16693817e+02, 3.26304321e+02,
    4.20852020e+02, 3.52020691e+02, 4.22644928e+02, 3.44120850e+02,
    4.24344757e+02, 3.36681366e+02, 4.25999786e+02, 3.29303680e+02,
    4.30567413e+02, 3.55223816e+02, 4.32276581e+02, 3.47572479e+02,
    4.33918884e+02, 3.39894531e+02, 4.35362518e+02, 3.32640045e+02,
    4.40415436e+02, 3.58738434e+02, 4.41878937e+02, 3.50733765e+02,
    4.43367065e+02, 3.43196228e+02, 4.44823425e+02, 3.35620087e+02 ]
