%YAML:1.0
---
points: [ 1.00120117e+03, 8.16444214e+02, 1.01715930e+03, 8.33383301e+02,
    1.03346057e+03, 8.50760620e+02, 1.05009021e+03, 8.68447144e+02,
    9.83717163e+02, 8.34172607e+02, 9.99477539e+02, 8.51483826e+02,
    1.01562372e+03, 8.69117310e+02, 1.03226538e+03, 8.87228943e+02,
    9.66408569e+02, 8.52063293e+02, 9.81781311e+02, 8.69444397e+02,
    9.97777466e+02, 8.87509277e+02, 1.01424988e+03, 9.05982666e+02,
    9.48380493e+02, 8.70262634e+02, 9.64013733e+02, 8.88010620e+02,
    9.79752319e+02, 9.06246521e+02, 9.96164978e+02, 9.25323486e+02,
    9.30697388e+02, 8.88341431e+02, 9.46169067e+02, 9.06474365e+02,
    9.61579834e+02, 9.24971924e+02, 9.77803711e+02, 9.44133484e+02,
    9.12669739e+02, 9.06585266e+02, 9.27752441e+02, 9.25083374e+02,
    9.43417053e+02, 9.43993530e+02, 9.59326721e+02, 9.63455566e+02 ]
