%YAML:1.0
---
points: [ 3.14089661e+02, 5.32399109e+02, 3.31890320e+02, 5.34708435e+02,
    3.49455322e+02, 5.37447632e+02, 3.66652008e+02, 5.39710144e+02,
    3.11206787e+02, 5.47703308e+02, 3.28807159e+02, 5.50138062e+02,
    3.46539612e+02, 5.52519836e+02, 3.63948334e+02, 5.54836121e+02,
    3.08152863e+02, 5.63074036e+02, 3.26031525e+02, 5.65500366e+02,
    3.43622314e+02, 5.67640625e+02, 3.60930542e+02, 5.70074036e+02,
    3.05141785e+02, 5.78587341e+02, 3.23227966e+02, 5.80866821e+02,
    3.40669220e+02, 5.82876831e+02, 3.58410431e+02, 5.85334595e+02,
    3.02425049e+02, 5.93868164e+02, 3.20176422e+02, 5.96278625e+02,
    3.38053375e+02, 5.98208862e+02, 3.55325623e+02, 6.00315918e+02,
    2.99403564e+02, 6.09493469e+02, 3.17340973e+02, 6.11681885e+02,
    3.34919464e+02, 6.13443237e+02, 3.52581909e+02, 6.15547546e+02 ]
