%YAML:1.0
---
points: [ 2.79490784e+02, 3.03021942e+02, 2.85100006e+02, 3.08681946e+02,
    2.90903381e+02, 3.14582520e+02, 2.96703369e+02, 3.20571075e+02,
    2.73705261e+02, 3.09058014e+02, 2.79190002e+02, 3.14868256e+02,
    2.84917480e+02, 3.20842133e+02, 2.90816223e+02, 3.26913910e+02,
    2.67801697e+02, 3.15190308e+02, 2.73271759e+02, 3.21118286e+02,
    2.78876648e+02, 3.27148315e+02, 2.84712585e+02, 3.33448395e+02,
    2.61852753e+02, 3.21317810e+02, 2.67262878e+02, 3.27427612e+02,
    2.72825897e+02, 3.33587402e+02, 2.78649994e+02, 3.39899109e+02,
    2.55949158e+02, 3.27609985e+02, 2.61309052e+02, 3.33730408e+02,
    2.66834015e+02, 3.39879852e+02, 2.72476074e+02, 3.46364929e+02,
    2.49916397e+02, 3.33812592e+02, 2.55198364e+02, 3.40056152e+02,
    2.60642792e+02, 3.46399139e+02, 2.66294647e+02, 3.52915955e+02 ]
