%YAML:1.0
---
points: [ 4.15705658e+02, 5.78851746e+02, 4.18794708e+02, 5.92671814e+02,
    4.22364685e+02, 6.06444824e+02, 4.25214020e+02, 6.19975403e+02,
    3.99957245e+02, 5.83737122e+02, 4.02900208e+02, 5.97706482e+02,
    4.06542877e+02, 6.12270020e+02, 4.09280426e+02, 6.25332947e+02,
    3.84060516e+02, 5.88273254e+02, 3.87253540e+02, 6.02597351e+02,
    3.90404694e+02, 6.16535278e+02, 3.93418579e+02, 6.30463257e+02,
    3.68351288e+02, 5.93630432e+02, 3.71077026e+02, 6.07591125e+02,
    3.74295776e+02, 6.21498169e+02, 3.77073120e+02, 6.35695618e+02,
    3.51751617e+02, 5.98413818e+02, 3.55079773e+02, 6.12697998e+02,
    3.58237244e+02, 6.26467163e+02, 3.61267517e+02, 6.40722534e+02,
    3.36527100e+02, 6.01614624e+02, 3.39003021e+02, 6.17466492e+02,
    3.41954498e+02, 6.31591187e+02, 3.44677887e+02, 6.45754517e+02 ]
