%YAML:1.0
---
points: [ 3.87444366e+02, 3.01203186e+02, 3.95028320e+02, 3.07317627e+02,
    4.02616638e+02, 3.13622162e+02, 4.10503082e+02, 3.19895020e+02,
    3.81712067e+02, 3.07598236e+02, 3.89136536e+02, 3.13860626e+02,
    3.96755646e+02, 3.20225922e+02, 4.04477112e+02, 3.26667267e+02,
    3.75813782e+02, 3.14059845e+02, 3.83313660e+02, 3.20369843e+02,
    3.90783813e+02, 3.26918732e+02, 3.98625000e+02, 3.33421814e+02,
    3.69784882e+02, 3.20547241e+02, 3.77231018e+02, 3.27149384e+02,
    3.84800720e+02, 3.33654266e+02, 3.92506226e+02, 3.40400360e+02,
    3.63966431e+02, 3.27095428e+02, 3.71340240e+02, 3.33668640e+02,
    3.78807281e+02, 3.40401154e+02, 3.86540375e+02, 3.47197449e+02,
    3.57859955e+02, 3.33707001e+02, 3.65174011e+02, 3.40459717e+02,
    3.72710999e+02, 3.47258362e+02, 3.80285309e+02, 3.54280884e+02 ]
