%YAML:1.0
---
points: [ 3.91806122e+02, 2.78863495e+02, 3.99775024e+02, 2.82684052e+02,
    4.07272797e+02, 2.87342041e+02, 4.15647003e+02, 2.91012787e+02,
    3.89687622e+02, 2.83276642e+02, 3.97245575e+02, 2.87838257e+02,
    4.05134796e+02, 2.92249908e+02, 4.13069733e+02, 2.96552185e+02,
    3.86063324e+02, 2.90237122e+02, 3.94080597e+02, 2.94283295e+02,
    4.01987091e+02, 2.98649780e+02, 4.10167511e+02, 3.02982941e+02,
    3.82776062e+02, 2.96567078e+02, 3.90891876e+02, 3.00635284e+02,
    3.98942078e+02, 3.05266022e+02, 4.06922699e+02, 3.10046661e+02,
    3.79673981e+02, 3.02607117e+02, 3.87820160e+02, 3.07127197e+02,
    3.95936768e+02, 3.11344086e+02, 4.04291443e+02, 3.15874298e+02,
    3.76353607e+02, 3.09276031e+02, 3.84409363e+02, 3.13548950e+02,
    3.92682434e+02, 3.18293182e+02, 4.01087708e+02, 3.22893402e+02 ]
