%YAML:1.0
---
points: [ 1.31645435e+03, 8.14619141e+02, 1.33835791e+03, 8.33078064e+02,
    1.36067090e+03, 8.52102783e+02, 1.38369568e+03, 8.71381287e+02,
    1.29894434e+03, 8.33019958e+02, 1.32065723e+03, 8.51966187e+02,
    1.34290466e+03, 8.71331848e+02, 1.36596204e+03, 8.91085205e+02,
    1.28158447e+03, 8.51900879e+02, 1.30309802e+03, 8.71090210e+02,
    1.32527625e+03, 8.90700562e+02, 1.34808789e+03, 9.10949951e+02,
    1.26349695e+03, 8.71191895e+02, 1.28533850e+03, 8.90471375e+02,
    1.30723340e+03, 9.10545471e+02, 1.32999487e+03, 9.31307922e+02,
    1.24600500e+03, 8.90063416e+02, 1.26738953e+03, 9.09921814e+02,
    1.28928625e+03, 9.30383240e+02, 1.31172144e+03, 9.51311279e+02,
    1.22792468e+03, 9.09436829e+02, 1.24906067e+03, 9.29799744e+02,
    1.27108081e+03, 9.50479614e+02, 1.29341858e+03, 9.71712158e+02 ]
