%YAML:1.0
---
points: [ 4.59184692e+02, 2.95357391e+02, 4.68187012e+02, 3.02253967e+02,
    4.77144806e+02, 3.09400543e+02, 4.86409393e+02, 3.16478729e+02,
    4.51972351e+02, 3.03039948e+02, 4.60710388e+02, 3.10128815e+02,
    4.69689362e+02, 3.17335938e+02, 4.78692444e+02, 3.24833160e+02,
    4.44484161e+02, 3.10720276e+02, 4.53321655e+02, 3.17914581e+02,
    4.62136627e+02, 3.25395203e+02, 4.71251587e+02, 3.32909851e+02,
    4.37203247e+02, 3.18362976e+02, 4.45832336e+02, 3.25884644e+02,
    4.54646149e+02, 3.33361847e+02, 4.63427795e+02, 3.41141968e+02,
    4.29985352e+02, 3.26114288e+02, 4.38512573e+02, 3.33439362e+02,
    4.47145905e+02, 3.41247955e+02, 4.56034882e+02, 3.48974182e+02,
    4.22635101e+02, 3.33652527e+02, 4.30933655e+02, 3.41330750e+02,
    4.39581360e+02, 3.49042694e+02, 4.48157990e+02, 3.57251251e+02 ]
