%YAML:1.0
---
points: [ 3.45918365e+02, 2.70307068e+02, 3.53115936e+02, 2.70345886e+02,
    3.60339020e+02, 2.70376221e+02, 3.67543640e+02, 2.70366455e+02,
    3.46556244e+02, 2.77167145e+02, 3.53729584e+02, 2.77310303e+02,
    3.61115906e+02, 2.77357452e+02, 3.68323090e+02, 2.77291260e+02,
    3.47238495e+02, 2.84354645e+02, 3.54561646e+02, 2.84421631e+02,
    3.61791809e+02, 2.84480347e+02, 3.69226318e+02, 2.84530243e+02,
    3.47885590e+02, 2.91774261e+02, 3.55325623e+02, 2.91770813e+02,
    3.62691742e+02, 2.91795319e+02, 3.70126831e+02, 2.91780426e+02,
    3.48707245e+02, 2.98873474e+02, 3.56019043e+02, 2.98849823e+02,
    3.63480896e+02, 2.98862457e+02, 3.70973511e+02, 2.98926758e+02,
    3.49382141e+02, 3.06332397e+02, 3.56766235e+02, 3.06400024e+02,
    3.64380768e+02, 3.06513092e+02, 3.71819885e+02, 3.06509888e+02 ]
