%YAML:1.0
---
points: [ 9.53835510e+02, 5.22976135e+02, 9.57869812e+02, 5.43254700e+02,
    9.61758484e+02, 5.63687500e+02, 9.65629822e+02, 5.84613831e+02,
    9.34707153e+02, 5.31842285e+02, 9.38523987e+02, 5.51816589e+02,
    9.42504150e+02, 5.72403870e+02, 9.46016968e+02, 5.93141235e+02,
    9.16307800e+02, 5.40415466e+02, 9.19620422e+02, 5.60520203e+02,
    9.23262390e+02, 5.80724426e+02, 9.26735535e+02, 6.01492493e+02,
    8.96340820e+02, 5.48825012e+02, 9.00742859e+02, 5.69173950e+02,
    9.03638794e+02, 5.89373047e+02, 9.07593750e+02, 6.10072876e+02,
    8.79608521e+02, 5.57306885e+02, 8.82751953e+02, 5.77237854e+02,
    8.85869629e+02, 5.97308411e+02, 8.89089294e+02, 6.17992004e+02,
    8.61352661e+02, 5.65648132e+02, 8.64381653e+02, 5.85250610e+02,
    8.67403870e+02, 6.05444458e+02, 8.70362183e+02, 6.26027405e+02 ]
