%YAML:1.0
---
points: [ 1.52740625e+03, 8.01890015e+02, 1.55477771e+03, 8.23597595e+02,
    1.58325293e+03, 8.46233582e+02, 1.61278088e+03, 8.69483398e+02,
    1.50503809e+03, 8.24361145e+02, 1.53203821e+03, 8.46476562e+02,
    1.55994934e+03, 8.69540405e+02, 1.58908191e+03, 8.93395447e+02,
    1.48288452e+03, 8.46617493e+02, 1.50936621e+03, 8.69251221e+02,
    1.53677979e+03, 8.92672424e+02, 1.56549023e+03, 9.17211670e+02,
    1.45977344e+03, 8.69566284e+02, 1.48679712e+03, 8.92179749e+02,
    1.51362341e+03, 9.15945984e+02, 1.54182361e+03, 9.41141663e+02,
    1.43874902e+03, 8.91139038e+02, 1.46430127e+03, 9.14693237e+02,
    1.49074854e+03, 9.38910400e+02, 1.51856677e+03, 9.64391357e+02,
    1.41673987e+03, 9.13294678e+02, 1.44170532e+03, 9.37256104e+02,
    1.46783276e+03, 9.62119263e+02, 1.49495959e+03, 9.87888123e+02 ]
