%YAML:1.0
---
points: [ 4.15082153e+02, 2.89702816e+01, 4.23423370e+02, 2.93012733e+01,
    4.31245026e+02, 3.00025349e+01, 4.39735443e+02, 3.05219936e+01,
    4.14119110e+02, 3.69014435e+01, 4.21828247e+02, 3.74489250e+01,
    4.30224121e+02, 3.78507729e+01, 4.38159454e+02, 3.82915077e+01,
    4.12297760e+02, 4.49296455e+01, 4.20774414e+02, 4.53633118e+01,
    4.28581055e+02, 4.58400803e+01, 4.37036255e+02, 4.63611145e+01,
    4.11176239e+02, 5.28255310e+01, 4.19124176e+02, 5.33490219e+01,
    4.27381531e+02, 5.37806129e+01, 4.35451599e+02, 5.44264679e+01,
    4.09643616e+02, 6.07593460e+01, 4.17845551e+02, 6.13197098e+01,
    4.25764130e+02, 6.17391548e+01, 4.34111511e+02, 6.23322716e+01,
    4.08339691e+02, 6.87290421e+01, 4.16173706e+02, 6.93543167e+01,
    4.24481415e+02, 6.96985626e+01, 4.32452484e+02, 7.04247131e+01 ]
