%YAML:1.0
---
points: [ 2.71645111e+02, 5.18127441e+02, 2.78286865e+02, 5.41842773e+02,
    2.84667206e+02, 5.65819702e+02, 2.91428192e+02, 5.89822205e+02,
    2.42184006e+02, 5.22276550e+02, 2.48600311e+02, 5.46357544e+02,
    2.55103592e+02, 5.70845093e+02, 2.61645752e+02, 5.95317078e+02,
    2.11640198e+02, 5.26369568e+02, 2.18139481e+02, 5.51066650e+02,
    2.24545395e+02, 5.75852234e+02, 2.31351105e+02, 6.00811218e+02,
    1.79511688e+02, 5.30558289e+02, 1.86564377e+02, 5.55931274e+02,
    1.93283478e+02, 5.81226562e+02, 1.99817245e+02, 6.06709045e+02,
    1.48228073e+02, 5.35375916e+02, 1.54694489e+02, 5.61034912e+02,
    1.61257233e+02, 5.86615540e+02, 1.68015640e+02, 6.12453186e+02,
    1.15160439e+02, 5.40176941e+02, 1.21606728e+02, 5.66124084e+02,
    1.28320694e+02, 5.92152466e+02, 1.34717270e+02, 6.18412048e+02 ]
