%YAML:1.0
---
points: [ 4.31835114e+02, 4.55292282e+01, 4.39043945e+02, 5.34936333e+01,
    4.46028809e+02, 6.12392387e+01, 4.53296814e+02, 6.92866592e+01,
    4.23265656e+02, 5.31642647e+01, 4.30196625e+02, 6.06844254e+01,
    4.37277008e+02, 6.87229614e+01, 4.44255432e+02, 7.64345169e+01,
    4.14442291e+02, 6.02565155e+01, 4.21493256e+02, 6.81844559e+01,
    4.28335571e+02, 7.59399185e+01, 4.35479004e+02, 8.38547592e+01,
    4.05770874e+02, 6.77230911e+01, 4.12652710e+02, 7.55335159e+01,
    4.19516815e+02, 8.33583603e+01, 4.26394012e+02, 9.11985779e+01,
    3.97171722e+02, 7.51236343e+01, 4.04000488e+02, 8.29029160e+01,
    4.10793915e+02, 9.05667343e+01, 4.17805756e+02, 9.83398438e+01,
    3.88598633e+02, 8.24960403e+01, 3.95273895e+02, 9.01303787e+01,
    4.02150787e+02, 9.78605270e+01, 4.08831635e+02, 1.05560661e+02 ]
