%YAML:1.0
---
points: [ 1.45692627e+03, 5.64010315e+01, 1.47774512e+03, 7.98452301e+01,
    1.49860107e+03, 1.03684151e+02, 1.51985291e+03, 1.27424629e+02,
    1.42941626e+03, 7.96761780e+01, 1.44980469e+03, 1.03250824e+02,
    1.47045239e+03, 1.26822334e+02, 1.49132056e+03, 1.50485931e+02,
    1.40215625e+03, 1.02759415e+02, 1.42233496e+03, 1.26244041e+02,
    1.44261121e+03, 1.49614380e+02, 1.46317114e+03, 1.73269196e+02,
    1.37449365e+03, 1.26233627e+02, 1.39523120e+03, 1.48922989e+02,
    1.41515784e+03, 1.72238281e+02, 1.43543066e+03, 1.95780930e+02,
    1.34890417e+03, 1.48134140e+02, 1.36857898e+03, 1.71170609e+02,
    1.38842737e+03, 1.94245575e+02, 1.40851270e+03, 2.17504913e+02,
    1.32303687e+03, 1.70186981e+02, 1.34239209e+03, 1.93004150e+02,
    1.36194568e+03, 2.16007645e+02, 1.38169629e+03, 2.39155304e+02 ]
