%YAML:1.0
---
points: [ 3.72667999e+02, 5.08957291e+01, 3.82983917e+02, 6.28102303e+01,
    3.93404541e+02, 7.46328964e+01, 4.03931610e+02, 8.66820450e+01,
    3.59717407e+02, 6.25779037e+01, 3.69785309e+02, 7.41207047e+01,
    3.80046539e+02, 8.60693588e+01, 3.90316956e+02, 9.79453812e+01,
    3.47062561e+02, 7.38337250e+01, 3.56877380e+02, 8.55429001e+01,
    3.66854919e+02, 9.71436005e+01, 3.77045929e+02, 1.09091125e+02,
    3.34441406e+02, 8.50145874e+01, 3.44246979e+02, 9.66723862e+01,
    3.53969452e+02, 1.08118446e+02, 3.63878296e+02, 1.20031456e+02,
    3.22432617e+02, 9.60128860e+01, 3.31885040e+02, 1.07385918e+02,
    3.41583527e+02, 1.18898766e+02, 3.51242157e+02, 1.30417374e+02,
    3.10556885e+02, 1.06604767e+02, 3.19838501e+02, 1.17938652e+02,
    3.29306671e+02, 1.29284912e+02, 3.38932129e+02, 1.40812943e+02 ]
