%YAML:1.0
---
points: [ 1.66557825e+03, 4.52253448e+02, 1.67459790e+03, 4.83334808e+02,
    1.68382153e+03, 5.15446228e+02, 1.69279956e+03, 5.48474609e+02,
    1.63049854e+03, 4.67163422e+02, 1.63862659e+03, 4.97705597e+02,
    1.64735791e+03, 5.29300659e+02, 1.65550830e+03, 5.61558899e+02,
    1.59691077e+03, 4.81462006e+02, 1.60458337e+03, 5.11451050e+02,
    1.61233752e+03, 5.42455933e+02, 1.62038953e+03, 5.74220520e+02,
    1.56395520e+03, 4.95387909e+02, 1.57158606e+03, 5.24728027e+02,
    1.57892419e+03, 5.54829468e+02, 1.58604297e+03, 5.86439819e+02,
    1.53392871e+03, 5.08132812e+02, 1.54060229e+03, 5.37152039e+02,
    1.54727441e+03, 5.66651428e+02, 1.55423413e+03, 5.97411682e+02,
    1.50469373e+03, 5.20433716e+02, 1.51067114e+03, 5.48694397e+02,
    1.51681726e+03, 5.78049438e+02, 1.52309644e+03, 6.08047485e+02 ]
