%YAML:1.0
---
points: [ 1.25942261e+03, 7.54304962e+01, 1.28904932e+03, 1.10761345e+02,
    1.31909241e+03, 1.46596664e+02, 1.34951465e+03, 1.82434921e+02,
    1.22072205e+03, 1.10266068e+02, 1.24975452e+03, 1.45283615e+02,
    1.27911060e+03, 1.80693604e+02, 1.30878979e+03, 2.16250610e+02,
    1.18323096e+03, 1.43998428e+02, 1.21158521e+03, 1.78791214e+02,
    1.24026257e+03, 2.13829041e+02, 1.26939832e+03, 2.49123627e+02,
    1.14618652e+03, 1.77588699e+02, 1.17441602e+03, 2.11534317e+02,
    1.20258276e+03, 2.46315140e+02, 1.23094482e+03, 2.81233337e+02,
    1.11115308e+03, 2.09153091e+02, 1.13852466e+03, 2.43202606e+02,
    1.16602173e+03, 2.77479218e+02, 1.19405566e+03, 3.11894714e+02,
    1.07666138e+03, 2.40243195e+02, 1.10344519e+03, 2.73836304e+02,
    1.13056348e+03, 3.07792236e+02, 1.15789392e+03, 3.41981232e+02 ]
