%YAML:1.0
---
points: [ 4.39963409e+02, 2.94936638e+01, 4.48697021e+02, 3.00610466e+01,
    4.56606384e+02, 3.12841759e+01, 4.65266541e+02, 3.20445786e+01,
    4.38770050e+02, 3.70464592e+01, 4.46919067e+02, 3.80643234e+01,
    4.55558136e+02, 3.91094742e+01, 4.63764160e+02, 3.97614594e+01,
    4.37087341e+02, 4.53221664e+01, 4.45681000e+02, 4.62699699e+01,
    4.53500946e+02, 4.71609459e+01, 4.62144531e+02, 4.80192223e+01,
    4.35532379e+02, 5.34393997e+01, 4.43550720e+02, 5.42670975e+01,
    4.52122040e+02, 5.52007942e+01, 4.60218536e+02, 5.61782341e+01,
    4.33669189e+02, 6.12752533e+01, 4.42072510e+02, 6.21608391e+01,
    4.50255432e+02, 6.31498795e+01, 4.58695007e+02, 6.42475281e+01,
    4.32034210e+02, 6.93854599e+01, 4.40005463e+02, 7.04487076e+01,
    4.48577240e+02, 7.12864151e+01, 4.56627197e+02, 7.23690948e+01 ]
