%YAML:1.0
---
points: [ 3.41409302e+02, 5.01485672e+01, 3.50757721e+02, 6.26101990e+01,
    3.60315979e+02, 7.52235718e+01, 3.69971222e+02, 8.82139664e+01,
    3.28191010e+02, 6.24356689e+01, 3.37214905e+02, 7.46817398e+01,
    3.46398346e+02, 8.72423172e+01, 3.55741943e+02, 1.00054710e+02,
    3.15537292e+02, 7.42289124e+01, 3.24206604e+02, 8.63858795e+01,
    3.33039734e+02, 9.88607025e+01, 3.42035706e+02, 1.11510353e+02,
    3.03186951e+02, 8.56376114e+01, 3.11634918e+02, 9.77177353e+01,
    3.20154938e+02, 1.10009811e+02, 3.28842072e+02, 1.22565010e+02,
    2.91587646e+02, 9.66566467e+01, 2.99665283e+02, 1.08445374e+02,
    3.07901672e+02, 1.20693016e+02, 3.16328033e+02, 1.32942902e+02,
    2.80268890e+02, 1.07123650e+02, 2.88129913e+02, 1.18907112e+02,
    2.96090363e+02, 1.30911469e+02, 3.04223846e+02, 1.43099274e+02 ]
