%YAML:1.0
---
points: [ 1.13620410e+03, 5.88621216e+02, 1.13633423e+03, 5.71653076e+02,
    1.13647693e+03, 5.55423706e+02, 1.13663159e+03, 5.39997864e+02,
    1.16744800e+03, 5.90442566e+02, 1.16674561e+03, 5.72933838e+02,
    1.16610437e+03, 5.56763672e+02, 1.16555627e+03, 5.41071655e+02,
    1.19869763e+03, 5.91838684e+02, 1.19742871e+03, 5.74569397e+02,
    1.19625464e+03, 5.58180481e+02, 1.19488977e+03, 5.42263916e+02,
    1.23072656e+03, 5.92958923e+02, 1.22859387e+03, 5.75899963e+02,
    1.22691785e+03, 5.59439209e+02, 1.22491187e+03, 5.43648743e+02,
    1.26311609e+03, 5.94295776e+02, 1.26018030e+03, 5.77346375e+02,
    1.25762585e+03, 5.60574219e+02, 1.25507104e+03, 5.44740723e+02,
    1.29579370e+03, 5.95802917e+02, 1.29190833e+03, 5.78647888e+02,
    1.28864917e+03, 5.61817993e+02, 1.28544495e+03, 5.45833313e+02 ]
