%YAML:1.0
---
points: [ 4.50254761e+02, 2.97558746e+01, 4.60051239e+02, 3.03669147e+01,
    4.68361084e+02, 3.16808586e+01, 4.78097107e+02, 3.26918831e+01,
    4.48542877e+02, 3.80134659e+01, 4.57147064e+02, 3.92056770e+01,
    4.66542542e+02, 4.06799736e+01, 4.75428741e+02, 4.18363609e+01,
    4.45830292e+02, 4.70633354e+01, 4.55142883e+02, 4.81335945e+01,
    4.64004822e+02, 4.92699738e+01, 4.73587555e+02, 5.04336205e+01,
    4.43601135e+02, 5.60607452e+01, 4.52535034e+02, 5.71734924e+01,
    4.61874542e+02, 5.85206795e+01, 4.70845154e+02, 5.98492546e+01,
    4.41148163e+02, 6.49034882e+01, 4.50124664e+02, 6.60984573e+01,
    4.59162720e+02, 6.74623413e+01, 4.68535492e+02, 6.87074203e+01,
    4.38640442e+02, 7.38999481e+01, 4.47458740e+02, 7.51437836e+01,
    4.56660309e+02, 7.63798065e+01, 4.65905945e+02, 7.78273926e+01 ]
