%YAML:1.0
---
points: [ 1.16397241e+03, 7.31618347e+01, 1.19044861e+03, 1.10391846e+02,
    1.21746375e+03, 1.48391571e+02, 1.24484998e+03, 1.86910812e+02,
    1.12549841e+03, 1.09507515e+02, 1.15097729e+03, 1.46397369e+02,
    1.17710693e+03, 1.83967407e+02, 1.20332007e+03, 2.21932861e+02,
    1.08875366e+03, 1.44368576e+02, 1.11345557e+03, 1.80779877e+02,
    1.13835425e+03, 2.17853394e+02, 1.16392102e+03, 2.55573944e+02,
    1.05296106e+03, 1.78452301e+02, 1.07713928e+03, 2.13951645e+02,
    1.10140735e+03, 2.50459061e+02, 1.12591504e+03, 2.87668243e+02,
    1.01956165e+03, 2.09996307e+02, 1.04273340e+03, 2.45431580e+02,
    1.06595630e+03, 2.81432556e+02, 1.09016101e+03, 3.17947449e+02,
    9.87161072e+02, 2.40542694e+02, 1.00939209e+03, 2.75540527e+02,
    1.03218213e+03, 3.11099945e+02, 1.05519592e+03, 3.47339233e+02 ]
