%YAML:1.0
---
points: [ 4.41286346e+02, 2.81870441e+01, 4.52266449e+02, 2.93449287e+01,
    4.62823273e+02, 3.05997047e+01, 4.74112457e+02, 3.17925243e+01,
    4.38743134e+02, 3.88261833e+01, 4.49207977e+02, 4.00644417e+01,
    4.60319183e+02, 4.12656670e+01, 4.70867584e+02, 4.26136208e+01,
    4.35754272e+02, 4.94880791e+01, 4.46570129e+02, 5.07442894e+01,
    4.57148682e+02, 5.21340218e+01, 4.68554504e+02, 5.34198380e+01,
    4.32806000e+02, 6.02749519e+01, 4.43440491e+02, 6.16250153e+01,
    4.54406281e+02, 6.29417915e+01, 4.65340942e+02, 6.45907745e+01,
    4.29765442e+02, 7.08506393e+01, 4.40537354e+02, 7.23656693e+01,
    4.51225342e+02, 7.38186874e+01, 4.62363983e+02, 7.53399963e+01,
    4.26815765e+02, 8.14618988e+01, 4.37290741e+02, 8.30615692e+01,
    4.48161377e+02, 8.46270218e+01, 4.59126770e+02, 8.62985992e+01 ]
