%YAML:1.0
---
points: [ 1.98231766e+02, 5.20247002e+01, 2.08794510e+02, 6.42428360e+01,
    2.19367142e+02, 7.65173798e+01, 2.29914978e+02, 8.86878738e+01,
    1.86760284e+02, 6.37619019e+01, 1.97229691e+02, 7.58429260e+01,
    2.07775757e+02, 8.79568024e+01, 2.18317078e+02, 1.00176514e+02,
    1.75497787e+02, 7.52143555e+01, 1.85889496e+02, 8.72484055e+01,
    1.96288956e+02, 9.92969894e+01, 2.06767715e+02, 1.11511688e+02,
    1.64201111e+02, 8.65003815e+01, 1.74733719e+02, 9.85830841e+01,
    1.85060547e+02, 1.10493202e+02, 1.95445572e+02, 1.22582008e+02,
    1.53393875e+02, 9.77086182e+01, 1.63693558e+02, 1.09554604e+02,
    1.74020035e+02, 1.21461861e+02, 1.84370758e+02, 1.33215118e+02,
    1.42612885e+02, 1.08633972e+02, 1.52862625e+02, 1.20377533e+02,
    1.63069122e+02, 1.32124268e+02, 1.73324570e+02, 1.43958878e+02 ]
