%YAML:1.0
---
points: [ 7.42086426e+02, 7.35722046e+01, 7.73370544e+02, 1.10480553e+02,
    8.04511353e+02, 1.47425751e+02, 8.35431213e+02, 1.84180954e+02,
    7.08369080e+02, 1.07848656e+02, 7.39326355e+02, 1.44558182e+02,
    7.70387390e+02, 1.81315750e+02, 8.01141968e+02, 2.17606491e+02,
    6.75174744e+02, 1.41735504e+02, 7.05958069e+02, 1.78031204e+02,
    7.36590942e+02, 2.14373230e+02, 7.67310303e+02, 2.50454376e+02,
    6.41690552e+02, 1.75693573e+02, 6.72848938e+02, 2.11119797e+02,
    7.03508667e+02, 2.46954376e+02, 7.34054688e+02, 2.83033539e+02,
    6.09865906e+02, 2.07559219e+02, 6.40530212e+02, 2.43258636e+02,
    6.70780396e+02, 2.78808746e+02, 7.01425171e+02, 3.14301788e+02,
    5.78016479e+02, 2.39550568e+02, 6.08309387e+02, 2.74854492e+02,
    6.38581787e+02, 3.10201080e+02, 6.68665833e+02, 3.45329529e+02 ]
