%YAML:1.0
---
points: [ 4.74824432e+02, 5.98650818e+02, 4.74560028e+02, 5.83274963e+02,
    4.74317657e+02, 5.68254822e+02, 4.74067230e+02, 5.53909485e+02,
    5.04605316e+02, 6.01441589e+02, 5.03859253e+02, 5.85933594e+02,
    5.02897400e+02, 5.71193848e+02, 5.02269562e+02, 5.56495239e+02,
    5.33523682e+02, 6.03917603e+02, 5.32410706e+02, 5.88451843e+02,
    5.31141663e+02, 5.73803650e+02, 5.29484863e+02, 5.59412842e+02,
    5.62148254e+02, 6.05964600e+02, 5.60247803e+02, 5.90952820e+02,
    5.58605591e+02, 5.76408081e+02, 5.56699097e+02, 5.62109070e+02,
    5.90001953e+02, 6.07827271e+02, 5.87409058e+02, 5.93373474e+02,
    5.85386047e+02, 5.78883484e+02, 5.83256165e+02, 5.65019226e+02,
    6.16841614e+02, 6.09895935e+02, 6.13955261e+02, 5.95749023e+02,
    6.11524719e+02, 5.81328735e+02, 6.10690430e+02, 5.75055847e+02 ]
