%YAML:1.0
---
points: [ 4.57456573e+02, 7.37205124e+01, 4.98407196e+02, 1.11557701e+02,
    5.37981567e+02, 1.48201111e+02, 5.76533203e+02, 1.83423538e+02,
    4.24207031e+02, 1.06760277e+02, 4.66156189e+02, 1.44411316e+02,
    5.06696594e+02, 1.80853317e+02, 5.46213745e+02, 2.15711151e+02,
    3.90038574e+02, 1.40640808e+02, 4.32994263e+02, 1.77986572e+02,
    4.74794830e+02, 2.14171036e+02, 5.15268433e+02, 2.48809814e+02,
    3.54941956e+02, 1.75713577e+02, 3.99348389e+02, 2.12493210e+02,
    4.42121735e+02, 2.48367310e+02, 4.83653137e+02, 2.83007996e+02,
    3.19577972e+02, 2.10883347e+02, 3.65060486e+02, 2.47631668e+02,
    4.09076294e+02, 2.83123871e+02, 4.51548340e+02, 3.17230255e+02,
    2.83080566e+02, 2.47323120e+02, 3.29713501e+02, 2.83714844e+02,
    3.74794983e+02, 3.18715851e+02, 4.18613495e+02, 3.52594635e+02 ]
