%YAML:1.0
---
points: [ 1.53777298e+02, 5.94289307e+02, 1.47539993e+02, 5.77447388e+02,
    1.41606445e+02, 5.61055603e+02, 1.35864685e+02, 5.45088684e+02,
    1.85965088e+02, 5.97985474e+02, 1.79680817e+02, 5.81329651e+02,
    1.73360550e+02, 5.65414124e+02, 1.67228119e+02, 5.49599854e+02,
    2.17079376e+02, 6.01597107e+02, 2.10291626e+02, 5.85241699e+02,
    2.03784775e+02, 5.69422485e+02, 1.97107315e+02, 5.53547974e+02,
    2.47150055e+02, 6.04396667e+02, 2.39922974e+02, 5.88483154e+02,
    2.33077560e+02, 5.73006653e+02, 2.26578506e+02, 5.57710022e+02,
    2.76344757e+02, 6.07376404e+02, 2.68663818e+02, 5.92066772e+02,
    2.61654083e+02, 5.76439636e+02, 2.54760101e+02, 5.61581787e+02,
    3.04306000e+02, 6.10160522e+02, 2.96627899e+02, 5.95363708e+02,
    2.89295685e+02, 5.80181641e+02, 2.81946075e+02, 5.64865479e+02 ]
