%YAML:1.0
---
points: [ 4.04724945e+02, 2.65581741e+01, 4.16856384e+02, 2.75416222e+01,
    4.28267517e+02, 2.87056217e+01, 4.40857574e+02, 2.95539188e+01,
    4.01829926e+02, 3.87544174e+01, 4.13215698e+02, 3.97046394e+01,
    4.25379059e+02, 4.08805580e+01, 4.37308838e+02, 4.21945610e+01,
    3.98348419e+02, 5.08828354e+01, 4.10046906e+02, 5.20496330e+01,
    4.21799164e+02, 5.32907219e+01, 4.34227509e+02, 5.46628838e+01,
    3.95085999e+02, 6.29126587e+01, 4.06673981e+02, 6.43567734e+01,
    4.18417328e+02, 6.58509827e+01, 4.30576050e+02, 6.72916946e+01,
    3.91834778e+02, 7.50167618e+01, 4.03305542e+02, 7.64641571e+01,
    4.15075073e+02, 7.80402527e+01, 4.27111725e+02, 7.96212158e+01,
    3.88473511e+02, 8.69423447e+01, 3.99779724e+02, 8.85380707e+01,
    4.11464508e+02, 9.02140274e+01, 4.23419128e+02, 9.20185928e+01 ]
