%YAML:1.0
---
points: [ 1.03433426e+02, 5.41954765e+01, 1.16402008e+02, 6.62786026e+01,
    1.29226929e+02, 7.81790085e+01, 1.41774521e+02, 8.97679901e+01,
    9.25530624e+01, 6.53903503e+01, 1.05967499e+02, 7.74951630e+01,
    1.18984047e+02, 8.93454514e+01, 1.31864120e+02, 1.00767441e+02,
    8.14927979e+01, 7.69922485e+01, 9.52447739e+01, 8.89510498e+01,
    1.08603638e+02, 1.00599304e+02, 1.21769615e+02, 1.12079826e+02,
    7.01738968e+01, 8.88175888e+01, 8.42797928e+01, 1.00727730e+02,
    9.79286804e+01, 1.12267494e+02, 1.11392044e+02, 1.23724388e+02,
    5.88784599e+01, 1.00865616e+02, 7.31022186e+01, 1.12699577e+02,
    8.72059326e+01, 1.24232140e+02, 1.00972252e+02, 1.35405548e+02,
    4.71722298e+01, 1.13248589e+02, 6.17719231e+01, 1.24974243e+02,
    7.61422958e+01, 1.36409744e+02, 9.02750626e+01, 1.47383606e+02 ]
