%YAML:1.0
---
points: [ 3.62995270e+02, 7.82060165e+01, 4.02170258e+02, 1.13649033e+02,
    4.39464874e+02, 1.47564087e+02, 4.75510986e+02, 1.79729126e+02,
    3.37701416e+02, 1.09012581e+02, 3.78292786e+02, 1.44377487e+02,
    4.16787384e+02, 1.78151627e+02, 4.54136780e+02, 2.10002075e+02,
    3.11605286e+02, 1.41119049e+02, 3.53542877e+02, 1.76196320e+02,
    3.93616425e+02, 2.09586594e+02, 4.31819092e+02, 2.41243088e+02,
    2.83639374e+02, 1.75774033e+02, 3.28193390e+02, 2.09420914e+02,
    3.69480865e+02, 2.42295822e+02, 4.08976227e+02, 2.73649109e+02,
    2.57071259e+02, 2.09123947e+02, 3.01952240e+02, 2.43387756e+02,
    3.45199982e+02, 2.75875488e+02, 3.85663574e+02, 3.06802582e+02,
    2.28135254e+02, 2.44886154e+02, 2.74775116e+02, 2.78945953e+02,
    3.19214691e+02, 3.10960938e+02, 3.61491333e+02, 3.41384491e+02 ]
