%YAML:1.0
---
points: [ 4.18800568e+02, 4.48762482e+02, 4.34858276e+02, 4.71604187e+02,
    4.50392487e+02, 4.93743317e+02, 4.65808411e+02, 5.15384033e+02,
    3.93046509e+02, 4.65495422e+02, 4.09619293e+02, 4.88346527e+02,
    4.25677979e+02, 5.10435974e+02, 4.41667603e+02, 5.31978027e+02,
    3.66361542e+02, 4.82559723e+02, 3.83648804e+02, 5.05456390e+02,
    4.00486084e+02, 5.27608032e+02, 4.16866821e+02, 5.49179321e+02,
    3.38696716e+02, 5.00655731e+02, 3.57259064e+02, 5.23279907e+02,
    3.74500702e+02, 5.45373047e+02, 3.91446503e+02, 5.66811951e+02,
    3.11550201e+02, 5.18621155e+02, 3.30191132e+02, 5.41463806e+02,
    3.48345093e+02, 5.63514465e+02, 3.65826416e+02, 5.84865601e+02,
    2.82968018e+02, 5.37363220e+02, 3.02363708e+02, 5.60225342e+02,
    3.21193268e+02, 5.82303040e+02, 3.39336609e+02, 6.03571777e+02 ]
