%YAML:1.0
---
points: [ 7.17718735e+01, 5.67508125e+01, 8.36723938e+01, 6.80072632e+01,
    9.53871078e+01, 7.87632904e+01, 1.06787041e+02, 8.91853485e+01,
    6.37748795e+01, 6.72949295e+01, 7.61388397e+01, 7.82441940e+01,
    8.81470032e+01, 8.91574402e+01, 9.98805161e+01, 9.93644257e+01,
    5.55844498e+01, 7.80044479e+01, 6.82678375e+01, 8.91409988e+01,
    8.07691269e+01, 9.96855164e+01, 9.28213501e+01, 1.10030579e+02,
    4.69682541e+01, 8.93112869e+01, 6.02679329e+01, 1.00199966e+02,
    7.30544052e+01, 1.10830421e+02, 8.55774765e+01, 1.21124809e+02,
    3.84613724e+01, 1.00922638e+02, 5.20489273e+01, 1.11832932e+02,
    6.53039856e+01, 1.22256363e+02, 7.81621780e+01, 1.32360947e+02,
    2.94193020e+01, 1.13057678e+02, 4.35112267e+01, 1.23807846e+02,
    5.71961555e+01, 1.34111923e+02, 7.05115509e+01, 1.44050323e+02 ]
