%YAML:1.0
---
points: [ 3.90345978e+02, 2.53077660e+01, 4.05426758e+02, 2.62750874e+01,
    4.20070435e+02, 2.75707321e+01, 4.35558563e+02, 2.87405052e+01,
    3.87716705e+02, 3.99885635e+01, 4.02209839e+02, 4.11189804e+01,
    4.17369629e+02, 4.24345665e+01, 4.32205505e+02, 4.37176819e+01,
    3.84561279e+02, 5.47280388e+01, 3.99292023e+02, 5.60558968e+01,
    4.13924683e+02, 5.72680779e+01, 4.29380005e+02, 5.87980499e+01,
    3.81558624e+02, 6.94631577e+01, 3.96085297e+02, 7.07336884e+01,
    4.10789307e+02, 7.22151413e+01, 4.25942352e+02, 7.38659973e+01,
    3.78426331e+02, 8.38657455e+01, 3.92778137e+02, 8.53658218e+01,
    4.07511841e+02, 8.68762894e+01, 4.22497009e+02, 8.85051727e+01,
    3.75277161e+02, 9.82713165e+01, 3.89579987e+02, 9.98215866e+01,
    4.04240509e+02, 1.01489662e+02, 4.19115601e+02, 1.03304138e+02 ]
