%YAML:1.0
---
points: [ 7.14715424e+01, 7.52322159e+01, 8.37049103e+01, 8.38455124e+01,
    9.58809280e+01, 9.24473343e+01, 1.08110596e+02, 1.00833717e+02,
    6.32462921e+01, 8.17000504e+01, 7.58410721e+01, 9.03934021e+01,
    8.82913055e+01, 9.92203751e+01, 1.00905678e+02, 1.07654022e+02,
    5.46060982e+01, 8.84987869e+01, 6.75325546e+01, 9.74162827e+01,
    8.04684296e+01, 1.06212982e+02, 9.33827057e+01, 1.15074181e+02,
    4.55226021e+01, 9.55858307e+01, 5.89435883e+01, 1.04687019e+02,
    7.21048126e+01, 1.13800949e+02, 8.54065094e+01, 1.22706230e+02,
    3.62447166e+01, 1.03256706e+02, 4.97980576e+01, 1.12487328e+02,
    6.35585136e+01, 1.21546188e+02, 7.72246780e+01, 1.30659119e+02,
    2.63021221e+01, 1.11308601e+02, 4.03443069e+01, 1.20592216e+02,
    5.43118668e+01, 1.29927979e+02, 6.85262146e+01, 1.39134964e+02 ]
