%YAML:1.0
---
points: [ 1.59652161e+02, 3.07387867e+01, 1.67522614e+02, 3.13542919e+01,
    1.74697937e+02, 3.18987007e+01, 1.82424042e+02, 3.25780487e+01,
    1.59601700e+02, 3.86388512e+01, 1.66868347e+02, 3.90852280e+01,
    1.74504883e+02, 3.97666054e+01, 1.81822266e+02, 4.03424759e+01,
    1.58943207e+02, 4.64926186e+01, 1.66773132e+02, 4.70720749e+01,
    1.73910690e+02, 4.76792412e+01, 1.81632584e+02, 4.82985725e+01,
    1.58776367e+02, 5.43286781e+01, 1.66224716e+02, 5.49046669e+01,
    1.73767960e+02, 5.56361160e+01, 1.81121628e+02, 5.61821175e+01,
    1.58523880e+02, 6.20345650e+01, 1.65957367e+02, 6.27404900e+01,
    1.73295258e+02, 6.33428688e+01, 1.80812866e+02, 6.39756050e+01,
    1.58194000e+02, 6.98150406e+01, 1.65642746e+02, 7.05903397e+01,
    1.73009811e+02, 7.11553345e+01, 1.80502075e+02, 7.17589645e+01 ]
