%YAML:1.0
---
points: [ 3.67433563e+02, 1.34546143e+02, 4.05892731e+02, 1.61767746e+02,
    4.43691254e+02, 1.88712631e+02, 4.81270966e+02, 2.14532211e+02,
    3.41037354e+02, 1.53321564e+02, 3.80596069e+02, 1.80980698e+02,
    4.19706390e+02, 2.08448975e+02, 4.58399872e+02, 2.34669571e+02,
    3.13003876e+02, 1.72937546e+02, 3.54133881e+02, 2.01330170e+02,
    3.94526917e+02, 2.28987564e+02, 4.34417328e+02, 2.56157684e+02,
    2.82728821e+02, 1.94528046e+02, 3.26270355e+02, 2.22561478e+02,
    3.67952576e+02, 2.50820618e+02, 4.09189423e+02, 2.78749481e+02,
    2.52866730e+02, 2.15727814e+02, 2.96951874e+02, 2.45164932e+02,
    3.40304291e+02, 2.73605438e+02, 3.82758362e+02, 3.01945251e+02,
    2.20277466e+02, 2.39094147e+02, 2.65729187e+02, 2.68781708e+02,
    3.10556671e+02, 2.98186890e+02, 3.54672302e+02, 3.26623749e+02 ]
