%YAML:1.0
---
points: [ 1.24424597e+03, 4.61926453e+02, 1.26376489e+03, 4.79073242e+02,
    1.28352808e+03, 4.96321442e+02, 1.30357434e+03, 5.13630127e+02,
    1.22597925e+03, 4.80916260e+02, 1.24546375e+03, 4.98138489e+02,
    1.26502002e+03, 5.15323364e+02, 1.28476050e+03, 5.32586365e+02,
    1.20819165e+03, 4.99923828e+02, 1.22737671e+03, 5.16856506e+02,
    1.24666577e+03, 5.33968567e+02, 1.26635828e+03, 5.51403748e+02,
    1.18994153e+03, 5.18874451e+02, 1.20959375e+03, 5.35670776e+02,
    1.22877222e+03, 5.52632202e+02, 1.24819055e+03, 5.69882263e+02,
    1.17297339e+03, 5.37122253e+02, 1.19210840e+03, 5.53907715e+02,
    1.21115247e+03, 5.71010986e+02, 1.23044946e+03, 5.88108948e+02,
    1.15595215e+03, 5.55393738e+02, 1.17462952e+03, 5.72195068e+02,
    1.19358411e+03, 5.89098938e+02, 1.21274023e+03, 6.06111633e+02 ]
