%YAML:1.0
---
points: [ 5.97180054e+02, 1.39495224e+02, 5.99698730e+02, 1.63908524e+02,
    6.02294556e+02, 1.89234024e+02, 6.04554810e+02, 2.14740662e+02,
    5.66810669e+02, 1.55333694e+02, 5.68862671e+02, 1.79574890e+02,
    5.70991638e+02, 2.05162857e+02, 5.72645386e+02, 2.30710785e+02,
    5.37127441e+02, 1.70542694e+02, 5.38515930e+02, 1.95307343e+02,
    5.39953369e+02, 2.20579605e+02, 5.41438965e+02, 2.46679779e+02,
    5.06549133e+02, 1.86329132e+02, 5.08021484e+02, 2.10763809e+02,
    5.09147797e+02, 2.36164383e+02, 5.10203339e+02, 2.62490082e+02,
    4.77718231e+02, 2.01090714e+02, 4.78481445e+02, 2.25736572e+02,
    4.78757446e+02, 2.51080795e+02, 4.79612335e+02, 2.77515320e+02,
    4.48703461e+02, 2.15863281e+02, 4.48806488e+02, 2.40616287e+02,
    4.48869354e+02, 2.66211975e+02, 4.48871552e+02, 2.92443390e+02 ]
