%YAML:1.0
---
points: [ 1.45225677e+02, 7.51578751e+01, 1.46281586e+02, 8.31334915e+01,
    1.47343063e+02, 9.15264282e+01, 1.48368546e+02, 1.00110222e+02,
    1.34939606e+02, 8.04495316e+01, 1.35859970e+02, 8.86425247e+01,
    1.36815125e+02, 9.70498657e+01, 1.37646439e+02, 1.05657021e+02,
    1.25032204e+02, 8.62505951e+01, 1.25628654e+02, 9.40346069e+01,
    1.26360786e+02, 1.02468857e+02, 1.27123520e+02, 1.11200302e+02,
    1.14775574e+02, 9.10872574e+01, 1.15333763e+02, 9.93636246e+01,
    1.15879799e+02, 1.07865173e+02, 1.16575371e+02, 1.16672508e+02,
    1.05139732e+02, 9.66017151e+01, 1.05552986e+02, 1.04578720e+02,
    1.05802063e+02, 1.13136383e+02, 1.06348404e+02, 1.21860657e+02,
    9.54327469e+01, 1.01671425e+02, 9.55907516e+01, 1.09689926e+02,
    9.57589264e+01, 1.18197746e+02, 9.60411224e+01, 1.27130394e+02 ]
