%YAML:1.0
---
points: [ 1.54254224e+03, 4.42253510e+02, 1.56765198e+03, 4.58621918e+02,
    1.59337891e+03, 4.75579163e+02, 1.61950391e+03, 4.93127045e+02,
    1.52474597e+03, 4.64969910e+02, 1.54933862e+03, 4.81481171e+02,
    1.57451477e+03, 4.98469879e+02, 1.59994788e+03, 5.16041748e+02,
    1.50749304e+03, 4.87169434e+02, 1.53144824e+03, 5.03677795e+02,
    1.55604358e+03, 5.20733643e+02, 1.58125183e+03, 5.38289734e+02,
    1.49019250e+03, 5.09226624e+02, 1.51421960e+03, 5.25507996e+02,
    1.53816443e+03, 5.42477783e+02, 1.56283191e+03, 5.60135864e+02,
    1.47427197e+03, 5.29785522e+02, 1.49736987e+03, 5.46467468e+02,
    1.52073914e+03, 5.63530029e+02, 1.54507971e+03, 5.80948303e+02,
    1.45830261e+03, 5.50274353e+02, 1.48074683e+03, 5.66874756e+02,
    1.50391650e+03, 5.83930176e+02, 1.52751453e+03, 6.01478821e+02 ]
