%YAML:1.0
---
points: [ 7.05147552e+01, 3.40996246e+01, 7.83054276e+01, 3.45020866e+01,
    8.55034637e+01, 3.47538223e+01, 9.31021881e+01, 3.53141022e+01,
    7.06942520e+01, 4.24299278e+01, 7.75722504e+01, 4.28382339e+01,
    8.53145752e+01, 4.31394463e+01, 9.26105270e+01, 4.35011101e+01,
    7.00180664e+01, 5.04524002e+01, 7.74129105e+01, 5.08488197e+01,
    8.47026978e+01, 5.12863884e+01, 9.23950119e+01, 5.19231796e+01,
    6.96642685e+01, 5.87221565e+01, 7.68523788e+01, 5.92086220e+01,
    8.45636444e+01, 5.97054749e+01, 9.18820877e+01, 6.00766449e+01,
    6.92605972e+01, 6.66880798e+01, 7.67173080e+01, 6.74007874e+01,
    8.40706558e+01, 6.77492752e+01, 9.17285309e+01, 6.84827805e+01,
    6.89237366e+01, 7.50663757e+01, 7.63564682e+01, 7.55230789e+01,
    8.37746048e+01, 7.60805893e+01, 9.13721542e+01, 7.65485306e+01 ]
