%YAML:1.0
---
points: [ 6.44819458e+02, 3.72007416e+02, 6.75605530e+02, 3.69221375e+02,
    7.06957092e+02, 3.66348358e+02, 7.38441345e+02, 3.62505524e+02,
    6.31894836e+02, 3.91125092e+02, 6.63471741e+02, 3.88308655e+02,
    6.95331848e+02, 3.85650635e+02, 7.27493469e+02, 3.82120026e+02,
    6.18299316e+02, 4.11312836e+02, 6.50616943e+02, 4.08397003e+02,
    6.83223755e+02, 4.05667694e+02, 7.16243408e+02, 4.02594604e+02,
    6.02836060e+02, 4.32809387e+02, 6.37315369e+02, 4.29414490e+02,
    6.70356812e+02, 4.26742523e+02, 7.04473816e+02, 4.23997620e+02,
    5.89143860e+02, 4.54020660e+02, 6.23013672e+02, 4.51357086e+02,
    6.57047180e+02, 4.48602417e+02, 6.91850525e+02, 4.45871124e+02,
    5.73320862e+02, 4.76852356e+02, 6.07830566e+02, 4.74524475e+02,
    6.43006409e+02, 4.71754395e+02, 6.78388550e+02, 4.69368439e+02 ]
