%YAML:1.0
---
points: [ 1.05755758e+01, 3.97558365e+01, 1.83422337e+01, 3.93009987e+01,
    2.63419590e+01, 3.99338226e+01, 3.46615067e+01, 3.96885376e+01,
    1.10996590e+01, 4.82264481e+01, 1.81777897e+01, 4.76281319e+01,
    2.71784420e+01, 4.77170410e+01, 3.51401443e+01, 4.77087250e+01,
    1.11665220e+01, 5.53972893e+01, 1.96295204e+01, 5.56944733e+01,
    2.74635162e+01, 5.55156403e+01, 3.61805229e+01, 5.56592026e+01,
    1.13815508e+01, 6.33481979e+01, 2.01198502e+01, 6.35156136e+01,
    2.85824585e+01, 6.33351707e+01, 3.66576958e+01, 6.34537811e+01,
    1.24360838e+01, 7.15471725e+01, 2.07437229e+01, 7.16550980e+01,
    2.90263462e+01, 7.13529510e+01, 3.76644058e+01, 7.14862442e+01,
    1.30855379e+01, 7.96353836e+01, 2.15663509e+01, 7.92302628e+01,
    3.00887032e+01, 7.92752228e+01, 3.83377190e+01, 7.91277771e+01 ]
