%YAML:1.0
---
points: [ 8.60554688e+02, 1.49190186e+02, 8.67656067e+02, 1.72641998e+02,
    8.74939453e+02, 1.96656815e+02, 8.82244324e+02, 2.21251740e+02,
    8.30182129e+02, 1.62714661e+02, 8.36634155e+02, 1.86190048e+02,
    8.43460999e+02, 2.10565811e+02, 8.50165466e+02, 2.35133163e+02,
    7.99750977e+02, 1.75981995e+02, 8.05844910e+02, 1.99736588e+02,
    8.12099243e+02, 2.23898468e+02, 8.18542603e+02, 2.48896378e+02,
    7.68992126e+02, 1.89432159e+02, 7.75142151e+02, 2.12994553e+02,
    7.81000732e+02, 2.37431198e+02, 7.86771301e+02, 2.62649200e+02,
    7.39426392e+02, 2.02349426e+02, 7.44804077e+02, 2.26296890e+02,
    7.50168213e+02, 2.50423462e+02, 7.55979187e+02, 2.75637482e+02,
    7.09742737e+02, 2.15239151e+02, 7.14535645e+02, 2.38842773e+02,
    7.19618774e+02, 2.63462189e+02, 7.24683716e+02, 2.88564972e+02 ]
