%YAML:1.0
---
points: [ 2.33136490e+02, 7.68262939e+01, 2.35758194e+02, 8.46634674e+01,
    2.38381882e+02, 9.28034286e+01, 2.41135468e+02, 1.01006500e+02,
    2.22720032e+02, 8.14961548e+01, 2.25228195e+02, 8.93901596e+01,
    2.27731613e+02, 9.75392456e+01, 2.30279938e+02, 1.05817711e+02,
    2.12456680e+02, 8.61344376e+01, 2.14745255e+02, 9.41209793e+01,
    2.17140030e+02, 1.02217628e+02, 2.19534271e+02, 1.10657791e+02,
    2.02126877e+02, 9.05899658e+01, 2.04228943e+02, 9.87567978e+01,
    2.06525742e+02, 1.06852402e+02, 2.08854889e+02, 1.15401871e+02,
    1.92112366e+02, 9.52196808e+01, 1.94073807e+02, 1.03264442e+02,
    1.96126068e+02, 1.11413223e+02, 1.98332016e+02, 1.19903198e+02,
    1.81943192e+02, 9.97340012e+01, 1.83838486e+02, 1.07677536e+02,
    1.85797485e+02, 1.15985382e+02, 1.87774872e+02, 1.24463455e+02 ]
