%YAML:1.0
---
points: [ 9.42375916e+02, 1.51936188e+02, 9.61962769e+02, 1.70727142e+02,
    9.81295044e+02, 1.89621460e+02, 1.00105652e+03, 2.08207581e+02,
    9.25882629e+02, 1.62917847e+02, 9.45502502e+02, 1.82054779e+02,
    9.65326355e+02, 2.01198196e+02, 9.85062744e+02, 2.19912003e+02,
    9.08763000e+02, 1.74165298e+02, 9.28783813e+02, 1.93502319e+02,
    9.48742310e+02, 2.12818527e+02, 9.68875427e+02, 2.32235168e+02,
    8.90996155e+02, 1.85734329e+02, 9.11613770e+02, 2.05419479e+02,
    9.31812378e+02, 2.24903717e+02, 9.52227844e+02, 2.44673553e+02,
    8.73578430e+02, 1.97466705e+02, 8.94165100e+02, 2.17450485e+02,
    9.14668579e+02, 2.37286484e+02, 9.35395081e+02, 2.57231812e+02,
    8.54947510e+02, 2.09565506e+02, 8.75878540e+02, 2.29721985e+02,
    8.96954346e+02, 2.50030701e+02, 9.17810730e+02, 2.70136963e+02 ]
