%YAML:1.0
---
points: [ 7.54797119e+02, 3.71636475e+02, 7.80729980e+02, 3.65723328e+02,
    8.07406799e+02, 3.59779297e+02, 8.34393921e+02, 3.52894958e+02,
    7.38635376e+02, 3.91497101e+02, 7.64695129e+02, 3.85769989e+02,
    7.91621033e+02, 3.80196564e+02, 8.19440552e+02, 3.73241180e+02,
    7.21662231e+02, 4.12221527e+02, 7.48205444e+02, 4.06552948e+02,
    7.75436707e+02, 4.01086456e+02, 8.03514526e+02, 3.94819550e+02,
    7.02710876e+02, 4.34186798e+02, 7.30501404e+02, 4.28512726e+02,
    7.58159668e+02, 4.23013763e+02, 7.86704773e+02, 4.17480255e+02,
    6.85404602e+02, 4.55609711e+02, 7.12502502e+02, 4.50758575e+02,
    7.40297913e+02, 4.45452393e+02, 7.69458984e+02, 4.40264801e+02,
    6.65613708e+02, 4.79087524e+02, 6.92792664e+02, 4.74597717e+02,
    7.21336243e+02, 4.69654358e+02, 7.50608643e+02, 4.64582581e+02 ]
