%YAML:1.0
---
points: [ 1.24385117e+02, 3.16208763e+01, 1.32009354e+02, 3.22075768e+01,
    1.39422211e+02, 3.27497635e+01, 1.47129013e+02, 3.35094757e+01,
    1.24157791e+02, 3.95337677e+01, 1.31584869e+02, 4.00807533e+01,
    1.39221298e+02, 4.06979103e+01, 1.46626846e+02, 4.13409462e+01,
    1.23563698e+02, 4.75212784e+01, 1.31355347e+02, 4.80571022e+01,
    1.38632294e+02, 4.87185402e+01, 1.46354630e+02, 4.94431152e+01,
    1.23388176e+02, 5.53892937e+01, 1.30824615e+02, 5.60332489e+01,
    1.38517120e+02, 5.66722908e+01, 1.45842560e+02, 5.73343506e+01,
    1.23013138e+02, 6.31770134e+01, 1.30598679e+02, 6.38759041e+01,
    1.37982025e+02, 6.44839783e+01, 1.45629852e+02, 6.52561035e+01,
    1.22783760e+02, 7.10991211e+01, 1.30234955e+02, 7.17502975e+01,
    1.37796478e+02, 7.25406418e+01, 1.45215210e+02, 7.30549011e+01 ]
