%YAML:1.0
---
points: [ 2.52992325e+02, 8.10944977e+01, 2.64126129e+02, 8.43122864e+01,
    2.71595001e+02, 9.00618134e+01, 2.78195648e+02, 9.61222763e+01,
    2.52992279e+02, 8.10945206e+01, 2.59693237e+02, 8.74386673e+01,
    2.66572784e+02, 9.36533051e+01, 2.73432312e+02, 9.99168625e+01,
    2.47422958e+02, 8.49099121e+01, 2.54107498e+02, 9.14336319e+01,
    2.61074768e+02, 9.78176193e+01, 2.67875610e+02, 1.04383667e+02,
    2.41676437e+02, 8.87625961e+01, 2.48683594e+02, 9.53536911e+01,
    2.55370819e+02, 1.02137413e+02, 2.62430817e+02, 1.08560242e+02,
    2.35674896e+02, 9.29358215e+01, 2.42682205e+02, 9.97170029e+01,
    2.50063431e+02, 1.06108574e+02, 2.56930298e+02, 1.12931549e+02,
    2.29983719e+02, 9.70382233e+01, 2.36764938e+02, 1.03788895e+02,
    2.44194702e+02, 1.10631584e+02, 2.51042068e+02, 1.17357353e+02 ]
