%YAML:1.0
---
points: [ 1.18671777e+03, 2.41154404e+02, 1.23408362e+03, 2.28850601e+02,
    1.28399561e+03, 2.16112305e+02, 1.33619824e+03, 2.01393265e+02,
    1.17553894e+03, 2.65594208e+02, 1.22418213e+03, 2.53537354e+02,
    1.27546069e+03, 2.40995361e+02, 1.32943860e+03, 2.26442673e+02,
    1.16406055e+03, 2.91491852e+02, 1.21372559e+03, 2.79747284e+02,
    1.26638879e+03, 2.67114960e+02, 1.32222607e+03, 2.53625000e+02,
    1.15033203e+03, 3.20249664e+02, 1.20271814e+03, 3.07463684e+02,
    1.25666492e+03, 2.95388702e+02, 1.31444189e+03, 2.82428558e+02,
    1.13864990e+03, 3.47447296e+02, 1.19124854e+03, 3.36556885e+02,
    1.24668652e+03, 3.24527039e+02, 1.30604333e+03, 3.12454102e+02,
    1.12453137e+03, 3.78320526e+02, 1.17843518e+03, 3.67782745e+02,
    1.23563391e+03, 3.56806885e+02, 1.29666113e+03, 3.44815796e+02 ]
