%YAML:1.0
---
points: [ 9.34940063e+02, 9.20282059e+01, 9.61053589e+02, 1.03635757e+02,
    9.86961426e+02, 1.15338760e+02, 1.01292938e+03, 1.26310997e+02,
    9.25554077e+02, 1.14665092e+02, 9.51881104e+02, 1.26340874e+02,
    9.77966858e+02, 1.37960205e+02, 1.00434558e+03, 1.48928879e+02,
    9.16277832e+02, 1.37584885e+02, 9.42640442e+02, 1.49237625e+02,
    9.69241211e+02, 1.60849960e+02, 9.95369812e+02, 1.72283142e+02,
    9.06123840e+02, 1.61392792e+02, 9.33608826e+02, 1.72569672e+02,
    9.60022034e+02, 1.84251740e+02, 9.86667236e+02, 1.95564026e+02,
    8.97200256e+02, 1.84426941e+02, 9.24193176e+02, 1.96090469e+02,
    9.51102905e+02, 2.07431335e+02, 9.77629028e+02, 2.18922638e+02,
    8.87402954e+02, 2.08239944e+02, 9.14638062e+02, 2.19730896e+02,
    9.41652039e+02, 2.31418320e+02, 9.68731689e+02, 2.42703705e+02 ]
