%YAML:1.0
---
points: [ 2.56065582e+02, 5.71900597e+01, 2.65033173e+02, 6.10751534e+01,
    2.73792358e+02, 6.48336105e+01, 2.82585938e+02, 6.83519592e+01,
    2.53113022e+02, 6.48534012e+01, 2.62036163e+02, 6.86574631e+01,
    2.70965424e+02, 7.24169998e+01, 2.79747681e+02, 7.61184921e+01,
    2.50073730e+02, 7.25798035e+01, 2.59055695e+02, 7.63421936e+01,
    2.68050720e+02, 8.01913223e+01, 2.76959320e+02, 8.39067612e+01,
    2.46907974e+02, 8.04488144e+01, 2.56083710e+02, 8.43322601e+01,
    2.65054901e+02, 8.81084671e+01, 2.74134521e+02, 9.18662796e+01,
    2.43919907e+02, 8.84171906e+01, 2.53054367e+02, 9.22816391e+01,
    2.62163757e+02, 9.59997711e+01, 2.71235046e+02, 9.97482605e+01,
    2.40724792e+02, 9.65207901e+01, 2.49982239e+02, 1.00370651e+02,
    2.59144470e+02, 1.04152771e+02, 2.68339935e+02, 1.07907013e+02 ]
