%YAML:1.0
---
points: [ 6.32910118e+01, 3.46706848e+01, 7.15223694e+01, 3.49741631e+01,
    7.90508957e+01, 3.55673294e+01, 8.73790283e+01, 3.56777115e+01,
    6.45413589e+01, 4.28406944e+01, 7.23110352e+01, 4.31486473e+01,
    8.06668091e+01, 4.36247559e+01, 8.83382645e+01, 4.38814659e+01,
    6.56624298e+01, 5.10544357e+01, 7.39863052e+01, 5.13015289e+01,
    8.19654617e+01, 5.16326675e+01, 8.98961487e+01, 5.19426270e+01,
    6.71562576e+01, 5.96505852e+01, 7.52045059e+01, 5.97644577e+01,
    8.35399704e+01, 5.99112167e+01, 9.11059647e+01, 6.00726318e+01,
    6.85212860e+01, 6.76660156e+01, 7.67357559e+01, 6.78767166e+01,
    8.47535706e+01, 6.79547882e+01, 9.26041031e+01, 6.81517410e+01,
    7.01893463e+01, 7.61588669e+01, 7.81964264e+01, 7.61388931e+01,
    8.62878952e+01, 7.62214584e+01, 9.39859467e+01, 7.62355652e+01 ]
