%YAML:1.0
---
points: [ 1.16055029e+03, 9.32059021e+01, 1.18632520e+03, 1.04326225e+02,
    1.21223438e+03, 1.15535133e+02, 1.23834619e+03, 1.26256966e+02,
    1.14971985e+03, 1.15669823e+02, 1.17558191e+03, 1.26805298e+02,
    1.20152502e+03, 1.38279526e+02, 1.22808093e+03, 1.49015717e+02,
    1.13888794e+03, 1.38476242e+02, 1.16483838e+03, 1.49733597e+02,
    1.19103137e+03, 1.61136108e+02, 1.21737073e+03, 1.72356522e+02,
    1.12728589e+03, 1.62182724e+02, 1.15432300e+03, 1.72935562e+02,
    1.18029541e+03, 1.84372620e+02, 1.20695215e+03, 1.95716064e+02,
    1.11686780e+03, 1.84696732e+02, 1.14319861e+03, 1.96262421e+02,
    1.16967969e+03, 2.07504715e+02, 1.19630334e+03, 2.19113342e+02,
    1.10558887e+03, 2.08287216e+02, 1.13226819e+03, 2.19819336e+02,
    1.15866504e+03, 2.31367218e+02, 1.18549426e+03, 2.42651794e+02 ]
