%YAML:1.0
---
points: [ 1.00772809e+03, 2.25282791e+02, 1.05248193e+03, 2.30957733e+02,
    1.09641724e+03, 2.36780746e+02, 1.13863989e+03, 2.41202942e+02,
    1.02473108e+03, 2.48549850e+02, 1.07128918e+03, 2.54017624e+02,
    1.11572192e+03, 2.59664703e+02, 1.15928491e+03, 2.63606140e+02,
    1.04322241e+03, 2.73249176e+02, 1.09055713e+03, 2.78483734e+02,
    1.13654065e+03, 2.83443451e+02, 1.18067456e+03, 2.87765167e+02,
    1.06475159e+03, 3.01393463e+02, 1.11221204e+03, 3.04410675e+02,
    1.15911682e+03, 3.09304657e+02, 1.20494812e+03, 3.13704895e+02,
    1.08470056e+03, 3.27830811e+02, 1.13499731e+03, 3.32507721e+02,
    1.18333533e+03, 3.36185974e+02, 1.22960205e+03, 3.40372498e+02,
    1.10779187e+03, 3.58276825e+02, 1.15957349e+03, 3.62098724e+02,
    1.20933289e+03, 3.65842865e+02, 1.25726074e+03, 3.69339142e+02 ]
