%YAML:1.0
---
points: [ 2.03365765e+01, 3.86928444e+01, 2.88948135e+01, 3.83371925e+01,
    3.67834282e+01, 3.87313881e+01, 4.47892799e+01, 3.87454948e+01,
    2.22643528e+01, 4.66329880e+01, 2.99694023e+01, 4.69361420e+01,
    3.85056725e+01, 4.69254417e+01, 4.59253082e+01, 4.70368385e+01,
    2.35268669e+01, 5.54151077e+01, 3.17476559e+01, 5.52625999e+01,
    3.97127953e+01, 5.53528366e+01, 4.79000511e+01, 5.55144501e+01,
    2.53739433e+01, 6.39201279e+01, 3.35905647e+01, 6.36938782e+01,
    4.18336296e+01, 6.36971664e+01, 4.95799026e+01, 6.35600014e+01,
    2.68390331e+01, 7.24983673e+01, 3.55122757e+01, 7.24137878e+01,
    4.35572281e+01, 7.19195328e+01, 5.16122894e+01, 7.20319061e+01,
    2.88637505e+01, 8.10922775e+01, 3.72876358e+01, 8.07394028e+01,
    4.54606094e+01, 8.05176315e+01, 5.33072166e+01, 8.02845764e+01 ]
