%YAML:1.0
---
points: [ 3.32398926e+02, 5.68665466e+01, 3.41367615e+02, 6.06161575e+01,
    3.50160309e+02, 6.42306976e+01, 3.59103394e+02, 6.77270279e+01,
    3.29153839e+02, 6.43934174e+01, 3.37905273e+02, 6.81373825e+01,
    3.46836304e+02, 7.19122314e+01, 3.55694092e+02, 7.54582901e+01,
    3.25508057e+02, 7.21442413e+01, 3.34462952e+02, 7.58589401e+01,
    3.43341492e+02, 7.95546036e+01, 3.52397888e+02, 8.32632065e+01,
    3.21957794e+02, 7.98657303e+01, 3.31022400e+02, 8.36357422e+01,
    3.39931824e+02, 8.74720993e+01, 3.49036041e+02, 9.11924896e+01,
    3.18523987e+02, 8.77049103e+01, 3.27412445e+02, 9.15161514e+01,
    3.36512177e+02, 9.52333069e+01, 3.45556091e+02, 9.91004791e+01,
    3.14814728e+02, 9.57050781e+01, 3.23854919e+02, 9.95057449e+01,
    3.32950500e+02, 1.03294357e+02, 3.42175751e+02, 1.07095566e+02 ]
