%YAML:1.0
---
points: [ 2.86176987e+01, 3.63139191e+01, 3.80602074e+01, 3.68834953e+01,
    4.66572495e+01, 3.69668503e+01, 5.57267151e+01, 3.72092781e+01,
    3.11278725e+01, 4.64519958e+01, 4.02004814e+01, 4.66632614e+01,
    4.91888123e+01, 4.68315506e+01, 5.77675171e+01, 4.70437927e+01,
    3.30637970e+01, 5.66495895e+01, 4.24547462e+01, 5.66123924e+01,
    5.12806664e+01, 5.66538963e+01, 6.02720184e+01, 5.68115997e+01,
    3.57513924e+01, 6.69275513e+01, 4.48361855e+01, 6.67249680e+01,
    5.39897308e+01, 6.67427673e+01, 6.25740280e+01, 6.65934143e+01,
    3.82863960e+01, 7.70572586e+01, 4.75438499e+01, 7.67942123e+01,
    5.65423927e+01, 7.65620651e+01, 6.52278061e+01, 7.64204712e+01,
    4.11099205e+01, 8.74629669e+01, 5.02677460e+01, 8.68508606e+01,
    5.92066116e+01, 8.66029434e+01, 6.77214737e+01, 8.61238861e+01 ]
