%YAML:1.0
---
points: [ 1.31849585e+03, 9.35081787e+01, 1.34390771e+03, 1.04680527e+02,
    1.36933997e+03, 1.16059433e+02, 1.39483350e+03, 1.26693932e+02,
    1.31057654e+03, 1.15627579e+02, 1.33630542e+03, 1.26792229e+02,
    1.36162415e+03, 1.38256927e+02, 1.38752930e+03, 1.48852631e+02,
    1.30268848e+03, 1.37929871e+02, 1.32845117e+03, 1.49329086e+02,
    1.35428064e+03, 1.60598694e+02, 1.37995764e+03, 1.71726181e+02,
    1.29427417e+03, 1.61274338e+02, 1.32082922e+03, 1.72218765e+02,
    1.34646729e+03, 1.83482117e+02, 1.37269080e+03, 1.94747940e+02,
    1.28652734e+03, 1.83727478e+02, 1.31268689e+03, 1.95207504e+02,
    1.33894727e+03, 2.06266968e+02, 1.36512366e+03, 2.17638901e+02,
    1.27832764e+03, 2.07127869e+02, 1.30476111e+03, 2.18447388e+02,
    1.33111890e+03, 2.29751007e+02, 1.35752722e+03, 2.41126450e+02 ]
