%YAML:1.0
---
points: [ 3.85460876e+02, 5.71800728e+01, 3.94233917e+02, 6.08700638e+01,
    4.02467987e+02, 6.46477661e+01, 4.11308289e+02, 6.82476654e+01,
    3.83284302e+02, 6.42814865e+01, 3.91890717e+02, 6.80741806e+01,
    4.00478149e+02, 7.19900589e+01, 4.09107483e+02, 7.54614716e+01,
    3.80797607e+02, 7.17394333e+01, 3.89511963e+02, 7.55530472e+01,
    3.98204468e+02, 7.92914886e+01, 4.06923431e+02, 8.30593262e+01,
    3.78315918e+02, 7.93765182e+01, 3.87181000e+02, 8.31406555e+01,
    3.95971069e+02, 8.70006866e+01, 4.04673920e+02, 9.07805176e+01,
    3.75914398e+02, 8.70163651e+01, 3.84809113e+02, 9.08271637e+01,
    3.93606140e+02, 9.45465698e+01, 4.02438843e+02, 9.83341751e+01,
    3.73338287e+02, 9.48673630e+01, 3.82288818e+02, 9.87061386e+01,
    3.91233398e+02, 1.02473137e+02, 4.00188721e+02, 1.06225601e+02 ]
