%YAML:1.0
---
points: [ 2.39360733e+02, 2.67460449e+02, 2.85763977e+02, 2.64564606e+02,
    3.32233368e+02, 2.61845673e+02, 3.78687195e+02, 2.58402069e+02,
    2.16304245e+02, 2.87768188e+02, 2.63819763e+02, 2.84873566e+02,
    3.12247009e+02, 2.82195557e+02, 3.60316162e+02, 2.78363129e+02,
    1.91490906e+02, 3.09702545e+02, 2.40912338e+02, 3.06668915e+02,
    2.90600281e+02, 3.03504181e+02, 3.40555511e+02, 3.00413300e+02,
    1.61820465e+02, 3.34461761e+02, 2.16334167e+02, 3.29704712e+02,
    2.67442688e+02, 3.26668640e+02, 3.19484528e+02, 3.23686493e+02,
    1.36541702e+02, 3.58073395e+02, 1.89519455e+02, 3.54656464e+02,
    2.42923340e+02, 3.50768921e+02, 2.96884766e+02, 3.47843903e+02,
    1.05555458e+02, 3.85071564e+02, 1.60569778e+02, 3.81510986e+02,
    2.16314865e+02, 3.77823151e+02, 2.71872314e+02, 3.74337463e+02 ]
