%YAML:1.0
---
points: [ 7.62847672e+01, 5.86211472e+01, 8.35651398e+01, 6.41401520e+01,
    9.11790161e+01, 6.98553696e+01, 9.84396820e+01, 7.54943314e+01,
    7.03905334e+01, 6.26650620e+01, 7.80701065e+01, 6.82003098e+01,
    8.55208511e+01, 7.40693741e+01, 9.33313370e+01, 7.93521729e+01,
    6.46619492e+01, 6.66112061e+01, 7.21436386e+01, 7.24948807e+01,
    7.97978973e+01, 7.81331329e+01, 8.73880768e+01, 8.41899338e+01,
    5.80283394e+01, 7.11231003e+01, 6.59121857e+01, 7.69322586e+01,
    7.36990051e+01, 8.28740768e+01, 8.15847855e+01, 8.86800690e+01,
    5.20801353e+01, 7.54890442e+01, 5.97374191e+01, 8.15835342e+01,
    6.77251816e+01, 8.72485733e+01, 7.54330521e+01, 9.35452652e+01,
    4.53485603e+01, 8.03116074e+01, 5.32297859e+01, 8.62331772e+01,
    6.12315636e+01, 9.22357101e+01, 6.94672470e+01, 9.82354279e+01 ]
