%YAML:1.0
---
points: [ 3.37464539e+02, 5.07437782e+01, 3.46914764e+02, 5.26417923e+01,
    3.56326019e+02, 5.45620499e+01, 3.65975281e+02, 5.63334045e+01,
    3.34892731e+02, 6.00890274e+01, 3.44175568e+02, 6.19540405e+01,
    3.53647339e+02, 6.39937439e+01, 3.63157043e+02, 6.58421936e+01,
    3.32113342e+02, 6.93762894e+01, 3.41527039e+02, 7.13253632e+01,
    3.50876007e+02, 7.32646179e+01, 3.60488739e+02, 7.52865448e+01,
    3.29437775e+02, 7.87163696e+01, 3.38806763e+02, 8.07210464e+01,
    3.48219147e+02, 8.27329788e+01, 3.57785461e+02, 8.47089539e+01,
    3.26852386e+02, 8.79940109e+01, 3.36167664e+02, 9.00263367e+01,
    3.45524872e+02, 9.19944153e+01, 3.55048767e+02, 9.40170441e+01,
    3.24128571e+02, 9.72979126e+01, 3.33428925e+02, 9.93176727e+01,
    3.42760071e+02, 1.01371269e+02, 3.52313690e+02, 1.03402168e+02 ]
