%YAML:1.0
---
points: [ 1.17559509e+03, 7.47225494e+01, 1.20316809e+03, 8.06202621e+01,
    1.23111755e+03, 8.63860321e+01, 1.25919739e+03, 9.18813324e+01,
    1.16729578e+03, 1.02676559e+02, 1.19485535e+03, 1.08544746e+02,
    1.22247131e+03, 1.14486351e+02, 1.25056116e+03, 1.20052597e+02,
    1.15914648e+03, 1.30454102e+02, 1.18643909e+03, 1.36454102e+02,
    1.21393018e+03, 1.42468384e+02, 1.24184790e+03, 1.48487854e+02,
    1.15010999e+03, 1.59206085e+02, 1.17828479e+03, 1.64634308e+02,
    1.20545935e+03, 1.70544189e+02, 1.23370654e+03, 1.76628372e+02,
    1.14265820e+03, 1.85876129e+02, 1.16967651e+03, 1.91991562e+02,
    1.19733179e+03, 1.97944031e+02, 1.22513538e+03, 2.04295853e+02,
    1.13442346e+03, 2.13345963e+02, 1.16152466e+03, 2.19496841e+02,
    1.18886084e+03, 2.25725922e+02, 1.21662598e+03, 2.32138824e+02 ]
