%YAML:1.0
---
points: [ 2.76558136e+02, 3.15581482e+02, 3.12797882e+02, 3.25690125e+02,
    3.47455078e+02, 3.35620056e+02, 3.80304138e+02, 3.44306244e+02,
    2.96853516e+02, 3.41570709e+02, 3.33474243e+02, 3.51337097e+02,
    3.67441193e+02, 3.60412750e+02, 4.00176483e+02, 3.68364197e+02,
    3.18204285e+02, 3.68477722e+02, 3.54266235e+02, 3.77305573e+02,
    3.88496796e+02, 3.85582428e+02, 4.20170685e+02, 3.92829834e+02,
    3.41276184e+02, 3.96760223e+02, 3.76261444e+02, 4.03725739e+02,
    4.09667450e+02, 4.11398956e+02, 4.41500488e+02, 4.18306366e+02,
    3.62801025e+02, 4.23820923e+02, 3.98067749e+02, 4.30617584e+02,
    4.31521271e+02, 4.37138824e+02, 4.62330841e+02, 4.43312439e+02,
    3.85742279e+02, 4.52234070e+02, 4.20957123e+02, 4.58341064e+02,
    4.53642395e+02, 4.63867432e+02, 4.84228516e+02, 4.68920166e+02 ]
