%YAML:1.0
---
points: [ 2.07236191e+02, 7.04101028e+01, 2.48312469e+02, 7.72043991e+01,
    2.86916504e+02, 8.38370438e+01, 3.23310028e+02, 8.93606949e+01,
    2.35219162e+02, 1.02535248e+02, 2.75637115e+02, 1.08400108e+02,
    3.13331879e+02, 1.14196518e+02, 3.49174255e+02, 1.18641991e+02,
    2.63556915e+02, 1.35207260e+02, 3.03353271e+02, 1.40015625e+02,
    3.40520844e+02, 1.44448227e+02, 3.75387085e+02, 1.48604050e+02,
    2.94316498e+02, 1.69179214e+02, 3.31609222e+02, 1.71548752e+02,
    3.67955353e+02, 1.75328583e+02, 4.02103333e+02, 1.78482925e+02,
    3.22347839e+02, 2.01091721e+02, 3.60172668e+02, 2.03522903e+02,
    3.95682953e+02, 2.05647064e+02, 4.28618164e+02, 2.08153641e+02,
    3.51998169e+02, 2.34286819e+02, 3.89054810e+02, 2.35484680e+02,
    4.23573151e+02, 2.36750610e+02, 4.56000580e+02, 2.37925079e+02 ]
