%YAML:1.0
---
points: [ 7.06973877e+02, 8.16877975e+01, 7.31989502e+02, 8.75363083e+01,
    7.56632019e+02, 9.33733673e+01, 7.81330200e+02, 9.87316132e+01,
    7.02076294e+02, 1.06378174e+02, 7.27229675e+02, 1.12260033e+02,
    7.51915222e+02, 1.18151802e+02, 7.76553589e+02, 1.23464249e+02,
    6.97330872e+02, 1.30754364e+02, 7.22452942e+02, 1.36605286e+02,
    7.47348816e+02, 1.42408997e+02, 7.71856873e+02, 1.48011810e+02,
    6.92093323e+02, 1.56094070e+02, 7.17743713e+02, 1.61298950e+02,
    7.42551270e+02, 1.67170914e+02, 7.67480774e+02, 1.72559860e+02,
    6.87852661e+02, 1.80185333e+02, 7.12973694e+02, 1.85758530e+02,
    7.37913147e+02, 1.91332947e+02, 7.62667847e+02, 1.96797806e+02,
    6.83251465e+02, 2.04565247e+02, 7.08326477e+02, 2.10248886e+02,
    7.33259460e+02, 2.15693726e+02, 7.58216553e+02, 2.21332825e+02 ]
