%YAML:1.0
---
points: [ 1.77846558e+02, 5.49624062e+01, 1.86259766e+02, 5.67584076e+01,
    1.94494614e+02, 5.86357346e+01, 2.02983810e+02, 6.03457260e+01,
    1.76295197e+02, 6.31599007e+01, 1.84657471e+02, 6.50079727e+01,
    1.93051544e+02, 6.67772217e+01, 2.01331299e+02, 6.84750519e+01,
    1.74679337e+02, 7.14471588e+01, 1.83152039e+02, 7.31798401e+01,
    1.91419312e+02, 7.50071106e+01, 1.99843231e+02, 7.67630386e+01,
    1.73064667e+02, 7.97481842e+01, 1.81545837e+02, 8.15764389e+01,
    1.89922241e+02, 8.33002167e+01, 1.98287338e+02, 8.50592575e+01,
    1.71618912e+02, 8.79882126e+01, 1.80068909e+02, 8.97276306e+01,
    1.88372696e+02, 9.14613419e+01, 1.96760025e+02, 9.31950684e+01,
    1.70034637e+02, 9.62200317e+01, 1.78455856e+02, 9.80464325e+01,
    1.86874680e+02, 9.97149887e+01, 1.95286972e+02, 1.01512383e+02 ]
