%YAML:1.0
---
points: [ 1.75178787e+02, 5.65399704e+01, 1.79334839e+02, 6.31194687e+01,
    1.83765076e+02, 6.99771576e+01, 1.88100281e+02, 7.65867615e+01,
    1.66863602e+02, 6.03978310e+01, 1.71099319e+02, 6.70136719e+01,
    1.75416840e+02, 7.38151474e+01, 1.79929764e+02, 8.05722122e+01,
    1.58588501e+02, 6.41911545e+01, 1.62745804e+02, 7.09297409e+01,
    1.67081009e+02, 7.77378693e+01, 1.71403030e+02, 8.46422958e+01,
    1.50043839e+02, 6.79664536e+01, 1.54330109e+02, 7.48376465e+01,
    1.58592804e+02, 8.17125702e+01, 1.62951630e+02, 8.86909027e+01,
    1.41700104e+02, 7.19249878e+01, 1.45771881e+02, 7.87816162e+01,
    1.50100510e+02, 8.56180573e+01, 1.54372147e+02, 9.27278137e+01,
    1.33006760e+02, 7.58656769e+01, 1.37220123e+02, 8.26983032e+01,
    1.41404358e+02, 8.97081833e+01, 1.45769943e+02, 9.67836990e+01 ]
