%YAML:1.0
---
points: [ 1.12693787e+03, 1.49670914e+02, 1.15337769e+03, 1.49714569e+02,
    1.17896484e+03, 1.49805817e+02, 1.20443359e+03, 1.49348862e+02,
    1.14253186e+03, 1.71160645e+02, 1.16900952e+03, 1.70774963e+02,
    1.19470325e+03, 1.70603455e+02, 1.22006116e+03, 1.69648499e+02,
    1.15844373e+03, 1.93038345e+02, 1.18512646e+03, 1.92498047e+02,
    1.21116602e+03, 1.91793915e+02, 1.23655579e+03, 1.91185333e+02,
    1.17550427e+03, 2.16228806e+02, 1.20206042e+03, 2.14492996e+02,
    1.22771875e+03, 2.13664398e+02, 1.25404822e+03, 2.13017151e+02,
    1.19233997e+03, 2.38664413e+02, 1.21917712e+03, 2.37315094e+02,
    1.24533508e+03, 2.35578262e+02, 1.27070337e+03, 2.34584061e+02,
    1.20967908e+03, 2.62271637e+02, 1.23686804e+03, 2.60494293e+02,
    1.26322449e+03, 2.58768738e+02, 1.28888232e+03, 2.57113525e+02 ]
