%YAML:1.0
---
points: [ 2.36138596e+02, 1.03226074e+02, 2.36277771e+02, 1.11806229e+02,
    2.36309143e+02, 1.20385857e+02, 2.36569839e+02, 1.28711304e+02,
    2.27784851e+02, 1.03223312e+02, 2.27968277e+02, 1.11789841e+02,
    2.28202026e+02, 1.20361488e+02, 2.28406479e+02, 1.28627975e+02,
    2.19569870e+02, 1.03108902e+02, 2.19718369e+02, 1.11728905e+02,
    2.19931168e+02, 1.20296219e+02, 2.20317139e+02, 1.28774948e+02,
    2.11115707e+02, 1.03039185e+02, 2.11325790e+02, 1.11640076e+02,
    2.11623856e+02, 1.20463669e+02, 2.11776276e+02, 1.28747772e+02,
    2.02827316e+02, 1.02662392e+02, 2.03246765e+02, 1.11917084e+02,
    2.03557983e+02, 1.20240509e+02, 2.03987488e+02, 1.28990845e+02,
    1.94134888e+02, 1.03135651e+02, 1.94421478e+02, 1.11617828e+02,
    1.94892426e+02, 1.20313232e+02, 1.95311981e+02, 1.28991379e+02 ]
