%YAML:1.0
---
points: [ 7.58255310e+02, 3.02260406e+02, 7.57103210e+02, 2.76927124e+02,
    7.55869690e+02, 2.51303833e+02, 7.54645081e+02, 2.25285278e+02,
    7.83028564e+02, 3.02388885e+02, 7.81996155e+02, 2.77191437e+02,
    7.81109314e+02, 2.51744980e+02, 7.80119812e+02, 2.25783783e+02,
    8.07443115e+02, 3.02555878e+02, 8.06677063e+02, 2.77316956e+02,
    8.06006531e+02, 2.52168488e+02, 8.04755676e+02, 2.26152298e+02,
    8.31881104e+02, 3.02587280e+02, 8.31365356e+02, 2.77568604e+02,
    8.30752258e+02, 2.52364212e+02, 8.29975830e+02, 2.26753357e+02,
    8.56024170e+02, 3.02676361e+02, 8.55442993e+02, 2.77881195e+02,
    8.55106873e+02, 2.52754730e+02, 8.54691711e+02, 2.27393845e+02,
    8.79962891e+02, 3.02889587e+02, 8.79673767e+02, 2.78236023e+02,
    8.79450256e+02, 2.53275055e+02, 8.79223083e+02, 2.27793411e+02 ]
