%YAML:1.0
---
points: [ 2.28372070e+02, 5.55743942e+01, 2.33941269e+02, 6.21294785e+01,
    2.39833466e+02, 6.85445480e+01, 2.45427490e+02, 7.49071198e+01,
    2.21637817e+02, 5.93732185e+01, 2.27396988e+02, 6.57661667e+01,
    2.33262619e+02, 7.23144455e+01, 2.39194427e+02, 7.87335510e+01,
    2.14814163e+02, 6.30570869e+01, 2.20652740e+02, 6.96649857e+01,
    2.26384964e+02, 7.62549973e+01, 2.32236771e+02, 8.29213104e+01,
    2.07663849e+02, 6.68290176e+01, 2.13493729e+02, 7.35939102e+01,
    2.19365051e+02, 8.03137589e+01, 2.25361710e+02, 8.70033798e+01,
    2.00641754e+02, 7.08159180e+01, 2.06486908e+02, 7.76185455e+01,
    2.12448059e+02, 8.42331848e+01, 2.18315475e+02, 9.11690521e+01,
    1.93251251e+02, 7.48708420e+01, 1.99179916e+02, 8.15820923e+01,
    2.05245956e+02, 8.84763641e+01, 2.11211578e+02, 9.53241959e+01 ]
