%YAML:1.0
---
points: [ 1.28094897e+03, 2.06400604e+02, 1.30383386e+03, 2.02276367e+02,
    1.32756763e+03, 1.97503113e+02, 1.35181445e+03, 1.92381439e+02,
    1.27398816e+03, 2.22531265e+02, 1.29737085e+03, 2.18239578e+02,
    1.32123071e+03, 2.13723083e+02, 1.34574976e+03, 2.08365234e+02,
    1.26729468e+03, 2.38470016e+02, 1.29081030e+03, 2.34222580e+02,
    1.31498889e+03, 2.29745422e+02, 1.33971082e+03, 2.25186462e+02,
    1.26004590e+03, 2.55214340e+02, 1.28440076e+03, 2.50924377e+02,
    1.30836877e+03, 2.46605255e+02, 1.33353223e+03, 2.42388885e+02,
    1.25415808e+03, 2.70648285e+02, 1.27757043e+03, 2.66869629e+02,
    1.30201050e+03, 2.62683411e+02, 1.32708899e+03, 2.59129852e+02,
    1.24664038e+03, 2.87641663e+02, 1.27055566e+03, 2.84167908e+02,
    1.29508496e+03, 2.80434021e+02, 1.32046167e+03, 2.76452332e+02 ]
