%YAML:1.0
---
points: [ 3.71541718e+02, 1.41323715e+02, 3.91187378e+02, 1.66886993e+02,
    4.10177795e+02, 1.91855804e+02, 4.28861084e+02, 2.16385376e+02,
    3.46581848e+02, 1.56115601e+02, 3.66513733e+02, 1.81714767e+02,
    3.86076599e+02, 2.06661209e+02, 4.05166473e+02, 2.30985062e+02,
    3.21195496e+02, 1.71236023e+02, 3.41652039e+02, 1.96757645e+02,
    3.61633301e+02, 2.21694992e+02, 3.81178619e+02, 2.45854050e+02,
    2.94679443e+02, 1.87069107e+02, 3.16489471e+02, 2.12333450e+02,
    3.36836182e+02, 2.37054398e+02, 3.56893219e+02, 2.61316376e+02,
    2.69490753e+02, 2.02466003e+02, 2.91026062e+02, 2.27887939e+02,
    3.11996490e+02, 2.52550903e+02, 3.32481842e+02, 2.76531921e+02,
    2.43162979e+02, 2.18394867e+02, 2.65133972e+02, 2.43653198e+02,
    2.86667633e+02, 2.68349976e+02, 3.07614777e+02, 2.92269196e+02 ]
