%YAML:1.0
---
points: [ 2.74215881e+02, 5.48904648e+01, 2.79001312e+02, 6.20562286e+01,
    2.86655243e+02, 6.72016068e+01, 2.92537750e+02, 7.31598434e+01,
    2.69020386e+02, 5.85053368e+01, 2.75304138e+02, 6.46233521e+01,
    2.81699493e+02, 7.07468033e+01, 2.88267639e+02, 7.66603470e+01,
    2.64109711e+02, 6.18600349e+01, 2.70330261e+02, 6.81519852e+01,
    2.76549835e+02, 7.45001907e+01, 2.82813263e+02, 8.08838120e+01,
    2.58625366e+02, 6.55951157e+01, 2.64900574e+02, 7.21965256e+01,
    2.71064117e+02, 7.87377167e+01, 2.77400635e+02, 8.50369339e+01,
    2.53114944e+02, 6.94530487e+01, 2.59279785e+02, 7.61890945e+01,
    2.65935059e+02, 8.24487305e+01, 2.72172821e+02, 8.91018753e+01,
    2.47609634e+02, 7.35198593e+01, 2.53517212e+02, 8.01407928e+01,
    2.60449402e+02, 8.65954590e+01, 2.66552551e+02, 9.32381516e+01 ]
