%YAML:1.0
---
points: [ 6.80327301e+01, 7.75919952e+01, 7.40283279e+01, 8.57828217e+01,
    8.00039368e+01, 9.39375916e+01, 8.58899384e+01, 1.01755730e+02,
    6.00111961e+01, 8.26875534e+01, 6.61626968e+01, 9.09312897e+01,
    7.21893005e+01, 9.89910355e+01, 7.82396622e+01, 1.06978813e+02,
    5.19551811e+01, 8.80511551e+01, 5.80603409e+01, 9.62071991e+01,
    6.42438278e+01, 1.04167564e+02, 7.04471359e+01, 1.12042984e+02,
    4.35452728e+01, 9.33332214e+01, 5.00201340e+01, 1.01666893e+02,
    5.62662773e+01, 1.09519363e+02, 6.25203514e+01, 1.17389061e+02,
    3.56797714e+01, 9.90020981e+01, 4.20287933e+01, 1.07020447e+02,
    4.83315964e+01, 1.14825363e+02, 5.47088966e+01, 1.22681999e+02,
    2.72500000e+01, 104., 3.39613228e+01, 1.12577522e+02, 4.02385826e+01,
    1.20399849e+02, 4.67719955e+01, 1.28128922e+02 ]
