%YAML:1.0
---
points: [ 4.11023865e+02, 8.83121887e+02, 4.22188843e+02, 9.08030579e+02,
    4.33078949e+02, 9.32855164e+02, 4.44374817e+02, 9.57858032e+02,
    3.82302551e+02, 8.97418030e+02, 3.93373077e+02, 9.22625549e+02,
    4.04516663e+02, 9.47999146e+02, 4.15917999e+02, 9.73380554e+02,
    3.52392212e+02, 9.12080627e+02, 3.63758484e+02, 9.37762085e+02,
    3.75281311e+02, 9.63448853e+02, 3.86707794e+02, 9.89231628e+02,
    3.21159454e+02, 9.27659180e+02, 3.33475769e+02, 9.53407593e+02,
    3.45246704e+02, 9.79382507e+02, 3.56765198e+02, 1.00551801e+03,
    2.90485413e+02, 9.42811768e+02, 3.02525391e+02, 9.69341064e+02,
    3.14455475e+02, 9.95701538e+02, 3.26400055e+02, 1.02195642e+03,
    2.58323578e+02, 9.58693909e+02, 2.70525726e+02, 9.85595337e+02,
    2.82776794e+02, 1.01244287e+03, 2.94879303e+02, 1.03921899e+03 ]
