%YAML:1.0
---
points: [ 9.81352417e+02, 2.10731781e+02, 1.00031573e+03, 2.09442703e+02,
    1.01946112e+03, 2.08130005e+02, 1.03809875e+03, 2.06470764e+02,
    9.93025391e+02, 2.25778625e+02, 1.01269867e+03, 2.24206360e+02,
    1.03172290e+03, 2.22936020e+02, 1.04885193e+03, 2.20691895e+02,
    1.00533478e+03, 2.40972580e+02, 1.02500232e+03, 2.39431320e+02,
    1.04411157e+03, 2.37549820e+02, 1.06346509e+03, 2.35576172e+02,
    1.01742688e+03, 2.57141602e+02, 1.03840649e+03, 2.54708511e+02,
    1.05581604e+03, 2.53609070e+02, 1.07448462e+03, 2.50980225e+02,
    1.03044470e+03, 2.71841888e+02, 1.05037463e+03, 2.69899597e+02,
    1.06929761e+03, 2.67359100e+02, 1.08789417e+03, 2.65254517e+02,
    1.04354932e+03, 2.88273376e+02, 1.06349683e+03, 2.85855469e+02,
    1.08242163e+03, 2.83449829e+02, 1.10084229e+03, 2.81139893e+02 ]
