%YAML:1.0
---
points: [ 8.22171707e+01, 3.26253937e+02, 8.60627213e+01, 3.34323944e+02,
    9.00042877e+01, 3.42891479e+02, 9.37570267e+01, 3.51039185e+02,
    7.31733932e+01, 3.30707489e+02, 7.69705276e+01, 3.39262970e+02,
    8.09419785e+01, 3.47493408e+02, 8.47994461e+01, 3.56087708e+02,
    6.39107056e+01, 3.35534851e+02, 6.77792816e+01, 3.44014282e+02,
    7.17327423e+01, 3.52482117e+02, 7.58574829e+01, 3.60752441e+02,
    5.42202568e+01, 3.40214996e+02, 5.84197769e+01, 3.48975403e+02,
    6.24545212e+01, 3.57245270e+02, 6.65121002e+01, 3.66088593e+02,
    4.50089531e+01, 3.45177490e+02, 4.92379570e+01, 3.53591309e+02,
    5.32768097e+01, 3.62417816e+02, 5.75329361e+01, 3.70573608e+02,
    3.59635544e+01, 3.49199524e+02, 3.99215317e+01, 3.58748077e+02,
    4.41021194e+01, 3.67122192e+02, 4.81460381e+01, 3.76129730e+02 ]
