%YAML:1.0
---
points: [ 3.18162354e+02, 4.64386787e+01, 3.24357788e+02, 5.26437912e+01,
    3.30604218e+02, 5.88391342e+01, 3.36986084e+02, 6.50397720e+01,
    3.10682495e+02, 5.19305153e+01, 3.16840057e+02, 5.80771408e+01,
    3.23101318e+02, 6.43747787e+01, 3.29432648e+02, 7.06244583e+01,
    3.03226135e+02, 5.73535690e+01, 3.09296234e+02, 6.36578674e+01,
    3.15489899e+02, 6.99275589e+01, 3.21784698e+02, 7.63881378e+01,
    2.95592987e+02, 6.28821335e+01, 3.01676270e+02, 6.91956024e+01,
    3.07838348e+02, 7.56559143e+01, 3.14172455e+02, 8.20431976e+01,
    2.88155701e+02, 6.83883514e+01, 2.94137604e+02, 7.48256683e+01,
    3.00271759e+02, 8.11483612e+01, 3.06403473e+02, 8.77298431e+01,
    2.80438507e+02, 7.40149612e+01, 2.86426392e+02, 8.03491287e+01,
    2.92515961e+02, 8.68585129e+01, 2.98793884e+02, 9.33966522e+01 ]
