%YAML:1.0
---
points: [ 1.08697975e+02, 3.12292114e+02, 1.13607353e+02, 3.24156433e+02,
    1.18615173e+02, 3.36141235e+02, 1.23834320e+02, 3.48133026e+02,
    9.60358582e+01, 3.17929596e+02, 1.01179825e+02, 3.30091248e+02,
    1.06242661e+02, 3.42287506e+02, 1.11447861e+02, 3.54598297e+02,
    8.30300751e+01, 3.23824707e+02, 8.81733704e+01, 3.36236664e+02,
    9.32696228e+01, 3.48730957e+02, 9.87801971e+01, 3.61156494e+02,
    6.94973526e+01, 3.29766602e+02, 7.48210068e+01, 3.42639526e+02,
    8.01634064e+01, 3.55226044e+02, 8.55420761e+01, 3.68147736e+02,
    5.58562088e+01, 3.36033661e+02, 6.12259293e+01, 3.48722443e+02,
    6.66923599e+01, 3.61975494e+02, 7.24755707e+01, 3.74517792e+02,
    4.16821899e+01, 3.42065033e+02, 4.71734695e+01, 3.55406128e+02,
    5.28486938e+01, 3.68164246e+02, 5.85390930e+01, 3.81948456e+02 ]
