%YAML:1.0
---
points: [ 3.01916901e+02, 2.80583618e+02, 3.07946625e+02, 2.86169434e+02,
    3.14471466e+02, 2.91582520e+02, 3.21073334e+02, 2.97319763e+02,
    2.95414490e+02, 2.85467529e+02, 3.01551270e+02, 2.90813232e+02,
    3.08008423e+02, 2.96632721e+02, 3.14607361e+02, 3.02345947e+02,
    2.88748291e+02, 2.90183960e+02, 2.94934875e+02, 2.95838287e+02,
    3.01232544e+02, 3.01668884e+02, 3.07812073e+02, 3.07721436e+02,
    2.82011414e+02, 2.95075775e+02, 2.88070312e+02, 3.00899475e+02,
    2.94339233e+02, 3.06908325e+02, 3.01010315e+02, 3.13058655e+02,
    2.75081818e+02, 3.00052826e+02, 2.81131500e+02, 3.06094482e+02,
    2.87444275e+02, 3.12166992e+02, 2.93895660e+02, 3.18623199e+02,
    2.67997498e+02, 3.05274994e+02, 2.74001892e+02, 3.11353638e+02,
    2.80222260e+02, 3.17761963e+02, 2.86761841e+02, 3.24087341e+02 ]
