%YAML:1.0
---
points: [ 4.80489288e+02, 8.41281921e+02, 4.94668640e+02, 8.76630676e+02,
    5.09094116e+02, 9.12209045e+02, 5.23750244e+02, 9.48210449e+02,
    4.41336151e+02, 8.58309692e+02, 4.55582977e+02, 8.94426819e+02,
    4.70179718e+02, 9.31120789e+02, 4.85049683e+02, 9.67774292e+02,
    4.00112671e+02, 8.75905884e+02, 4.14734375e+02, 9.13172729e+02,
    4.29478241e+02, 9.50753235e+02, 4.44591125e+02, 9.88552979e+02,
    3.57290741e+02, 8.94544861e+02, 3.71919861e+02, 9.32628540e+02,
    3.87018738e+02, 9.71375122e+02, 4.02131317e+02, 1.01014832e+03,
    3.12410400e+02, 9.13882996e+02, 3.27509918e+02, 9.53151611e+02,
    3.42944611e+02, 9.92609314e+02, 3.58425659e+02, 1.03243628e+03,
    2.65635071e+02, 9.34062500e+02, 2.80897125e+02, 9.74403503e+02,
    2.96563812e+02, 1.01493011e+03, 3.12383148e+02, 1.05567407e+03 ]
