%YAML:1.0
---
points: [ 5.15585022e+02, 2.97820835e+01, 5.38369751e+02, 2.87883358e+01,
    5.60504883e+02, 2.78937283e+01, 5.81932068e+02, 2.64320717e+01,
    5.28779541e+02, 4.61511765e+01, 5.51471375e+02, 4.49259758e+01,
    5.73480408e+02, 4.38248291e+01, 5.94603088e+02, 4.20382996e+01,
    5.41932007e+02, 6.24942932e+01, 5.64623474e+02, 6.11963158e+01,
    5.86580750e+02, 5.96227760e+01, 6.08118591e+02, 5.82253189e+01,
    5.55600525e+02, 7.94589844e+01, 5.78285950e+02, 7.72940216e+01,
    6.00110291e+02, 7.60487747e+01, 6.21642517e+02, 7.43867798e+01,
    5.69497803e+02, 9.57651672e+01, 5.91640625e+02, 9.36949615e+01,
    6.13378357e+02, 9.16616974e+01, 6.34351074e+02, 8.98443222e+01,
    5.83211365e+02, 1.12682190e+02, 6.05383789e+02, 1.10398376e+02,
    6.27086426e+02, 1.08309364e+02, 6.48147339e+02, 1.06184601e+02 ]
