%YAML:1.0
---
points: [ 7.06961060e+02, 8.41933716e+02, 7.21483765e+02, 8.76382141e+02,
    7.36113892e+02, 9.11032288e+02, 7.51306885e+02, 9.46141724e+02,
    6.73627625e+02, 8.58587708e+02, 6.88446106e+02, 8.93766785e+02,
    7.03272583e+02, 9.29493225e+02, 7.18514343e+02, 9.65376709e+02,
    6.38935364e+02, 8.75942871e+02, 6.53738647e+02, 9.12132080e+02,
    6.68790039e+02, 9.48624695e+02, 6.84174194e+02, 9.85535278e+02,
    6.02188660e+02, 8.94787354e+02, 6.17484985e+02, 9.31399414e+02,
    6.32808655e+02, 9.68835815e+02, 6.48212769e+02, 1.00670319e+03,
    5.64422913e+02, 9.13356812e+02, 5.79680664e+02, 9.51500732e+02,
    5.95418274e+02, 9.89676270e+02, 6.11173035e+02, 1.02859082e+03,
    5.24449646e+02, 9.33279663e+02, 5.40038879e+02, 9.72426880e+02,
    5.55897400e+02, 1.01173749e+03, 5.71884216e+02, 1.05164294e+03 ]
