%YAML:1.0
---
points: [ 2.85379242e+02, 2.73036102e+02, 2.93993988e+02, 2.76752502e+02,
    3.02390076e+02, 2.81470795e+02, 3.11137878e+02, 2.85137695e+02,
    2.82926941e+02, 2.79012878e+02, 2.91375458e+02, 2.83462372e+02,
    3.00093719e+02, 2.87781830e+02, 3.08844025e+02, 2.92016449e+02,
    2.79927429e+02, 2.86218414e+02, 2.88686768e+02, 2.90674835e+02,
    2.97477936e+02, 2.95209381e+02, 3.06351990e+02, 2.99641296e+02,
    2.76845459e+02, 2.93759552e+02, 2.85854614e+02, 2.98053009e+02,
    2.94849823e+02, 3.02738861e+02, 3.03858978e+02, 3.07235474e+02,
    2.74001740e+02, 3.01055420e+02, 2.82993073e+02, 3.05731750e+02,
    2.92176147e+02, 3.10291504e+02, 3.01403595e+02, 3.15126831e+02,
    2.70626617e+02, 3.09030304e+02, 2.79911041e+02, 3.13719910e+02,
    2.89324036e+02, 3.18608673e+02, 2.98714203e+02, 3.23286835e+02 ]
