%YAML:1.0
---
points: [ 1.84282791e+02, 3.12266815e+02, 1.89312347e+02, 3.23861420e+02,
    1.94403320e+02, 3.35600067e+02, 1.99797272e+02, 3.47385895e+02,
    1.73341339e+02, 3.17974365e+02, 1.78540771e+02, 3.29807831e+02,
    1.83769623e+02, 3.41776611e+02, 1.89161728e+02, 3.53906189e+02,
    1.62084564e+02, 3.23849182e+02, 1.67282578e+02, 3.35989319e+02,
    1.72563263e+02, 3.48280762e+02, 1.78061325e+02, 3.60677521e+02,
    1.50135605e+02, 3.30070740e+02, 1.55540955e+02, 3.42599121e+02,
    1.60911606e+02, 3.55072296e+02, 1.66411484e+02, 3.67856812e+02,
    1.37879044e+02, 3.36541809e+02, 1.43284286e+02, 3.49215546e+02,
    1.48810196e+02, 3.62213837e+02, 1.54567429e+02, 3.74772034e+02,
    1.25125671e+02, 3.43044098e+02, 1.30596710e+02, 3.56263733e+02,
    1.36255814e+02, 3.69227509e+02, 1.41953781e+02, 3.82617859e+02 ]
