%YAML:1.0
---
points: [ 1.61287146e+03, 2.95037556e+01, 1.63721851e+03, 2.53815308e+01,
    1.66193152e+03, 2.10952129e+01, 1.68747827e+03, 1.60618362e+01,
    1.60734900e+03, 4.71622810e+01, 1.63173950e+03, 4.31305771e+01,
    1.65646484e+03, 3.90392685e+01, 1.68198364e+03, 3.41055679e+01,
    1.60148950e+03, 6.45341492e+01, 1.62619006e+03, 6.05517082e+01,
    1.65114478e+03, 5.64972801e+01, 1.67673560e+03, 5.22336922e+01,
    1.59535974e+03, 8.29785385e+01, 1.62087097e+03, 7.86294250e+01,
    1.64531543e+03, 7.49638290e+01, 1.67140979e+03, 7.10145340e+01,
    1.59095068e+03, 9.90541077e+01, 1.61486829e+03, 9.62003098e+01,
    1.64013428e+03, 9.23403091e+01, 1.66593457e+03, 8.87068329e+01,
    1.58448828e+03, 1.17765450e+02, 1.60927576e+03, 1.14294601e+02,
    1.63445190e+03, 1.10794785e+02, 1.66017041e+03, 1.07468498e+02 ]
