%YAML:1.0
---
points: [ 1.51491638e+03, 6.01165344e+02, 1.53543262e+03, 5.97791382e+02,
    1.55688477e+03, 5.93153564e+02, 1.57844031e+03, 5.90088562e+02,
    1.51338843e+03, 6.15763611e+02, 1.53440527e+03, 6.12365540e+02,
    1.55572412e+03, 6.08686584e+02, 1.57771753e+03, 6.04601990e+02,
    1.51212891e+03, 6.30105042e+02, 1.53342639e+03, 6.26932312e+02,
    1.55508569e+03, 6.23426331e+02, 1.57723047e+03, 6.19674805e+02,
    1.51065808e+03, 6.45451233e+02, 1.53262427e+03, 6.42181519e+02,
    1.55424573e+03, 6.38772766e+02, 1.57692712e+03, 6.35254150e+02,
    1.51009375e+03, 6.59915710e+02, 1.53146191e+03, 6.56950012e+02,
    1.55358276e+03, 6.53761230e+02, 1.57630017e+03, 6.50510132e+02,
    1.50836633e+03, 6.75666504e+02, 1.53025610e+03, 6.72618958e+02,
    1.55272302e+03, 6.69653442e+02, 1.57556653e+03, 6.66473328e+02 ]
