%YAML:1.0
---
points: [ 8.81237244e+02, 8.17485046e+02, 9.00596680e+02, 8.48407532e+02,
    9.20237244e+02, 8.79632507e+02, 9.40339478e+02, 9.11091553e+02,
    8.55328308e+02, 8.36999268e+02, 8.75019043e+02, 8.68689270e+02,
    8.94712524e+02, 9.00789490e+02, 9.15282715e+02, 9.33019714e+02,
    8.27843750e+02, 8.57541870e+02, 8.48051819e+02, 8.90232239e+02,
    8.68365479e+02, 9.23130188e+02, 8.88830017e+02, 9.56415588e+02,
    7.98237915e+02, 8.80033936e+02, 8.19775208e+02, 9.12818970e+02,
    8.40453491e+02, 9.46537537e+02, 8.61406128e+02, 9.80819519e+02,
    7.69378662e+02, 9.01917480e+02, 7.90296448e+02, 9.36304504e+02,
    8.11581055e+02, 9.71064575e+02, 8.32773804e+02, 1.00617297e+03,
    7.37623291e+02, 9.25781860e+02, 7.59176086e+02, 9.61193420e+02,
    7.80747864e+02, 9.96921448e+02, 8.02696960e+02, 1.03288354e+03 ]
