%YAML:1.0
---
points: [ 2.93413605e+02, 3.33125946e+02, 3.02321564e+02, 3.37451935e+02,
    3.11218018e+02, 3.42421936e+02, 3.20346527e+02, 3.46665802e+02,
    2.90718964e+02, 3.40114410e+02, 2.99700500e+02, 3.44899475e+02,
    3.08753387e+02, 3.49727356e+02, 3.18076904e+02, 3.54468658e+02,
    2.87644592e+02, 3.47811615e+02, 2.96892883e+02, 3.52678772e+02,
    3.06215759e+02, 3.57649902e+02, 3.15573975e+02, 3.62439880e+02,
    2.84492279e+02, 3.55675903e+02, 2.94128265e+02, 3.60774109e+02,
    3.03498657e+02, 3.65877625e+02, 3.13191742e+02, 3.71010864e+02,
    2.81542999e+02, 3.63941620e+02, 2.91065857e+02, 3.69086670e+02,
    3.00802734e+02, 3.74320099e+02, 3.10401550e+02, 3.79419037e+02,
    2.78064575e+02, 3.72432068e+02, 2.87939697e+02, 3.77873810e+02,
    2.97707245e+02, 3.83075623e+02, 3.07866180e+02, 3.88566925e+02 ]
