%YAML:1.0
---
points: [ 2.42961548e+02, 3.03492889e+02, 2.49736465e+02, 3.14048920e+02,
    2.56513550e+02, 3.24592987e+02, 2.63521820e+02, 3.35157593e+02,
    2.34507935e+02, 3.10223389e+02, 2.41330246e+02, 3.20963562e+02,
    2.48243469e+02, 3.31840912e+02, 2.55414032e+02, 3.42717377e+02,
    2.25586517e+02, 3.17230469e+02, 2.32616470e+02, 3.28327942e+02,
    2.39650909e+02, 3.39364380e+02, 2.46880997e+02, 3.50603119e+02,
    2.16234619e+02, 3.24701874e+02, 2.23427170e+02, 3.35965027e+02,
    2.30615356e+02, 3.47428619e+02, 2.37989502e+02, 3.59014984e+02,
    2.06594131e+02, 3.32420319e+02, 2.13974609e+02, 3.44017578e+02,
    2.21257217e+02, 3.55675415e+02, 2.28783279e+02, 3.67468994e+02,
    1.96371094e+02, 3.40566742e+02, 2.03751343e+02, 3.52466644e+02,
    2.11401367e+02, 3.64464722e+02, 2.19037231e+02, 3.76525330e+02 ]
