%YAML:1.0
---
points: [ 1.10159753e+03, 8.17390381e+02, 1.12396545e+03, 8.48980530e+02,
    1.14665955e+03, 8.81271057e+02, 1.17030859e+03, 9.13766663e+02,
    1.07530737e+03, 8.37451233e+02, 1.09767114e+03, 8.69721497e+02,
    1.12057263e+03, 9.02731995e+02, 1.14434216e+03, 9.36126343e+02,
    1.04805615e+03, 8.58167969e+02, 1.07064099e+03, 8.91277405e+02,
    1.09368115e+03, 9.25070068e+02, 1.11741626e+03, 9.59283569e+02,
    1.01886292e+03, 8.80513977e+02, 1.04266809e+03, 9.13735779e+02,
    1.06586426e+03, 9.48278137e+02, 1.08965894e+03, 9.83538025e+02,
    9.90847656e+02, 9.02317932e+02, 1.01372595e+03, 9.36870422e+02,
    1.03729541e+03, 9.72252197e+02, 1.06109485e+03, 1.00835577e+03,
    9.60599365e+02, 9.25531128e+02, 9.83590759e+02, 9.60959473e+02,
    1.00731262e+03, 9.97308594e+02, 1.03136963e+03, 1.03422583e+03 ]
