%YAML:1.0
---
points: [ 4.28084930e+02, 3.33428986e+02, 4.39320282e+02, 3.38332825e+02,
    4.50825562e+02, 3.43687683e+02, 4.62385864e+02, 3.48465088e+02,
    4.25053040e+02, 3.41632507e+02, 4.36564545e+02, 3.46949707e+02,
    4.48078888e+02, 3.52222229e+02, 4.59779449e+02, 3.57378876e+02,
    4.21842682e+02, 3.50363373e+02, 4.33530060e+02, 3.55717346e+02,
    4.45506470e+02, 3.61304565e+02, 4.57099731e+02, 3.66386688e+02,
    4.18497406e+02, 3.59167206e+02, 4.30572906e+02, 3.64942780e+02,
    4.42347992e+02, 3.70387726e+02, 4.54525208e+02, 3.76197113e+02,
    4.15265900e+02, 3.68605682e+02, 4.27189789e+02, 3.74224854e+02,
    4.39380676e+02, 3.80255737e+02, 4.51374176e+02, 3.85533264e+02,
    4.11612976e+02, 3.78199097e+02, 4.23874237e+02, 3.84257050e+02,
    4.35942261e+02, 3.89819794e+02, 4.48383453e+02, 3.96034576e+02 ]
