%YAML:1.0
---
points: [ 3.18312561e+02, 3.02935822e+02, 3.26158875e+02, 3.13672791e+02,
    3.34148285e+02, 3.24514130e+02, 3.42338440e+02, 3.35396240e+02,
    3.09629486e+02, 3.09835052e+02, 3.17514313e+02, 3.20705841e+02,
    3.25500732e+02, 3.31837555e+02, 3.33790314e+02, 3.43080750e+02,
    3.00636444e+02, 3.16962555e+02, 3.08585754e+02, 3.28179016e+02,
    3.16663544e+02, 3.39475586e+02, 3.24928802e+02, 3.51035339e+02,
    2.91261902e+02, 3.24403717e+02, 2.99387451e+02, 3.35873016e+02,
    3.07400085e+02, 3.47393402e+02, 3.15788483e+02, 3.59369385e+02,
    2.81832550e+02, 3.32083710e+02, 2.89905914e+02, 3.43723511e+02,
    2.98102142e+02, 3.55635345e+02, 3.06430542e+02, 3.67645233e+02,
    2.71905701e+02, 3.39983246e+02, 2.79967651e+02, 3.51986084e+02,
    2.88257416e+02, 3.64221649e+02, 2.96664185e+02, 3.76480286e+02 ]
