%YAML:1.0
---
points: [ 1.48942224e+03, 6.99147705e+02, 1.50178162e+03, 7.16722839e+02,
    1.51438354e+03, 7.34788696e+02, 1.52733228e+03, 7.53309021e+02,
    1.47061011e+03, 7.10115112e+02, 1.48244482e+03, 7.27583679e+02,
    1.49483228e+03, 7.45635559e+02, 1.50735510e+03, 7.64253418e+02,
    1.45190991e+03, 7.20466858e+02, 1.46376831e+03, 7.38300842e+02,
    1.47560266e+03, 7.56374329e+02, 1.48824939e+03, 7.74712952e+02,
    1.43355566e+03, 7.31153320e+02, 1.44497144e+03, 7.48726746e+02,
    1.45654150e+03, 7.66848572e+02, 1.46853394e+03, 7.85408020e+02,
    1.41531396e+03, 7.41349792e+02, 1.42658716e+03, 7.59121338e+02,
    1.43785083e+03, 7.77261719e+02, 1.44946985e+03, 7.95605774e+02,
    1.39739856e+03, 7.51460632e+02, 1.40838110e+03, 7.69227844e+02,
    1.41942993e+03, 7.87385559e+02, 1.43062329e+03, 8.05815002e+02 ]
