%YAML:1.0
---
points: [ 1.38059009e+03, 7.00779480e+02, 1.39350549e+03, 7.18771484e+02,
    1.40665991e+03, 7.37272217e+02, 1.42013989e+03, 7.56211548e+02,
    1.36236487e+03, 7.13218079e+02, 1.37465088e+03, 7.31247986e+02,
    1.38757629e+03, 7.49664368e+02, 1.40054529e+03, 7.68662170e+02,
    1.34428577e+03, 7.25238342e+02, 1.35647363e+03, 7.43453552e+02,
    1.36870984e+03, 7.61857422e+02, 1.38191040e+03, 7.80887146e+02,
    1.32633264e+03, 7.37343445e+02, 1.33813196e+03, 7.55503906e+02,
    1.35032117e+03, 7.74120605e+02, 1.36253577e+03, 7.93150879e+02,
    1.30845740e+03, 7.49201965e+02, 1.32018188e+03, 7.67370972e+02,
    1.33178333e+03, 7.86012451e+02, 1.34395972e+03, 8.05158020e+02,
    1.29091370e+03, 7.60778809e+02, 1.30239417e+03, 7.79034851e+02,
    1.31374963e+03, 7.97679810e+02, 1.32558630e+03, 8.16803650e+02 ]
