%YAML:1.0
---
points: [ 4.27194977e+02, 3.34075531e+02, 4.38765686e+02, 3.39381805e+02,
    4.50404358e+02, 3.45077240e+02, 4.62303802e+02, 3.50102509e+02,
    4.22703003e+02, 3.42365479e+02, 4.34320862e+02, 3.48026825e+02,
    4.46051788e+02, 3.53745667e+02, 4.58040863e+02, 3.59444916e+02,
    4.17951630e+02, 3.51166046e+02, 4.29681580e+02, 3.56908173e+02,
    4.41645111e+02, 3.62902008e+02, 4.53714874e+02, 3.68579620e+02,
    4.13009186e+02, 3.59918182e+02, 4.25086334e+02, 3.66178619e+02,
    4.37039825e+02, 3.72200531e+02, 4.49327484e+02, 3.78565948e+02,
    4.08162140e+02, 3.69333344e+02, 4.20031647e+02, 3.75577789e+02,
    4.32185303e+02, 3.81986725e+02, 4.44409363e+02, 3.87870270e+02,
    4.02792267e+02, 3.78826904e+02, 4.14890625e+02, 3.85374847e+02,
    4.27041046e+02, 3.91745514e+02, 4.39572815e+02, 3.98501129e+02 ]
