%YAML:1.0
---
points: [ 3.76409729e+02, 3.03376282e+02, 3.84337677e+02, 3.13701141e+02,
    3.92227600e+02, 3.24101471e+02, 4.00437225e+02, 3.34477203e+02,
    3.69392853e+02, 3.10119781e+02, 3.77344299e+02, 3.20604492e+02,
    3.85416321e+02, 3.31278870e+02, 3.93660095e+02, 3.41958313e+02,
    3.62091339e+02, 3.17047150e+02, 3.70226807e+02, 3.27823517e+02,
    3.78307098e+02, 3.38729645e+02, 3.86663330e+02, 3.49646484e+02,
    3.54469360e+02, 3.24270111e+02, 3.62756561e+02, 3.35387970e+02,
    3.71020630e+02, 3.46487762e+02, 3.79334106e+02, 3.57817749e+02,
    3.46829712e+02, 3.31812622e+02, 3.55169891e+02, 3.43020660e+02,
    3.63556091e+02, 3.54470917e+02, 3.71944946e+02, 3.65836670e+02,
    3.38731018e+02, 3.39511658e+02, 3.47097992e+02, 3.51176025e+02,
    3.55629120e+02, 3.62720032e+02, 3.64176208e+02, 3.74545319e+02 ]
