%YAML:1.0
---
points: [ 1.27327368e+03, 8.20527710e+02, 1.29624329e+03, 8.51349792e+02,
    1.31952893e+03, 8.82607483e+02, 1.34370886e+03, 9.14231018e+02,
    1.25166321e+03, 8.39964539e+02, 1.27500952e+03, 8.71585754e+02,
    1.29846973e+03, 9.03633240e+02, 1.32280322e+03, 9.35931396e+02,
    1.22945422e+03, 8.60328247e+02, 1.25285291e+03, 8.92543030e+02,
    1.27679297e+03, 9.25469116e+02, 1.30121936e+03, 9.58484131e+02,
    1.20551501e+03, 8.82105713e+02, 1.23028833e+03, 9.14615417e+02,
    1.25435376e+03, 9.47880920e+02, 1.27881226e+03, 9.82296936e+02,
    1.18270654e+03, 9.03333069e+02, 1.20660669e+03, 9.37096252e+02,
    1.23134302e+03, 9.71465637e+02, 1.25597278e+03, 1.00637286e+03,
    1.15781238e+03, 9.25946472e+02, 1.18228027e+03, 9.60725403e+02,
    1.20689673e+03, 9.95904602e+02, 1.23215540e+03, 1.03167053e+03 ]
