%YAML:1.0
---
points: [ 2.04536713e+02, 3.35257935e+02, 2.14515320e+02, 3.41169250e+02,
    2.24568481e+02, 3.47216431e+02, 2.34874710e+02, 3.53187744e+02,
    1.98108780e+02, 3.43919159e+02, 2.08198212e+02, 3.50113281e+02,
    2.18428864e+02, 3.56304688e+02, 2.29076447e+02, 3.62578156e+02,
    1.91227661e+02, 3.53103790e+02, 2.01535583e+02, 3.59313965e+02,
    2.12125656e+02, 3.65880402e+02, 2.22813843e+02, 3.72353424e+02,
    1.83906235e+02, 3.62575226e+02, 1.94589050e+02, 3.69361176e+02,
    2.05317535e+02, 3.76010254e+02, 2.16368713e+02, 3.82863251e+02,
    1.76501984e+02, 3.72707947e+02, 1.87303070e+02, 3.79560303e+02,
    1.98426498e+02, 3.86520142e+02, 2.09520050e+02, 3.93298309e+02,
    1.68469742e+02, 3.83042084e+02, 1.79676163e+02, 3.90343628e+02,
    1.90897263e+02, 3.97232483e+02, 2.02414642e+02, 4.04779175e+02 ]
