%YAML:1.0
---
points: [ 1.28860413e+03, 7.01569275e+02, 1.30150610e+03, 7.19794312e+02,
    1.31462708e+03, 7.38588562e+02, 1.32819397e+03, 7.57758423e+02,
    1.27044873e+03, 7.14845703e+02, 1.28291724e+03, 7.33175049e+02,
    1.29573035e+03, 7.51892944e+02, 1.30884363e+03, 7.71338623e+02,
    1.25259973e+03, 7.27737854e+02, 1.26475659e+03, 7.46316589e+02,
    1.27719702e+03, 7.65131653e+02, 1.29032666e+03, 7.84437378e+02,
    1.23476831e+03, 7.40771240e+02, 1.24668787e+03, 7.59276062e+02,
    1.25878271e+03, 7.78238831e+02, 1.27131042e+03, 7.97649658e+02,
    1.21718799e+03, 7.53502197e+02, 1.22889270e+03, 7.72033264e+02,
    1.24062170e+03, 7.91103821e+02, 1.25272217e+03, 8.10553467e+02,
    1.19979309e+03, 7.65970276e+02, 1.21127124e+03, 7.84590698e+02,
    1.22269641e+03, 8.03723083e+02, 1.23451025e+03, 8.23345581e+02 ]
