%YAML:1.0
---
points: [ 1.40828552e+03, 8.24347046e+02, 1.43080859e+03, 8.53906860e+02,
    1.45358325e+03, 8.84015991e+02, 1.47721143e+03, 9.14130188e+02,
    1.39121289e+03, 8.43034424e+02, 1.41405200e+03, 8.73480408e+02,
    1.43697693e+03, 9.04289856e+02, 1.46089282e+03, 9.35113708e+02,
    1.37334973e+03, 8.62551086e+02, 1.39653381e+03, 8.93688965e+02,
    1.42017969e+03, 9.25268311e+02, 1.44390796e+03, 9.56845337e+02,
    1.35444055e+03, 8.83761658e+02, 1.37868274e+03, 9.15017517e+02,
    1.40243726e+03, 9.47057190e+02, 1.42657520e+03, 9.79872192e+02,
    1.33620398e+03, 9.04272461e+02, 1.36007654e+03, 9.36736206e+02,
    1.38445410e+03, 9.69638977e+02, 1.40869849e+03, 1.00300104e+03,
    1.31644312e+03, 9.26198669e+02, 1.34064758e+03, 9.59646667e+02,
    1.36533887e+03, 9.93423706e+02, 1.39025989e+03, 1.02743811e+03 ]
