%YAML:1.0
---
points: [ 4.21233185e+02, 3.03916504e+02, 4.28832520e+02, 3.13666504e+02,
    4.36198975e+02, 3.23461792e+02, 4.43847321e+02, 3.33121887e+02,
    4.15914520e+02, 3.10373566e+02, 4.23365051e+02, 3.20276794e+02,
    4.31017059e+02, 3.30337708e+02, 4.38604126e+02, 3.40309540e+02,
    4.10087311e+02, 3.17040192e+02, 4.17871613e+02, 3.27232788e+02,
    4.25536560e+02, 3.37455231e+02, 4.33320770e+02, 3.47534210e+02,
    4.04202026e+02, 3.23989075e+02, 4.12098846e+02, 3.34523987e+02,
    4.19926819e+02, 3.44938354e+02, 4.27664429e+02, 3.55430664e+02,
    3.98221375e+02, 3.31248138e+02, 4.06231049e+02, 3.41910797e+02,
    4.14219879e+02, 3.52629669e+02, 4.22085327e+02, 3.63070923e+02,
    3.91844818e+02, 3.38720886e+02, 3.99935577e+02, 3.49739807e+02,
    4.08044830e+02, 3.60434143e+02, 4.16125916e+02, 3.71638031e+02 ]
