%YAML:1.0
---
points: [ 1.12016309e+03, 7.01666687e+02, 1.13281384e+03, 7.20235596e+02,
    1.14573096e+03, 7.39208618e+02, 1.15916174e+03, 7.58507874e+02,
    1.10187000e+03, 7.15629211e+02, 1.11434692e+03, 7.34186401e+02,
    1.12708459e+03, 7.53205627e+02, 1.13986182e+03, 7.72744385e+02,
    1.08405933e+03, 7.29214905e+02, 1.09617639e+03, 7.48065979e+02,
    1.10840735e+03, 7.67184692e+02, 1.12136475e+03, 7.86726501e+02,
    1.06595203e+03, 7.42966431e+02, 1.07772168e+03, 7.61799438e+02,
    1.08984363e+03, 7.81244812e+02, 1.10226648e+03, 8.00941956e+02,
    1.04775940e+03, 7.56578491e+02, 1.05961230e+03, 7.75499146e+02,
    1.07132971e+03, 7.94974121e+02, 1.08346411e+03, 8.14826538e+02,
    1.03013965e+03, 7.69985168e+02, 1.04149841e+03, 7.89128540e+02,
    1.05297266e+03, 8.08648499e+02, 1.06489648e+03, 8.28694458e+02 ]
