%YAML:1.0
---
points: [ 4.01892365e+02, 2.25791092e+02, 4.08421783e+02, 2.34927658e+02,
    4.14781403e+02, 2.44156403e+02, 4.21419678e+02, 2.53220032e+02,
    3.96261627e+02, 2.31692535e+02, 4.02666534e+02, 2.40992462e+02,
    4.09249756e+02, 2.50357895e+02, 4.15951569e+02, 2.59550873e+02,
    3.90167511e+02, 2.37823639e+02, 3.96917725e+02, 2.47295029e+02,
    4.03471039e+02, 2.56752747e+02, 4.10238831e+02, 2.66202698e+02,
    3.84069946e+02, 2.44173813e+02, 3.90873962e+02, 2.53844208e+02,
    3.97630493e+02, 2.63474731e+02, 4.04358734e+02, 2.73093872e+02,
    3.77897949e+02, 2.50733047e+02, 3.84811188e+02, 2.60606842e+02,
    3.91723267e+02, 2.70237000e+02, 3.98564972e+02, 2.80037689e+02,
    3.71416138e+02, 2.57561676e+02, 3.78380646e+02, 2.67365387e+02,
    3.85441711e+02, 2.77460175e+02, 3.92420441e+02, 2.87247314e+02 ]
