%YAML:1.0
---
points: [ 6.75841293e+01, 3.30917511e+02, 7.96478958e+01, 3.38093811e+02,
    9.15592499e+01, 3.45273041e+02, 1.03190826e+02, 3.51843262e+02,
    6.14609909e+01, 3.41967865e+02, 7.40146179e+01, 3.49457703e+02,
    8.61470108e+01, 3.56571075e+02, 9.83509140e+01, 3.63400543e+02,
    5.51112747e+01, 3.53905731e+02, 6.79633484e+01, 3.61319092e+02,
    8.06726379e+01, 3.68640594e+02, 9.30870438e+01, 3.75471710e+02,
    4.85519714e+01, 3.66210480e+02, 6.20820274e+01, 3.73900024e+02,
    7.49388504e+01, 3.81068756e+02, 8.80441437e+01, 3.88412445e+02,
    4.23544922e+01, 3.79211578e+02, 5.57171898e+01, 3.86566650e+02,
    6.95608902e+01, 3.94259003e+02, 8.24104843e+01, 4.01085175e+02,
    3.52841988e+01, 3.91928894e+02, 4.97601433e+01, 4.00398468e+02,
    6.31027222e+01, 4.07561707e+02, 7.78001709e+01, 4.15290894e+02 ]
