%YAML:1.0
---
points: [ 1.35333130e+03, 5.93297546e+02, 1.37209985e+03, 6.20364624e+02,
    1.39077234e+03, 6.47521973e+02, 1.41029126e+03, 6.74478027e+02,
    1.33545947e+03, 6.10432068e+02, 1.35452734e+03, 6.38015869e+02,
    1.37360278e+03, 6.65594849e+02, 1.39334668e+03, 6.93168213e+02,
    1.31711572e+03, 6.28232178e+02, 1.33649622e+03, 6.56311035e+02,
    1.35605676e+03, 6.84448792e+02, 1.37568176e+03, 7.12414551e+02,
    1.29792102e+03, 6.47298218e+02, 1.31833313e+03, 6.75378113e+02,
    1.33783289e+03, 7.03580505e+02, 1.35775293e+03, 7.32419800e+02,
    1.27937024e+03, 6.65735718e+02, 1.29932446e+03, 6.94618286e+02,
    1.31957056e+03, 7.23494507e+02, 1.33960144e+03, 7.52560669e+02,
    1.25945215e+03, 6.85379028e+02, 1.27978357e+03, 7.14706665e+02,
    1.30030676e+03, 7.44189453e+02, 1.32082300e+03, 7.73644043e+02 ]
