%YAML:1.0
---
points: [ 1.16764246e+03, 5.92976868e+02, 1.18518066e+03, 6.19986267e+02,
    1.20248804e+03, 6.47048950e+02, 1.22035034e+03, 6.73648071e+02,
    1.14984656e+03, 6.09871521e+02, 1.16759277e+03, 6.37474121e+02,
    1.18527368e+03, 6.64838013e+02, 1.20347815e+03, 6.92151978e+02,
    1.13136230e+03, 6.27501160e+02, 1.14950659e+03, 6.55599915e+02,
    1.16754138e+03, 6.83508850e+02, 1.18576538e+03, 7.11320251e+02,
    1.11178027e+03, 6.46635010e+02, 1.13085559e+03, 6.74635986e+02,
    1.14929834e+03, 7.02947937e+02, 1.16772705e+03, 7.31536743e+02,
    1.09269080e+03, 6.65236511e+02, 1.11158057e+03, 6.94218567e+02,
    1.13059375e+03, 7.22919983e+02, 1.14941943e+03, 7.51775940e+02,
    1.07219849e+03, 6.84893799e+02, 1.09150000e+03, 7.14565857e+02,
    1.11082617e+03, 7.43853882e+02, 1.13029590e+03, 7.73274841e+02 ]
