%YAML:1.0
---
points: [ 7.37519043e+02, 6.99658386e+02, 7.52574951e+02, 7.19460083e+02,
    7.67661072e+02, 7.39388000e+02, 7.82822571e+02, 7.59459656e+02,
    7.16481323e+02, 7.14744019e+02, 7.31653076e+02, 7.34717834e+02,
    7.46830994e+02, 7.54867737e+02, 7.62181763e+02, 7.75218384e+02,
    6.95191711e+02, 7.29779663e+02, 7.10399719e+02, 7.50386292e+02,
    7.25571960e+02, 7.70686035e+02, 7.41415222e+02, 7.91171692e+02,
    6.73052490e+02, 7.45620117e+02, 6.88404602e+02, 7.66341675e+02,
    7.03742676e+02, 7.87151550e+02, 7.19259033e+02, 8.07997681e+02,
    6.50514465e+02, 7.61600403e+02, 6.65892029e+02, 7.82684021e+02,
    6.81474548e+02, 8.03684509e+02, 6.96862427e+02, 8.24800537e+02,
    6.27423157e+02, 7.77941040e+02, 6.42899780e+02, 7.99249939e+02,
    6.58509766e+02, 8.20610229e+02, 6.74276733e+02, 8.42161865e+02 ]
