%YAML:1.0
---
points: [ 7.50557022e+01, 2.89502411e+02, 8.67842026e+01, 2.97052521e+02,
    9.83446426e+01, 3.04405823e+02, 1.09782280e+02, 3.11398712e+02,
    6.87920380e+01, 2.99344971e+02, 8.09513474e+01, 3.06997375e+02,
    9.28995132e+01, 3.14467865e+02, 1.04725922e+02, 3.21520599e+02,
    6.22487411e+01, 3.09659088e+02, 7.48840714e+01, 3.17423218e+02,
    8.72529602e+01, 3.25058350e+02, 9.94485550e+01, 3.32357147e+02,
    5.54290581e+01, 3.20667450e+02, 6.85726929e+01, 3.28627594e+02,
    8.12998352e+01, 3.36369141e+02, 9.40480194e+01, 3.43848785e+02,
    4.84879837e+01, 3.32225098e+02, 6.19439850e+01, 3.40338531e+02,
    7.53115616e+01, 3.48197784e+02, 8.82647324e+01, 3.55784790e+02,
    4.10657730e+01, 3.44336334e+02, 5.52277527e+01, 3.52750214e+02,
    6.88375397e+01, 3.60582855e+02, 8.25597382e+01, 3.68462738e+02 ]
