%YAML:1.0
---
points: [ 3.38680725e+02, 2.26323166e+02, 3.44729156e+02, 2.35437149e+02,
    3.50721924e+02, 2.44648758e+02, 3.56925873e+02, 2.53635330e+02,
    3.32948059e+02, 2.32158142e+02, 3.38969971e+02, 2.41403961e+02,
    3.45112885e+02, 2.50819046e+02, 3.51385651e+02, 2.59950531e+02,
    3.26794464e+02, 2.38222290e+02, 3.33126953e+02, 2.47715988e+02,
    3.39347534e+02, 2.57147552e+02, 3.45674316e+02, 2.66561890e+02,
    3.20582642e+02, 2.44523163e+02, 3.27032684e+02, 2.54256775e+02,
    3.33398438e+02, 2.63903473e+02, 3.39816742e+02, 2.73487030e+02,
    3.14242584e+02, 2.51127548e+02, 3.20794769e+02, 2.60959656e+02,
    3.27368530e+02, 2.70687500e+02, 3.33856934e+02, 2.80538757e+02,
    3.07553070e+02, 2.57881561e+02, 3.14249329e+02, 2.67908630e+02,
    3.20963196e+02, 2.77949493e+02, 3.27632629e+02, 2.87806549e+02 ]
