%YAML:1.0
---
points: [ 8.68672485e+02, 5.91321594e+02, 8.86675964e+02, 6.18937378e+02,
    9.04587036e+02, 6.46394775e+02, 9.22800049e+02, 6.73499390e+02,
    8.45364990e+02, 6.08459106e+02, 8.63732361e+02, 6.36521790e+02,
    8.82036987e+02, 6.64532837e+02, 9.00675171e+02, 6.92295654e+02,
    8.20952759e+02, 6.26366455e+02, 8.39829285e+02, 6.54944458e+02,
    8.58734436e+02, 6.83433228e+02, 8.77571533e+02, 7.11769958e+02,
    7.94655518e+02, 6.45468750e+02, 8.15166138e+02, 6.74304626e+02,
    8.34348206e+02, 7.03251465e+02, 8.53605164e+02, 7.32311890e+02,
    7.69420166e+02, 6.64514771e+02, 7.89316223e+02, 6.94342590e+02,
    8.09323364e+02, 7.23680420e+02, 8.28906372e+02, 7.53197571e+02,
    7.41807068e+02, 6.84852173e+02, 7.62391174e+02, 7.15213013e+02,
    7.82742188e+02, 7.45361023e+02, 8.03076660e+02, 7.75236389e+02 ]
