%YAML:1.0
---
points: [ 2.75299744e+02, 7.00561584e+02, 2.93371979e+02, 7.22342041e+02,
    3.11104523e+02, 7.43788086e+02, 3.28830322e+02, 7.65161865e+02,
    2.49096954e+02, 7.17027283e+02, 2.67539368e+02, 7.39094849e+02,
    2.85694244e+02, 7.60881714e+02, 3.03825836e+02, 7.82542603e+02,
    2.22448227e+02, 7.33577026e+02, 2.41165176e+02, 7.56313232e+02,
    2.59878906e+02, 7.78521606e+02, 2.78501984e+02, 8.00235779e+02,
    1.94287140e+02, 7.51476685e+02, 2.13478439e+02, 7.74348633e+02,
    2.32541016e+02, 7.96959656e+02, 2.51459854e+02, 8.19309143e+02,
    1.65233231e+02, 7.69571533e+02, 1.84915115e+02, 7.92932556e+02,
    2.04523621e+02, 8.15854126e+02, 2.23920670e+02, 8.38607300e+02,
    1.35370987e+02, 7.88490540e+02, 1.55453613e+02, 8.12228760e+02,
    1.75508835e+02, 8.35524475e+02, 1.95356491e+02, 8.58672119e+02 ]
