%YAML:1.0
---
points: [ 7.87307510e+01, 2.67327545e+02, 9.02707748e+01, 2.74988647e+02,
    1.01608078e+02, 2.82456970e+02, 1.12863144e+02, 2.89520844e+02,
    7.27228699e+01, 2.76313385e+02, 8.46324158e+01, 2.84081757e+02,
    9.63269119e+01, 2.91717804e+02, 1.07961121e+02, 2.98921021e+02,
    6.62540894e+01, 2.85755493e+02, 7.86739655e+01, 2.93674683e+02,
    9.08360901e+01, 3.01327057e+02, 1.02834511e+02, 3.08913849e+02,
    5.95060654e+01, 2.95803162e+02, 7.25440445e+01, 3.03936249e+02,
    8.50173111e+01, 3.11817352e+02, 9.74284744e+01, 3.19468811e+02,
    5.27095146e+01, 3.06522125e+02, 6.58845978e+01, 3.14797058e+02,
    7.90588608e+01, 3.22728424e+02, 9.18488312e+01, 3.30500824e+02,
    4.52666321e+01, 3.17905609e+02, 5.90959778e+01, 3.26314514e+02,
    7.25765076e+01, 3.34427917e+02, 8.60484619e+01, 3.42387604e+02 ]
