%YAML:1.0
---
points: [ 2.37003784e+02, 2.26637085e+02, 2.43187195e+02, 2.35984116e+02,
    2.49306152e+02, 2.45225464e+02, 2.55568527e+02, 2.54434860e+02,
    2.29350784e+02, 2.32563522e+02, 2.35698944e+02, 2.42024826e+02,
    2.41945206e+02, 2.51506760e+02, 2.48327393e+02, 2.60870483e+02,
    2.21460037e+02, 2.38670837e+02, 2.27937103e+02, 2.48387939e+02,
    2.34344955e+02, 2.57950592e+02, 2.40835556e+02, 2.67557068e+02,
    2.13102951e+02, 2.45164078e+02, 2.19838913e+02, 2.54977905e+02,
    2.26363647e+02, 2.64799072e+02, 2.32997986e+02, 2.74568329e+02,
    2.04666702e+02, 2.51879211e+02, 2.11437057e+02, 2.61872894e+02,
    2.18240463e+02, 2.71780121e+02, 2.24982742e+02, 2.81762360e+02,
    1.95696991e+02, 2.58860077e+02, 2.02637238e+02, 2.69023315e+02,
    2.09597092e+02, 2.79267334e+02, 2.16541901e+02, 2.89282928e+02 ]
