%YAML:1.0
---
points: [ 7.27035141e+01, 1.98635529e+02, 8.47099686e+01, 2.05956848e+02,
    9.68583069e+01, 2.13382263e+02, 1.08575241e+02, 2.20256195e+02,
    6.73470078e+01, 2.07480148e+02, 7.99320755e+01, 2.15057419e+02,
    9.22157745e+01, 2.22392517e+02, 1.04308502e+02, 2.29283295e+02,
    6.15914459e+01, 2.16775085e+02, 7.47003174e+01, 2.24374588e+02,
    8.73484726e+01, 2.31760208e+02, 9.98789597e+01, 2.38789246e+02,
    5.57500000e+01, 2.26750000e+02, 6.79141541e+01, 2.33853806e+02,
    8.22877121e+01, 2.41720490e+02, 9.52129822e+01, 2.48846817e+02,
    4.96604958e+01, 2.37133240e+02, 6.35030060e+01, 2.44855652e+02,
    7.71607971e+01, 2.52166351e+02, 9.03717117e+01, 2.59359558e+02,
    4.29876938e+01, 2.48183884e+02, 5.75031967e+01, 2.55912552e+02,
    7.15781860e+01, 2.63467407e+02, 8.52536774e+01, 2.70480774e+02 ]
