%YAML:1.0
---
points: [ 5.45606506e+02, 2.84338287e+02, 6.12231140e+02, 2.88626617e+02,
    6.76880432e+02, 2.93178192e+02, 7.39827148e+02, 2.96965790e+02,
    5.42889343e+02, 3.44774841e+02, 6.10137085e+02, 3.48546143e+02,
    6.75552368e+02, 3.52163666e+02, 7.39244019e+02, 3.55335236e+02,
    5.40013184e+02, 4.06336060e+02, 6.08100586e+02, 4.09116089e+02,
    6.74221985e+02, 4.12232483e+02, 7.38348267e+02, 4.14562042e+02,
    5.37368591e+02, 4.69057281e+02, 6.06033752e+02, 4.71155334e+02,
    6.72748352e+02, 4.73146027e+02, 7.37724060e+02, 4.75033722e+02,
    5.34050964e+02, 5.33052246e+02, 6.03620422e+02, 5.34071533e+02,
    6.71130249e+02, 5.34938049e+02, 7.36795227e+02, 5.35914246e+02,
    5.30650818e+02, 5.98333862e+02, 6.01077271e+02, 5.98434814e+02,
    6.69414429e+02, 5.98443970e+02, 7.35740479e+02, 5.98458069e+02 ]
