%YAML:1.0
---
points: [ 7.89306335e+02, 5.93447388e+02, 8.05599182e+02, 6.20893188e+02,
    8.21690369e+02, 6.48044861e+02, 8.38149170e+02, 6.74715149e+02,
    7.69468506e+02, 6.10063293e+02, 7.86352356e+02, 6.38039612e+02,
    8.02793396e+02, 6.65781372e+02, 8.19786255e+02, 6.93154907e+02,
    7.48576904e+02, 6.27411743e+02, 7.65997559e+02, 6.56116882e+02,
    7.83318726e+02, 6.84397522e+02, 8.00403320e+02, 7.12257996e+02,
    7.25905762e+02, 6.46478699e+02, 7.44803589e+02, 6.75229492e+02,
    7.62436707e+02, 7.03908569e+02, 7.80230530e+02, 7.32515137e+02,
    7.03832275e+02, 6.65311035e+02, 7.22493896e+02, 6.95097107e+02,
    7.41249329e+02, 7.24494202e+02, 7.59243286e+02, 7.53506042e+02,
    6.79474548e+02, 6.85618408e+02, 6.99047363e+02, 7.16133911e+02,
    7.18169556e+02, 7.46279053e+02, 7.37117798e+02, 7.75738220e+02 ]
