%YAML:1.0
---
points: [ 2.09954330e+02, 2.27639404e+02, 2.15516724e+02, 2.36909698e+02,
    2.20960693e+02, 2.46103485e+02, 2.26513245e+02, 2.55003433e+02,
    2.03644135e+02, 2.33330566e+02, 2.09257309e+02, 2.42769196e+02,
    2.14878311e+02, 2.52193863e+02, 2.20627640e+02, 2.61307098e+02,
    1.96806961e+02, 2.39294113e+02, 2.02817596e+02, 2.48997406e+02,
    2.08538818e+02, 2.58495178e+02, 2.14372528e+02, 2.67900146e+02,
    1.89793442e+02, 2.45620865e+02, 1.95971756e+02, 2.55565109e+02,
    2.01963272e+02, 2.65306000e+02, 2.07906998e+02, 2.74883026e+02,
    1.82487488e+02, 2.52304779e+02, 1.88881439e+02, 2.62406952e+02,
    1.95081940e+02, 2.72272980e+02, 2.01241302e+02, 2.82069824e+02,
    1.74761307e+02, 2.59308960e+02, 1.81248856e+02, 2.69546112e+02,
    1.87779999e+02, 2.79794739e+02, 1.94126495e+02, 2.89694458e+02 ]
