%YAML:1.0
---
points: [ 6.39316772e+02, 4.12439484e+02, 6.71459045e+02, 4.04772827e+02,
    7.05282532e+02, 3.97157745e+02, 7.39325500e+02, 3.88535248e+02,
    6.37499573e+02, 4.55387634e+02, 6.69839661e+02, 4.49073608e+02,
    7.03712036e+02, 4.42156433e+02, 7.38234863e+02, 4.34497345e+02,
    6.35539795e+02, 4.99318848e+02, 6.68192139e+02, 4.93518738e+02,
    7.02144043e+02, 4.87511566e+02, 7.37333435e+02, 4.81227570e+02,
    6.33342102e+02, 5.44085510e+02, 6.66088440e+02, 5.39119263e+02,
    7.00587219e+02, 5.33870605e+02, 7.36247375e+02, 5.28567871e+02,
    6.30769470e+02, 5.89172913e+02, 6.64239136e+02, 5.85178711e+02,
    6.98253113e+02, 5.80731750e+02, 7.34520386e+02, 5.76299927e+02,
    6.28315552e+02, 6.35127319e+02, 6.61587158e+02, 6.32143372e+02,
    6.96523438e+02, 6.28658447e+02, 7.32819946e+02, 6.25159790e+02 ]
