%YAML:1.0
---
points: [ 5.33395020e+02, 5.90981812e+02, 5.52334778e+02, 6.19497742e+02,
    5.70723755e+02, 6.47567139e+02, 5.89511902e+02, 6.75074402e+02,
    5.07246796e+02, 6.08192505e+02, 5.26679382e+02, 6.37242737e+02,
    5.45773499e+02, 6.66027954e+02, 5.65231873e+02, 6.93973572e+02,
    4.79444458e+02, 6.26267578e+02, 4.99718933e+02, 6.56057373e+02,
    5.19744141e+02, 6.85296387e+02, 5.39525635e+02, 7.14086914e+02,
    4.49563843e+02, 6.46098572e+02, 4.71558136e+02, 6.75891052e+02,
    4.92264374e+02, 7.05649963e+02, 5.12574280e+02, 7.35408142e+02,
    4.19958771e+02, 6.65574341e+02, 4.41840790e+02, 6.96672546e+02,
    4.63637177e+02, 7.27118469e+02, 4.84622223e+02, 7.57195312e+02,
    3.87667450e+02, 6.86975830e+02, 4.10472168e+02, 7.18647339e+02,
    4.32925476e+02, 7.49805542e+02, 4.55134705e+02, 7.80522644e+02 ]
