%YAML:1.0
---
points: [ 1.23883812e+02, 2.27612320e+02, 1.30225708e+02, 2.37277420e+02,
    1.36482727e+02, 2.46684174e+02, 1.42758896e+02, 2.55985107e+02,
    1.15517365e+02, 2.33505646e+02, 1.22036819e+02, 2.43298065e+02,
    1.28443146e+02, 2.53006042e+02, 1.34935287e+02, 2.62433472e+02,
    1.06656120e+02, 2.39708847e+02, 1.13413368e+02, 2.49769333e+02,
    1.20062820e+02, 2.59572693e+02, 1.26735023e+02, 2.69266388e+02,
    9.72689133e+01, 2.46283340e+02, 1.04401558e+02, 2.56511322e+02,
    1.11250031e+02, 2.66562042e+02, 1.18139435e+02, 2.76506836e+02,
    8.77853394e+01, 2.53196381e+02, 9.50020752e+01, 2.63619110e+02,
    1.02225777e+02, 2.73821930e+02, 1.09300476e+02, 2.83920532e+02,
    7.75732269e+01, 2.60388763e+02, 8.51037750e+01, 2.71022247e+02,
    9.25775681e+01, 2.81559845e+02, 1.00012115e+02, 2.91798798e+02 ]
