%YAML:1.0
---
points: [ 7.51893234e+01, 1.26449287e+02, 8.78160324e+01, 1.34394653e+02,
    1.00246994e+02, 1.42119400e+02, 1.12296059e+02, 1.49335846e+02,
    7.03422928e+01, 1.35105820e+02, 8.34036942e+01, 1.42975204e+02,
    9.61191177e+01, 1.50716446e+02, 1.08642197e+02, 1.58002167e+02,
    6.52010498e+01, 1.44002121e+02, 7.87395706e+01, 1.52003403e+02,
    9.18060226e+01, 1.59634491e+02, 1.04678314e+02, 1.67077499e+02,
    5.97541008e+01, 1.53446411e+02, 7.39093323e+01, 1.61417465e+02,
    8.73757324e+01, 1.69213730e+02, 1.00576897e+02, 1.76628662e+02,
    5.44104004e+01, 1.63354568e+02, 6.87138748e+01, 1.71395737e+02,
    8.28022232e+01, 1.78999710e+02, 9.63212738e+01, 1.86471130e+02,
    4.85585175e+01, 1.73841980e+02, 6.33890724e+01, 1.81801590e+02,
    7.78647232e+01, 1.89513596e+02, 9.18954010e+01, 1.96843506e+02 ]
