%YAML:1.0
---
points: [ 6.81382996e+02, 5.03475525e+02, 7.11676392e+02, 4.87919403e+02,
    7.43231262e+02, 4.72006989e+02, 7.74362183e+02, 4.54925171e+02,
    6.74397644e+02, 5.28549316e+02, 7.05735901e+02, 5.12782776e+02,
    7.37609436e+02, 4.97021179e+02, 7.69734741e+02, 4.79825806e+02,
    6.67053040e+02, 5.55382385e+02, 6.99229309e+02, 5.39476074e+02,
    7.32170837e+02, 5.23112610e+02, 7.65308594e+02, 5.06263519e+02,
    6.58173767e+02, 5.84645447e+02, 6.92227112e+02, 5.67398560e+02,
    7.25872559e+02, 5.51049683e+02, 7.60486206e+02, 5.34204529e+02,
    6.50729614e+02, 6.13114746e+02, 6.84867615e+02, 5.96799377e+02,
    7.19434265e+02, 5.79928345e+02, 7.55231323e+02, 5.63128174e+02,
    6.41735718e+02, 6.44603638e+02, 6.76651855e+02, 6.28343079e+02,
    7.12532654e+02, 6.11460999e+02, 7.49197937e+02, 5.94181885e+02 ]
