%YAML:1.0
---
points: [ 6.23092804e+01, 2.30263458e+02, 6.89736786e+01, 2.39498169e+02,
    7.52853546e+01, 2.48906906e+02, 8.15932159e+01, 2.58089020e+02,
    5.24725876e+01, 2.35645508e+02, 5.90638924e+01, 2.45299896e+02,
    6.53344193e+01, 2.54768524e+02, 7.19676285e+01, 2.64165619e+02,
    4.20622025e+01, 2.41401550e+02, 4.85393906e+01, 2.51208389e+02,
    5.52248611e+01, 2.60886566e+02, 6.17533417e+01, 2.70445465e+02,
    3.11342449e+01, 2.47317078e+02, 3.80707207e+01, 2.57376221e+02,
    4.46187401e+01, 2.67221344e+02, 5.14380379e+01, 2.77089630e+02,
    2.03665962e+01, 2.53630829e+02, 2.70259914e+01, 2.63612518e+02,
    3.41116753e+01, 2.73802887e+02, 4.08266563e+01, 2.83684784e+02,
    8.82275867e+00, 2.59845459e+02, 1.59442434e+01, 2.70257721e+02,
    2.28851700e+01, 2.80437286e+02, 3.01160240e+01, 2.90706146e+02 ]
