%YAML:1.0
---
points: [ 3.50317474e+02, 5.96873352e+02, 3.69517365e+02, 6.24942810e+02,
    3.88361786e+02, 6.52744751e+02, 4.07513794e+02, 6.80147156e+02,
    3.18060486e+02, 6.13198975e+02, 3.37609192e+02, 6.41695068e+02,
    3.57088562e+02, 6.70124451e+02, 3.76681580e+02, 6.98158752e+02,
    2.84350555e+02, 6.30055603e+02, 3.04555511e+02, 6.59338684e+02,
    3.24628601e+02, 6.88361511e+02, 3.44696350e+02, 7.16881287e+02,
    2.48911316e+02, 6.48359619e+02, 2.69901489e+02, 6.77842834e+02,
    2.90687531e+02, 7.07322937e+02, 3.11290009e+02, 7.36595337e+02,
    2.12631073e+02, 6.66576599e+02, 2.34272705e+02, 6.96950134e+02,
    2.55705444e+02, 7.27075684e+02, 2.76917175e+02, 7.56792908e+02,
    1.74705780e+02, 6.85995667e+02, 1.96788651e+02, 7.17079102e+02,
    2.18994354e+02, 7.47681946e+02, 2.40787964e+02, 7.78188660e+02 ]
