%YAML:1.0
---
points: [ 7.63270340e+01, 1.02025688e+02, 8.88027344e+01, 1.10298088e+02,
    1.01115303e+02, 1.18409195e+02, 1.13131676e+02, 1.26107002e+02,
    7.14788666e+01, 1.09944092e+02, 8.43827057e+01, 1.18245941e+02,
    9.70066376e+01, 1.26476959e+02, 1.09331451e+02, 1.34214432e+02,
    6.62908173e+01, 1.18241638e+02, 7.96869736e+01, 1.26655609e+02,
    9.26955490e+01, 1.34765381e+02, 1.05475685e+02, 1.42662140e+02,
    6.09379234e+01, 1.27019966e+02, 7.48820572e+01, 1.35407913e+02,
    8.82405472e+01, 1.43666748e+02, 1.01392662e+02, 1.51678787e+02,
    5.55836182e+01, 1.36149475e+02, 6.97807465e+01, 1.44712753e+02,
    8.37770615e+01, 1.52854507e+02, 9.71989822e+01, 1.60839340e+02,
    4.97022438e+01, 1.45924637e+02, 6.44142227e+01, 1.54360657e+02,
    7.87786255e+01, 1.62637787e+02, 9.27990952e+01, 1.70590546e+02 ]
