%YAML:1.0
---
points: [ 2.77777374e+02, 1.06390945e+02, 3.10276031e+02, 1.26811829e+02,
    3.42440033e+02, 1.47300400e+02, 3.74388580e+02, 1.66911270e+02,
    2.54368896e+02, 1.23446060e+02, 2.87521820e+02, 1.44180923e+02,
    3.20452057e+02, 1.64823898e+02, 3.53127319e+02, 1.84722839e+02,
    2.29965805e+02, 1.41235718e+02, 2.63906799e+02, 1.62292389e+02,
    2.97663116e+02, 1.82991318e+02, 3.31059570e+02, 2.03466171e+02,
    2.03389755e+02, 1.60246277e+02, 2.39480026e+02, 1.80915909e+02,
    2.73922363e+02, 2.01995590e+02, 3.08274811e+02, 2.22849823e+02,
    1.78389450e+02, 1.78701614e+02, 2.14172882e+02, 2.00409393e+02,
    2.49496887e+02, 2.21440338e+02, 2.84626282e+02, 2.42608673e+02,
    1.51061600e+02, 1.98641907e+02, 1.87583145e+02, 2.20492325e+02,
    2.24031921e+02, 2.42162308e+02, 2.59848267e+02, 2.63381073e+02 ]
