%YAML:1.0
---
points: [ 4.08663368e+01, 6.75240479e+01, 5.06079712e+01, 7.37253723e+01,
    6.06602020e+01, 7.98604279e+01, 7.06230316e+01, 8.59587326e+01,
    3.36425781e+01, 7.35027390e+01, 4.36203156e+01, 7.95656967e+01,
    5.36792107e+01, 8.59271240e+01, 6.40403137e+01, 9.20467453e+01,
    2.63452702e+01, 7.94592056e+01, 3.62964668e+01, 8.57928391e+01,
    4.65434113e+01, 9.20935669e+01, 5.70280342e+01, 9.84716339e+01,
    1.85209637e+01, 8.59930954e+01, 2.87804642e+01, 9.21755600e+01,
    3.92104721e+01, 9.87267227e+01, 4.99404793e+01, 1.05081589e+02,
    1.09134970e+01, 9.24555664e+01, 2.11271744e+01, 9.90120850e+01,
    3.17047977e+01, 1.05265732e+02, 4.25350494e+01, 1.11890091e+02,
    1.28222084e+00, 9.94485703e+01, 1.31525745e+01, 1.05800735e+02,
    2.38493118e+01, 1.12377174e+02, 3.50197678e+01, 1.18988113e+02 ]
