%YAML:1.0
---
points: [ 6.86088135e+02, 5.38621033e+02, 7.15650818e+02, 5.23517822e+02,
    7.46625488e+02, 5.03632050e+02, 774., 489., 6.79177551e+02,
    5.57057434e+02, 7.10253967e+02, 5.39374817e+02, 7.41451599e+02,
    5.22642273e+02, 7.72823425e+02, 5.03569122e+02, 6.70821350e+02,
    5.79914978e+02, 7.03208191e+02, 5.61763367e+02, 7.35316772e+02,
    5.43386597e+02, 7.68159058e+02, 5.25008362e+02, 6.61350769e+02,
    6.04381348e+02, 6.95720459e+02, 5.84707581e+02, 7.28748169e+02,
    5.66335510e+02, 7.63261169e+02, 5.46870911e+02, 6.53646301e+02,
    6.26805725e+02, 6.87903992e+02, 6.08222595e+02, 7.22251831e+02,
    5.88841614e+02, 7.57434937e+02, 5.69573486e+02, 6.43755310e+02,
    6.52994324e+02, 6.79238464e+02, 6.33724304e+02, 7.14902100e+02,
    6.14136353e+02, 7.51198181e+02, 5.94131897e+02 ]
