%YAML:1.0
---
points: [ 2.05895187e+02, 1.06000458e+02, 2.14335297e+02, 1.11037781e+02,
    2.22637100e+02, 1.16333015e+02, 2.31146042e+02, 1.21007416e+02,
    2.01498642e+02, 1.12082909e+02, 2.10005463e+02, 1.17263840e+02,
    2.18544037e+02, 1.22469223e+02, 2.26960464e+02, 1.27498093e+02,
    1.96837479e+02, 1.18428101e+02, 2.05572708e+02, 1.23726959e+02,
    2.14199692e+02, 1.28905777e+02, 2.22840759e+02, 1.34015137e+02,
    1.92073227e+02, 1.24994591e+02, 2.00961334e+02, 1.30327240e+02,
    2.09714981e+02, 1.35539444e+02, 2.18506866e+02, 1.40826279e+02,
    1.87252335e+02, 1.31680801e+02, 1.96350632e+02, 1.37056320e+02,
    2.05205933e+02, 1.42236862e+02, 2.14094330e+02, 1.47475586e+02,
    1.82340530e+02, 1.38507645e+02, 1.91412155e+02, 1.43906021e+02,
    2.00616470e+02, 1.49256073e+02, 2.09588043e+02, 1.54588318e+02 ]
