%YAML:1.0
---
points: [ 1.58380234e+02, 5.06539795e+02, 2.01283188e+02, 4.96072845e+02,
    2.41489075e+02, 4.86475983e+02, 2.79386017e+02, 4.76620850e+02,
    1.88800629e+02, 5.35417297e+02, 2.31129639e+02, 5.24004700e+02,
    2.70501038e+02, 5.13404236e+02, 3.07738525e+02, 5.02688965e+02,
    2.19898331e+02, 5.64697327e+02, 2.61121368e+02, 5.52178528e+02,
    2.99906097e+02, 5.40327759e+02, 3.36342743e+02, 5.29186279e+02,
    2.52699158e+02, 5.95250977e+02, 2.92262329e+02, 5.80315735e+02,
    3.29752686e+02, 5.67558594e+02, 3.65703094e+02, 5.55540222e+02,
    2.83344330e+02, 6.23386169e+02, 3.22821838e+02, 6.08571045e+02,
    3.59903839e+02, 5.94487549e+02, 3.94546967e+02, 5.81611023e+02,
    3.15352997e+02, 6.53037048e+02, 3.54369720e+02, 6.37066467e+02,
    3.90200378e+02, 6.21984070e+02, 4.24265594e+02, 6.08047485e+02 ]
