%YAML:1.0
---
points: [ 3.74681244e+02, 8.63686371e+01, 3.99027679e+02, 9.53593750e+01,
    4.23136749e+02, 1.04329681e+02, 4.46944275e+02, 1.12868828e+02,
    3.67552063e+02, 1.07192474e+02, 3.92277527e+02, 1.16048622e+02,
    4.16461792e+02, 1.24817932e+02, 4.40396515e+02, 1.33413422e+02,
    3.60558533e+02, 1.27931648e+02, 3.85287750e+02, 1.36774094e+02,
    4.09577240e+02, 1.45484055e+02, 4.33622925e+02, 1.54175751e+02,
    3.53082245e+02, 1.49642349e+02, 3.78088379e+02, 1.58423050e+02,
    4.02412567e+02, 1.67105072e+02, 4.26610840e+02, 1.76042938e+02,
    3.46491882e+02, 1.70128754e+02, 3.71634399e+02, 1.78293289e+02,
    3.96318054e+02, 1.87056076e+02, 4.20585876e+02, 1.94912323e+02,
    3.39400330e+02, 1.91466507e+02, 3.64533966e+02, 1.99890869e+02,
    3.89292267e+02, 2.08292694e+02, 4.13754883e+02, 2.16415924e+02 ]
