%YAML:1.0
---
points: [ 2.75123596e+02, 1.00959152e+02, 2.82825836e+02, 1.05445847e+02,
    2.90868073e+02, 1.10146782e+02, 2.99035126e+02, 1.14675827e+02,
    2.68314667e+02, 1.08259163e+02, 2.76087036e+02, 1.12834618e+02,
    2.83990417e+02, 1.17584999e+02, 2.92204529e+02, 1.22241653e+02,
    2.61483093e+02, 1.15568962e+02, 2.69234009e+02, 1.20231964e+02,
    2.77077606e+02, 1.25071419e+02, 2.85244568e+02, 1.29996414e+02,
    2.54523544e+02, 1.22895729e+02, 2.62282898e+02, 1.27763557e+02,
    2.70121521e+02, 1.32663300e+02, 2.78212402e+02, 1.37718735e+02,
    2.47736679e+02, 1.30234787e+02, 2.55363892e+02, 1.35260223e+02,
    2.63190582e+02, 1.40198273e+02, 2.71142242e+02, 1.45403442e+02,
    2.40723755e+02, 1.37755295e+02, 2.48311584e+02, 1.42809128e+02,
    2.56116882e+02, 1.47980225e+02, 2.64081207e+02, 1.53120071e+02 ]
