%YAML:1.0
---
points: [ 6.73307877e+01, 5.95805206e+01, 7.50933609e+01, 6.24580727e+01,
    8.27593460e+01, 6.49473343e+01, 9.03234940e+01, 6.74107895e+01,
    6.51491623e+01, 6.64584579e+01, 7.28899918e+01, 6.90513000e+01,
    8.06320801e+01, 7.14042358e+01, 8.82447968e+01, 7.39608002e+01,
    6.27195816e+01, 7.32043228e+01, 7.05947189e+01, 7.59345322e+01,
    7.82238541e+01, 7.84591064e+01, 8.60894852e+01, 8.10894318e+01,
    6.02004242e+01, 8.04606323e+01, 6.81804733e+01, 8.30613174e+01,
    7.60127029e+01, 8.54026260e+01, 8.39911880e+01, 8.80174942e+01,
    5.81841125e+01, 8.70504379e+01, 6.61199417e+01, 8.95668411e+01,
    7.37739258e+01, 9.20749054e+01, 8.16077499e+01, 9.50589600e+01,
    5.56454811e+01, 9.44520874e+01, 6.35581017e+01, 9.68442917e+01,
    7.15404510e+01, 9.93960571e+01, 7.94423294e+01, 1.01765175e+02 ]
