%YAML:1.0
---
points: [ 3.39172974e+02, 1.00579796e+02, 3.48101196e+02, 1.05298355e+02,
    3.57225983e+02, 1.10141556e+02, 3.66480469e+02, 1.14818085e+02,
    3.33377502e+02, 1.07674782e+02, 3.42272522e+02, 1.12447906e+02,
    3.51362427e+02, 1.17326462e+02, 3.60723572e+02, 1.22162811e+02,
    3.27422791e+02, 1.14887703e+02, 3.36392487e+02, 1.19725677e+02,
    3.45497528e+02, 1.24675819e+02, 3.54866852e+02, 1.29680008e+02,
    3.21352325e+02, 1.22105255e+02, 3.30430298e+02, 1.27125214e+02,
    3.39501495e+02, 1.32170822e+02, 3.48920929e+02, 1.37313766e+02,
    3.15441925e+02, 1.29451355e+02, 3.24402313e+02, 1.34530731e+02,
    3.33575500e+02, 1.39640671e+02, 3.42931427e+02, 1.44929245e+02,
    3.09187042e+02, 1.36916458e+02, 3.18252380e+02, 1.42061157e+02,
    3.27414154e+02, 1.47340103e+02, 3.36820526e+02, 1.52627716e+02 ]
