%YAML:1.0
---
points: [ 4.23446350e+02, 3.97324066e+02, 4.75489838e+02, 3.94541443e+02,
    5.23655457e+02, 3.92102814e+02, 5.69435730e+02, 3.89468506e+02,
    4.33188354e+02, 4.50227295e+02, 4.84517517e+02, 4.45460297e+02,
    5.32271973e+02, 4.41140656e+02, 5.77258179e+02, 4.37023682e+02,
    4.42538361e+02, 5.02429749e+02, 4.93233887e+02, 4.95954681e+02,
    5.40552673e+02, 4.89761078e+02, 5.84893860e+02, 4.83954895e+02,
    4.52060791e+02, 5.54224060e+02, 5.02233459e+02, 5.45666382e+02,
    5.48869507e+02, 5.37930969e+02, 5.92442871e+02, 5.30501221e+02,
    4.61425262e+02, 6.05455017e+02, 5.11081238e+02, 5.94965576e+02,
    5.57502808e+02, 5.85431213e+02, 6.00368591e+02, 5.76178040e+02,
    4.70480255e+02, 6.55974976e+02, 5.19580078e+02, 6.44053772e+02,
    5.65398621e+02, 6.32507385e+02, 6.08130737e+02, 6.21909546e+02 ]
