%YAML:1.0
---
points: [ 6.96807495e+02, 8.54385986e+01, 7.19563965e+02, 9.47585373e+01,
    7.42251831e+02, 1.04207558e+02, 7.64484009e+02, 1.13017281e+02,
    6.89668762e+02, 1.06836632e+02, 7.12652771e+02, 1.16122017e+02,
    7.35346436e+02, 1.25300728e+02, 7.57814697e+02, 1.34130081e+02,
    6.82712097e+02, 1.28338058e+02, 7.05693237e+02, 1.37478912e+02,
    7.28459167e+02, 1.46519348e+02, 7.51077454e+02, 1.55430038e+02,
    6.75589417e+02, 1.50347595e+02, 6.98661194e+02, 1.59156845e+02,
    7.21595032e+02, 1.67900848e+02, 7.44311707e+02, 1.76687103e+02,
    6.68665588e+02, 1.71481216e+02, 6.91969421e+02, 1.79787170e+02,
    7.14881226e+02, 1.89243088e+02, 7.37550171e+02, 1.97840042e+02,
    6.61615845e+02, 1.92996689e+02, 6.85062683e+02, 2.02044449e+02,
    7.08016968e+02, 2.10634979e+02, 7.30857300e+02, 2.19319901e+02 ]
