%YAML:1.0
---
points: [ 1.73755920e+02, 5.64303055e+01, 1.81462753e+02, 5.93793678e+01,
    1.88939880e+02, 6.24025993e+01, 1.96520111e+02, 6.50700912e+01,
    1.71547653e+02, 6.33036499e+01, 1.79130112e+02, 6.62736969e+01,
    1.86739899e+02, 6.93298492e+01, 1.94253891e+02, 7.22188187e+01,
    1.69095795e+02, 7.06944199e+01, 1.76877945e+02, 7.34895325e+01,
    1.84480743e+02, 7.64426651e+01, 1.92036865e+02, 7.92440491e+01,
    1.66769775e+02, 7.79874496e+01, 1.74595520e+02, 8.08143692e+01,
    1.82250168e+02, 8.37709122e+01, 1.89830017e+02, 8.65910416e+01,
    1.64527374e+02, 8.52018433e+01, 1.72344879e+02, 8.80462952e+01,
    1.80012955e+02, 9.08356171e+01, 1.87622833e+02, 9.36204147e+01,
    1.62179123e+02, 9.24555817e+01, 1.70010147e+02, 9.52648773e+01,
    1.77756561e+02, 9.81168137e+01, 1.85403885e+02, 1.00978897e+02 ]
