%YAML:1.0
---
points: [ 2.94237061e+02, 5.02779503e+01, 3.02183014e+02, 5.34969025e+01,
    3.10217133e+02, 5.66662903e+01, 3.18411224e+02, 5.98390923e+01,
    2.90130554e+02, 5.89552345e+01, 2.97943481e+02, 6.20703506e+01,
    3.05923676e+02, 6.52721558e+01, 3.14020691e+02, 6.84235306e+01,
    2.85863678e+02, 6.73599854e+01, 2.93702576e+02, 7.06241760e+01,
    3.01571259e+02, 7.39190598e+01, 3.09670013e+02, 7.71893616e+01,
    2.81561035e+02, 7.58429642e+01, 2.89405945e+02, 7.91966934e+01,
    2.97301300e+02, 8.24919815e+01, 3.05401428e+02, 8.58451614e+01,
    2.77562103e+02, 8.42714691e+01, 2.85260345e+02, 8.76257477e+01,
    2.93113281e+02, 9.08808212e+01, 3.01081268e+02, 9.43051529e+01,
    2.73342377e+02, 9.26559525e+01, 2.81124786e+02, 9.60605240e+01,
    2.88830505e+02, 9.94503555e+01, 2.96742401e+02, 1.02816040e+02 ]
