%YAML:1.0
---
points: [ 3.00919373e+02, 8.78654251e+01, 3.12081970e+02, 8.82720032e+01,
    3.23380371e+02, 8.86722870e+01, 3.34710602e+02, 8.88964996e+01,
    3.00272827e+02, 9.92759705e+01, 3.11389496e+02, 9.95831757e+01,
    3.22633484e+02, 1.00021843e+02, 3.33907104e+02, 1.00387871e+02,
    2.99570221e+02, 1.10460854e+02, 3.10599823e+02, 1.10947929e+02,
    3.21822906e+02, 1.11369125e+02, 3.33135315e+02, 1.11696541e+02,
    2.98691223e+02, 1.21918663e+02, 3.09880005e+02, 1.22309593e+02,
    3.21050049e+02, 1.22701187e+02, 3.32389313e+02, 1.23102791e+02,
    2.98072479e+02, 1.32952744e+02, 3.09161682e+02, 1.33440994e+02,
    3.20363251e+02, 1.33792374e+02, 3.31623810e+02, 1.34300613e+02,
    2.97386597e+02, 1.44200729e+02, 3.08412170e+02, 1.44596970e+02,
    3.19610901e+02, 1.45035919e+02, 3.30889954e+02, 1.45466217e+02 ]
