%YAML:1.0
---
points: [ 1.04923352e+03, 7.28750610e+01, 1.07222144e+03, 8.23761673e+01,
    1.09564929e+03, 9.19803696e+01, 1.11923083e+03, 1.01581551e+02,
    1.03647095e+03, 9.82671661e+01, 1.05947510e+03, 1.07884262e+02,
    1.08264404e+03, 1.17726097e+02, 1.10623572e+03, 1.27343681e+02,
    1.02404114e+03, 1.23377014e+02, 1.04662671e+03, 1.33243301e+02,
    1.06968787e+03, 1.43201126e+02, 1.09305786e+03, 1.53215027e+02,
    1.01106079e+03, 1.49009094e+02, 1.03423608e+03, 1.58807404e+02,
    1.05631433e+03, 1.69457977e+02, 1.08029187e+03, 1.78758591e+02,
    9.99125610e+02, 1.73403046e+02, 1.02161804e+03, 1.83440750e+02,
    1.04441919e+03, 1.93469757e+02, 1.06750256e+03, 2.03769135e+02,
    9.86855835e+02, 1.97863098e+02, 1.00926093e+03, 2.08250671e+02,
    1.03164685e+03, 2.18400116e+02, 1.05471216e+03, 2.28765686e+02 ]
