%YAML:1.0
---
points: [ 4.37268585e+02, 5.67753357e+02, 4.56592346e+02, 5.64324585e+02,
    4.75371765e+02, 5.60612000e+02, 4.93681000e+02, 5.57230225e+02,
    4.39334778e+02, 5.92550232e+02, 4.58712677e+02, 5.88296265e+02,
    4.77203369e+02, 5.84336060e+02, 4.95611908e+02, 5.80487976e+02,
    4.41569733e+02, 6.17208740e+02, 4.60606323e+02, 6.12528748e+02,
    4.79428131e+02, 6.07846191e+02, 4.97129456e+02, 6.03450012e+02,
    4.43704132e+02, 6.41822693e+02, 4.63153503e+02, 6.36304199e+02,
    4.81224457e+02, 6.31378601e+02, 4.99106812e+02, 6.26537598e+02,
    4.46237793e+02, 6.65884277e+02, 4.65146912e+02, 6.60147217e+02,
    4.83574524e+02, 6.54481262e+02, 5.00911713e+02, 6.49081726e+02,
    4.48358673e+02, 6.89875244e+02, 4.67330139e+02, 6.83646973e+02,
    4.85578674e+02, 6.77538391e+02, 5.02904053e+02, 6.71762695e+02 ]
