%YAML:1.0
---
points: [ 3.07287231e+02, 5.30265732e+01, 3.15868713e+02, 5.45704727e+01,
    3.24295410e+02, 5.61858673e+01, 3.33109100e+02, 5.77550812e+01,
    3.04593262e+02, 6.09856033e+01, 3.12985077e+02, 6.25239372e+01,
    3.21514221e+02, 6.41455383e+01, 3.30201141e+02, 6.57297211e+01,
    3.01669525e+02, 6.88805771e+01, 3.10164795e+02, 7.05229034e+01,
    3.18659332e+02, 7.22132263e+01, 3.27381805e+02, 7.39340057e+01,
    2.98805420e+02, 7.68815079e+01, 3.07269592e+02, 7.86421356e+01,
    3.15877197e+02, 8.03470917e+01, 3.24574646e+02, 8.20684280e+01,
    2.96078247e+02, 8.48500519e+01, 3.04467987e+02, 8.67037506e+01,
    3.12992889e+02, 8.84243011e+01, 3.21713593e+02, 9.02538071e+01,
    2.93088654e+02, 9.29601364e+01, 3.01540649e+02, 9.48159943e+01,
    3.10142609e+02, 9.66494598e+01, 3.18900269e+02, 9.84755859e+01 ]
