%YAML:1.0
---
points: [ 3.80229309e+02, 8.08955612e+01, 3.92200104e+02, 8.15348663e+01,
    4.04190552e+02, 8.19688644e+01, 4.16208832e+02, 8.25131149e+01,
    3.79623779e+02, 9.29603653e+01, 3.91628235e+02, 9.35609055e+01,
    4.03615326e+02, 9.40485077e+01, 4.15715057e+02, 9.45886078e+01,
    3.78818634e+02, 1.05101349e+02, 3.90836304e+02, 1.05600784e+02,
    4.02877136e+02, 1.06084541e+02, 4.14902252e+02, 1.06630859e+02,
    3.78045166e+02, 1.17218117e+02, 3.90239166e+02, 1.17690376e+02,
    4.02176727e+02, 1.18141899e+02, 4.14348694e+02, 1.18694763e+02,
    3.77531952e+02, 1.29286972e+02, 3.89566833e+02, 1.29677414e+02,
    4.01694366e+02, 1.30082474e+02, 4.13685150e+02, 1.30624039e+02,
    3.76826721e+02, 1.41304138e+02, 3.88844666e+02, 1.41707077e+02,
    4.00888519e+02, 1.42101151e+02, 4.12944336e+02, 1.42632538e+02 ]
