%YAML:1.0
---
points: [ 6.45278076e+02, 5.78499939e+02, 6.58990417e+02, 5.74893066e+02,
    6.72282654e+02, 5.71391724e+02, 6.85848999e+02, 5.67999207e+02,
    6.46758972e+02, 6.01381165e+02, 6.60498901e+02, 5.97253235e+02,
    6.73576111e+02, 5.93313416e+02, 6.90158447e+02, 5.88204407e+02,
    6.48184875e+02, 6.23854370e+02, 6.61614746e+02, 6.19486328e+02,
    6.74935242e+02, 6.14969910e+02, 6.88279175e+02, 6.10721741e+02,
    6.49485474e+02, 6.46749084e+02, 6.63423828e+02, 6.41450439e+02,
    6.75802429e+02, 6.36957458e+02, 6.91086426e+02, 6.31631775e+02,
    6.51331482e+02, 6.69071533e+02, 6.64634094e+02, 6.63463257e+02,
    6.77747803e+02, 6.58269165e+02, 6.90676697e+02, 6.52878967e+02,
    6.52689453e+02, 6.91370789e+02, 6.66088196e+02, 6.85435547e+02,
    6.85995789e+02, 6.76776672e+02, 6.95168884e+02, 6.72486389e+02 ]
