%YAML:1.0
---
points: [ 1.08868323e+03, 8.10781326e+01, 1.11340161e+03, 8.59085922e+01,
    1.13841003e+03, 9.08989639e+01, 1.16358423e+03, 9.54681091e+01,
    1.08010571e+03, 1.04471581e+02, 1.10463770e+03, 1.09564682e+02,
    1.12962524e+03, 1.14661919e+02, 1.15494727e+03, 1.19527756e+02,
    1.07130505e+03, 1.28305267e+02, 1.09578369e+03, 1.33539474e+02,
    1.12074866e+03, 1.38715042e+02, 1.14612170e+03, 1.43997101e+02,
    1.06211414e+03, 1.52322861e+02, 1.08736694e+03, 1.57386887e+02,
    1.11218274e+03, 1.62703583e+02, 1.13759583e+03, 1.68359619e+02,
    1.05385217e+03, 1.75721268e+02, 1.07842712e+03, 1.81419052e+02,
    1.10342371e+03, 1.86608551e+02, 1.12878076e+03, 1.92311508e+02,
    1.04523242e+03, 1.99538940e+02, 1.06969678e+03, 2.05290390e+02,
    1.09455957e+03, 2.11048523e+02, 1.11982666e+03, 2.16566833e+02 ]
