%YAML:1.0
---
points: [ 1.08136218e+03, 7.12980881e+01, 1.10926990e+03, 7.15729370e+01,
    1.13765527e+03, 7.20221329e+01, 1.16624780e+03, 7.23281479e+01,
    1.07975867e+03, 1.02672325e+02, 1.10714929e+03, 1.03336723e+02,
    1.13535938e+03, 1.03930862e+02, 1.16389221e+03, 1.04547752e+02,
    1.07820142e+03, 1.33494553e+02, 1.10547656e+03, 1.34421631e+02,
    1.13299084e+03, 1.35311249e+02, 1.16117566e+03, 1.36160141e+02,
    1.07637891e+03, 1.64303848e+02, 1.10351941e+03, 1.64831299e+02,
    1.13071594e+03, 1.65940247e+02, 1.15899487e+03, 1.67157440e+02,
    1.07511304e+03, 1.92908386e+02, 1.10168188e+03, 1.94205383e+02,
    1.12869409e+03, 1.95636185e+02, 1.15627551e+03, 1.96896088e+02,
    1.07367554e+03, 2.21780624e+02, 1.10005420e+03, 2.23330612e+02,
    1.12664697e+03, 2.24780869e+02, 1.15382678e+03, 2.26458740e+02 ]
