%YAML:1.0
---
points: [ 3.86166565e+02, 7.99751053e+01, 3.96202301e+02, 8.12801132e+01,
    4.05943359e+02, 8.28125458e+01, 4.15778320e+02, 8.40400925e+01,
    3.85801086e+02, 9.20972061e+01, 3.95829102e+02, 9.34299011e+01,
    4.05751312e+02, 9.47496414e+01, 4.15514832e+02, 9.59780502e+01,
    3.85317535e+02, 1.04523613e+02, 3.95505737e+02, 1.05567383e+02,
    4.05314941e+02, 1.06672684e+02, 4.14906921e+02, 1.07750160e+02,
    3.84835541e+02, 1.16682457e+02, 3.95129181e+02, 1.17758705e+02,
    4.04846069e+02, 1.18693031e+02, 4.14688446e+02, 1.19716988e+02,
    3.84697571e+02, 1.28957092e+02, 3.94761902e+02, 1.29761597e+02,
    4.04667023e+02, 1.30643661e+02, 4.14254517e+02, 1.31507935e+02,
    3.84227692e+02, 1.41067154e+02, 3.94385925e+02, 1.41814163e+02,
    4.04205627e+02, 1.42485840e+02, 4.13927399e+02, 1.43176529e+02 ]
