%YAML:1.0
---
points: [ 4.18266449e+02, 5.94251160e+02, 4.32466583e+02, 5.86668396e+02,
    4.46703766e+02, 5.79307739e+02, 4.60623901e+02, 5.71704895e+02,
    4.22321991e+02, 6.13983826e+02, 4.36433655e+02, 6.06687317e+02,
    4.50748199e+02, 5.99473328e+02, 4.65112732e+02, 5.91735779e+02,
    4.26318390e+02, 6.34077515e+02, 4.40437988e+02, 6.26846741e+02,
    4.54935333e+02, 6.19643738e+02, 4.69553680e+02, 6.12198181e+02,
    4.29978241e+02, 6.54500305e+02, 4.44575989e+02, 6.47323547e+02,
    4.59263214e+02, 6.40078125e+02, 4.74171906e+02, 6.32697266e+02,
    4.33848206e+02, 6.74613770e+02, 4.48639099e+02, 6.67673096e+02,
    4.63237793e+02, 6.60566101e+02, 4.78282990e+02, 6.53266907e+02,
    4.38142731e+02, 6.95263855e+02, 4.52621948e+02, 6.88434937e+02,
    4.67459351e+02, 6.81391418e+02, 4.82371429e+02, 6.74234192e+02 ]
