%YAML:1.0
---
points: [ 3.05729950e+02, 4.97290611e+01, 3.15482330e+02, 4.98313332e+01,
    3.24986542e+02, 4.98874779e+01, 3.34947998e+02, 4.99259834e+01,
    3.05318573e+02, 6.03158836e+01, 3.14748413e+02, 6.05189400e+01,
    3.24363739e+02, 6.06284218e+01, 3.33960541e+02, 6.07670212e+01,
    3.04789459e+02, 7.06211319e+01, 3.14026062e+02, 7.08041382e+01,
    3.23607178e+02, 7.10247879e+01, 3.33281464e+02, 7.13617020e+01,
    3.04226898e+02, 8.07597580e+01, 3.13575439e+02, 8.10275650e+01,
    3.22814240e+02, 8.14799652e+01, 3.32547028e+02, 8.16760406e+01,
    3.03749908e+02, 9.05671234e+01, 3.12855927e+02, 9.09654999e+01,
    3.22084534e+02, 9.13515396e+01, 3.31657593e+02, 9.16848907e+01,
    3.03306244e+02, 1.00408043e+02, 3.12274292e+02, 1.00790245e+02,
    3.21546936e+02, 1.01273903e+02, 3.30789642e+02, 1.01682808e+02 ]
