%YAML:1.0
---
points: [ 5.06214386e+02, 6.01504944e+02, 5.27146118e+02, 6.02690979e+02,
    5.48195557e+02, 6.04205200e+02, 5.69028503e+02, 6.03778259e+02,
    5.01130310e+02, 6.14604614e+02, 5.22499512e+02, 6.16084229e+02,
    5.43606995e+02, 6.17405457e+02, 5.64754028e+02, 6.18299622e+02,
    4.96089996e+02, 6.28406128e+02, 5.17703674e+02, 6.29471863e+02,
    5.39320374e+02, 6.30666504e+02, 5.60588806e+02, 6.31911438e+02,
    4.90551666e+02, 6.42385620e+02, 5.13015381e+02, 6.43572632e+02,
    5.34633240e+02, 6.44719971e+02, 5.56444275e+02, 6.45834229e+02,
    4.85601562e+02, 6.56417175e+02, 5.07758484e+02, 6.57798889e+02,
    5.29989258e+02, 6.58859558e+02, 5.52144287e+02, 6.60000427e+02,
    4.79781921e+02, 6.71320190e+02, 5.02553772e+02, 6.72466736e+02,
    5.25236694e+02, 6.73632935e+02, 5.47651306e+02, 6.74667419e+02 ]
