%YAML:1.0
---
points: [ 3.28279388e+02, 4.84325562e+01, 3.36365021e+02, 4.80002823e+01,
    3.44570831e+02, 4.78176918e+01, 3.53016571e+02, 4.76221809e+01,
    3.27951813e+02, 5.92172928e+01, 3.35771057e+02, 5.91672478e+01,
    3.44122345e+02, 5.90004921e+01, 3.52489502e+02, 5.88814583e+01,
    3.27757935e+02, 6.97486877e+01, 3.35680267e+02, 6.98782654e+01,
    3.43668274e+02, 6.99769211e+01, 3.51934418e+02, 7.01516037e+01,
    3.27425354e+02, 8.03116226e+01, 3.35117279e+02, 8.06339798e+01,
    3.43175751e+02, 8.09214325e+01, 3.51620392e+02, 8.11440964e+01,
    3.27060425e+02, 9.05311584e+01, 3.34830414e+02, 9.10324783e+01,
    3.42708405e+02, 9.14212036e+01, 3.50862762e+02, 9.18933105e+01,
    3.26770233e+02, 1.00590912e+02, 3.34404083e+02, 1.01135223e+02,
    3.42139313e+02, 1.01881218e+02, 3.50321564e+02, 1.02501480e+02 ]
