%YAML:1.0
---
points: [ 1.14681445e+03, 6.73788376e+01, 1.16960962e+03, 6.65919418e+01,
    1.19364514e+03, 6.57351913e+01, 1.21795642e+03, 6.49963074e+01,
    1.14565540e+03, 9.99239349e+01, 1.16846643e+03, 9.97065887e+01,
    1.19204541e+03, 9.94938889e+01, 1.21627747e+03, 9.93230591e+01,
    1.14477771e+03, 1.31726791e+02, 1.16724353e+03, 1.32263779e+02,
    1.19047998e+03, 1.32674728e+02, 1.21450256e+03, 1.33154510e+02,
    1.14363403e+03, 1.63357178e+02, 1.16591919e+03, 1.63937775e+02,
    1.18903564e+03, 1.65050217e+02, 1.21292273e+03, 1.66114578e+02,
    1.14275745e+03, 1.93219543e+02, 1.16466296e+03, 1.94758041e+02,
    1.18722522e+03, 1.96458115e+02, 1.21119543e+03, 1.97908615e+02,
    1.14184717e+03, 2.23034119e+02, 1.16348291e+03, 2.24913757e+02,
    1.18580750e+03, 2.27216858e+02, 1.20903186e+03, 2.29358154e+02 ]
