%YAML:1.0
---
points: [ 4.68607513e+02, 1.37705521e+02, 4.71829041e+02, 1.45221359e+02,
    4.75174927e+02, 1.52809021e+02, 4.78833435e+02, 1.60694046e+02,
    4.56451813e+02, 1.38279648e+02, 4.59402527e+02, 1.45486893e+02,
    4.62375183e+02, 1.53096985e+02, 4.65655518e+02, 1.60801529e+02,
    4.44182465e+02, 1.38636581e+02, 4.46888306e+02, 1.45811020e+02,
    4.49691895e+02, 1.53499619e+02, 4.52650909e+02, 1.61304657e+02,
    4.31755188e+02, 1.38795883e+02, 4.34307953e+02, 1.46211166e+02,
    4.36670837e+02, 1.53780716e+02, 4.39522095e+02, 1.61646057e+02,
    4.19693420e+02, 1.39312225e+02, 4.21791687e+02, 1.46743378e+02,
    4.24084503e+02, 1.54013489e+02, 4.26404541e+02, 1.61932281e+02,
    4.07297516e+02, 1.39749863e+02, 4.09255798e+02, 1.46883514e+02,
    4.11257568e+02, 1.54630142e+02, 4.13451324e+02, 1.62287323e+02 ]
