%YAML:1.0
---
points: [ 6.56415955e+02, 5.71631958e+02, 6.84547180e+02, 5.74248047e+02,
    7.12116821e+02, 5.76419983e+02, 7.39287231e+02, 5.75927368e+02,
    6.54556763e+02, 5.85978577e+02, 6.83308899e+02, 5.88222168e+02,
    7.11478027e+02, 5.90733337e+02, 7.39376221e+02, 5.92375916e+02,
    6.52733704e+02, 6.00813538e+02, 6.81997925e+02, 6.02954529e+02,
    7.10930237e+02, 6.05327820e+02, 7.39339478e+02, 6.07298157e+02,
    6.50497498e+02, 6.16587097e+02, 6.81033325e+02, 6.18427246e+02,
    7.10393311e+02, 6.20606079e+02, 7.39536682e+02, 6.22687561e+02,
    6.49121277e+02, 6.32255554e+02, 6.79634949e+02, 6.34455322e+02,
    7.09871521e+02, 6.36382446e+02, 7.39484192e+02, 6.38504761e+02,
    6.46602844e+02, 6.49273193e+02, 6.78231506e+02, 6.51209229e+02,
    7.09234924e+02, 6.53246765e+02, 7.39633118e+02, 6.55005310e+02 ]
