%YAML:1.0
---
points: [ 3.55595215e+02, 3.42012253e+01, 3.66958923e+02, 3.34188614e+01,
    3.78507263e+02, 3.26877670e+01, 3.91094849e+02, 3.18904667e+01,
    3.54958282e+02, 4.93088303e+01, 3.65912323e+02, 4.87682838e+01,
    3.77825409e+02, 4.85727577e+01, 3.89851685e+02, 4.80635033e+01,
    3.54359039e+02, 6.38822365e+01, 3.65294556e+02, 6.39100151e+01,
    3.76766296e+02, 6.39561234e+01, 3.88959381e+02, 6.41106491e+01,
    3.53651337e+02, 7.85440140e+01, 3.64427216e+02, 7.87851486e+01,
    3.75832458e+02, 7.92901154e+01, 3.87879486e+02, 7.97327423e+01,
    3.52843964e+02, 9.24881287e+01, 3.63599915e+02, 9.32849808e+01,
    3.74753754e+02, 9.39643250e+01, 3.86701691e+02, 9.47485809e+01,
    3.52139465e+02, 1.06216522e+02, 3.62701324e+02, 1.07295982e+02,
    3.73738251e+02, 1.08415550e+02, 3.85338867e+02, 1.09621773e+02 ]
