%YAML:1.0
---
points: [ 1.21582385e+03, 2.40549908e+01, 1.24807397e+03, 2.16007996e+01,
    1.28227515e+03, 1.89389210e+01, 1.31809607e+03, 1.61138134e+01,
    1.21345361e+03, 7.01509323e+01, 1.24516968e+03, 6.88401260e+01,
    1.27918445e+03, 6.74518585e+01, 1.31424133e+03, 6.61809006e+01,
    1.21154895e+03, 1.14389580e+02, 1.24269385e+03, 1.14495880e+02,
    1.27563269e+03, 1.14557045e+02, 1.31062317e+03, 1.14615227e+02,
    1.20959436e+03, 1.58102951e+02, 1.23979626e+03, 1.59143845e+02,
    1.27251660e+03, 1.60401672e+02, 1.30686340e+03, 1.61671051e+02,
    1.20706128e+03, 1.99535355e+02, 1.23744006e+03, 2.02032196e+02,
    1.26901233e+03, 2.04412567e+02, 1.30308105e+03, 2.06986801e+02,
    1.20506860e+03, 2.40162125e+02, 1.23452637e+03, 2.43633789e+02,
    1.26578809e+03, 2.47123047e+02, 1.29914453e+03, 2.50863632e+02 ]
