%YAML:1.0
---
points: [ 1.61622894e+02, 1.41033981e+02, 1.64473526e+02, 1.48430954e+02,
    1.67310242e+02, 1.55932068e+02, 1.70270523e+02, 1.63498779e+02,
    1.51900696e+02, 1.41485184e+02, 1.54596664e+02, 1.48777908e+02,
    1.57349426e+02, 1.56538986e+02, 1.60331985e+02, 1.64187164e+02,
    1.41795013e+02, 1.41741516e+02, 1.45081726e+02, 1.49234970e+02,
    1.47107986e+02, 1.57009933e+02, 1.49969727e+02, 1.64949997e+02,
    1.31240784e+02, 1.41914536e+02, 1.33915604e+02, 1.49755966e+02,
    1.36602249e+02, 1.57685303e+02, 1.39290558e+02, 1.65703995e+02,
    1.20855446e+02, 1.42501587e+02, 1.23175301e+02, 1.50313370e+02,
    1.25879425e+02, 1.58224594e+02, 1.28436325e+02, 1.66475052e+02,
    1.09727608e+02, 1.42753403e+02, 1.12133095e+02, 1.50732956e+02,
    1.14583382e+02, 1.58820023e+02, 1.17147423e+02, 1.67142639e+02 ]
