%YAML:1.0
---
points: [ 3.60860687e+02, 7.81591949e+01, 3.74765442e+02, 7.64796982e+01,
    3.89358032e+02, 7.47219391e+01, 4.05228546e+02, 7.28541412e+01,
    3.60743958e+02, 9.60902405e+01, 3.74218445e+02, 9.50643234e+01,
    3.88879852e+02, 9.40207825e+01, 4.04492676e+02, 9.28943176e+01,
    3.60440979e+02, 1.13599785e+02, 3.73796631e+02, 1.13317200e+02,
    3.88210541e+02, 1.12884003e+02, 4.03850525e+02, 1.12572998e+02,
    3.60021942e+02, 1.30764389e+02, 3.73302094e+02, 1.30985764e+02,
    3.87640808e+02, 1.31469910e+02, 4.03015778e+02, 1.31747803e+02,
    3.59678284e+02, 1.47510208e+02, 3.72789948e+02, 1.48370972e+02,
    3.86873291e+02, 1.49332977e+02, 4.02135101e+02, 1.50394623e+02,
    3.59248108e+02, 1.63775558e+02, 3.72198914e+02, 1.65265015e+02,
    3.86191681e+02, 1.66901108e+02, 4.01130341e+02, 1.68613098e+02 ]
