%YAML:1.0
---
points: [ 2.99685455e+02, 1.20577721e+02, 2.98461700e+02, 1.31842453e+02,
    2.97215027e+02, 1.43673523e+02, 2.95749420e+02, 1.55774338e+02,
    2.84369934e+02, 1.22584328e+02, 2.82860779e+02, 1.33749863e+02,
    2.81274719e+02, 1.45454361e+02, 2.79544342e+02, 1.57443985e+02,
    2.69665527e+02, 1.24570465e+02, 2.67766296e+02, 1.35595306e+02,
    2.65802765e+02, 1.47078827e+02, 2.63725952e+02, 1.59126434e+02,
    2.55059128e+02, 1.26236359e+02, 2.52882172e+02, 1.37306381e+02,
    2.50729706e+02, 1.48714767e+02, 2.48348663e+02, 1.60656876e+02,
    2.41103943e+02, 1.28100296e+02, 2.38642365e+02, 1.39036957e+02,
    2.36157944e+02, 1.50191589e+02, 2.33628159e+02, 1.62027893e+02,
    2.27259399e+02, 1.29773071e+02, 2.24691376e+02, 1.40536621e+02,
    2.21921936e+02, 1.51694397e+02, 2.18994919e+02, 1.63297791e+02 ]
