%YAML:1.0
---
points: [ 1.21928088e+03, 1.56905487e+02, 1.25785620e+03, 1.51892899e+02,
    1.29961890e+03, 1.46537888e+02, 1.34415833e+03, 1.40664230e+02,
    1.21811523e+03, 2.10384399e+02, 1.25617383e+03, 2.07583878e+02,
    1.29738696e+03, 2.04470398e+02, 1.34142004e+03, 2.01216965e+02,
    1.21736377e+03, 2.62162323e+02, 1.25469519e+03, 2.61476624e+02,
    1.29522900e+03, 2.60668884e+02, 1.33888684e+03, 2.59727661e+02,
    1.21621899e+03, 3.12770477e+02, 1.25322314e+03, 3.13874390e+02,
    1.29301636e+03, 3.15221527e+02, 1.33655017e+03, 3.16666870e+02,
    1.21504749e+03, 3.61994812e+02, 1.25174670e+03, 3.64989990e+02,
    1.29070789e+03, 3.68100189e+02, 1.33366443e+03, 3.71463898e+02,
    1.21405273e+03, 4.09815826e+02, 1.25003369e+03, 4.14568939e+02,
    1.28903552e+03, 4.19665649e+02, 1.33093713e+03, 4.25190186e+02 ]
