%YAML:1.0
---
points: [ 1.14739673e+03, 5.73460510e+02, 1.17372473e+03, 5.73475708e+02,
    1.20102124e+03, 5.73574158e+02, 1.22892249e+03, 5.72798157e+02,
    1.14085999e+03, 5.87677124e+02, 1.16786902e+03, 5.87882080e+02,
    1.19546228e+03, 5.88202820e+02, 1.22373267e+03, 5.87710449e+02,
    1.13430688e+03, 6.02543518e+02, 1.16172375e+03, 6.02827515e+02,
    1.18977112e+03, 6.03239990e+02, 1.21865771e+03, 6.03379822e+02,
    1.12676343e+03, 6.18321960e+02, 1.15539771e+03, 6.18574585e+02,
    1.18383545e+03, 6.19213135e+02, 1.21338745e+03, 6.19677002e+02,
    1.12046985e+03, 6.33884888e+02, 1.14854565e+03, 6.34704041e+02,
    1.17787903e+03, 6.35301453e+02, 1.20784595e+03, 6.36220764e+02,
    1.11266040e+03, 6.50614075e+02, 1.14166479e+03, 6.51539307e+02,
    1.17146277e+03, 6.52674622e+02, 1.20193445e+03, 6.53605164e+02 ]
