%YAML:1.0
---
points: [ 2.94902863e+02, 5.61833229e+01, 2.93427582e+02, 6.86028824e+01,
    2.92022736e+02, 8.15859833e+01, 2.90364563e+02, 9.46920853e+01,
    2.78729462e+02, 5.83466225e+01, 2.77103180e+02, 7.05950546e+01,
    2.75370758e+02, 8.34471970e+01, 2.73433472e+02, 9.65117645e+01,
    2.63263306e+02, 6.03950348e+01, 2.61220184e+02, 7.26368484e+01,
    2.59200958e+02, 8.52259140e+01, 2.57064514e+02, 9.83241882e+01,
    2.47775620e+02, 6.23756523e+01, 2.45672684e+02, 7.44290009e+01,
    2.43389832e+02, 8.70030594e+01, 2.41053558e+02, 1.00070091e+02,
    2.33082596e+02, 6.43077774e+01, 2.30640945e+02, 7.63827362e+01,
    2.28135056e+02, 8.85693741e+01, 2.25699768e+02, 1.01499741e+02,
    2.18524170e+02, 6.61606522e+01, 2.15998962e+02, 7.80505371e+01,
    2.13259689e+02, 9.02214813e+01, 2.10494400e+02, 1.02838043e+02 ]
