%YAML:1.0
---
points: [ 8.43873657e+02, 1.42605087e+02, 8.65949890e+02, 1.36661438e+02,
    8.90286560e+02, 1.30185226e+02, 9.15515198e+02, 1.22936531e+02,
    8.48672058e+02, 2.00228958e+02, 8.70455200e+02, 1.96998810e+02,
    8.94642639e+02, 1.93268890e+02, 9.19602722e+02, 1.89322876e+02,
    8.53345825e+02, 2.55997116e+02, 8.75143616e+02, 2.55215714e+02,
    8.98550354e+02, 2.54378494e+02, 9.24350342e+02, 2.53288193e+02,
    8.57356384e+02, 3.10239624e+02, 8.79088684e+02, 3.11784546e+02,
    9.02434143e+02, 3.13356873e+02, 9.28224182e+02, 3.15005951e+02,
    8.61144226e+02, 3.62921875e+02, 8.82926575e+02, 3.66433044e+02,
    9.05825439e+02, 3.70501251e+02, 9.31769897e+02, 3.74530670e+02,
    8.65108582e+02, 4.14108734e+02, 8.86403503e+02, 4.19709198e+02,
    9.09666687e+02, 4.25743713e+02, 9.34535217e+02, 4.32371277e+02 ]
