%YAML:1.0
---
points: [ 1.40376270e+03, 5.48944580e+02, 1.43903882e+03, 5.48778259e+02,
    1.47535083e+03, 5.48633545e+02, 1.51235669e+03, 5.47624268e+02,
    1.40365979e+03, 5.65027954e+02, 1.43968359e+03, 5.65049133e+02,
    1.47677490e+03, 5.65289917e+02, 1.51502271e+03, 5.64505310e+02,
    1.40352075e+03, 5.81840027e+02, 1.44074023e+03, 5.82246826e+02,
    1.47881018e+03, 5.82311401e+02, 1.51770020e+03, 5.82357788e+02,
    1.40336487e+03, 6.00151184e+02, 1.44179834e+03, 6.00112183e+02,
    1.48063135e+03, 6.00700317e+02, 1.52120544e+03, 6.01149170e+02,
    1.40365137e+03, 6.18201050e+02, 1.44279065e+03, 6.18957275e+02,
    1.48290771e+03, 6.19424561e+02, 1.52396826e+03, 6.20306213e+02,
    1.40358582e+03, 6.37722717e+02, 1.44375513e+03, 6.38716003e+02,
    1.48516992e+03, 6.39680908e+02, 1.52745349e+03, 6.40598328e+02 ]
