%YAML:1.0
---
points: [ 2.35070450e+02, 7.45892868e+01, 2.43381744e+02, 7.26012115e+01,
    2.52542984e+02, 7.02894440e+01, 2.62184540e+02, 6.78562469e+01,
    2.36465515e+02, 9.41597977e+01, 2.44779144e+02, 9.28095398e+01,
    2.53840881e+02, 9.16282501e+01, 2.63393982e+02, 8.99189606e+01,
    2.37898453e+02, 1.12908279e+02, 2.46131760e+02, 1.12578316e+02,
    2.54987686e+02, 1.12227699e+02, 2.64776245e+02, 1.11798141e+02,
    2.39184464e+02, 1.31353226e+02, 2.47383850e+02, 1.31707153e+02,
    2.56210785e+02, 1.32247559e+02, 2.65859070e+02, 1.32673172e+02,
    2.40290024e+02, 1.49144821e+02, 2.48600525e+02, 1.50400070e+02,
    2.57144226e+02, 1.51541901e+02, 2.66877899e+02, 1.52798264e+02,
    2.41562744e+02, 1.66648514e+02, 2.49633759e+02, 1.68305557e+02,
    2.58301819e+02, 1.70284470e+02, 2.67718994e+02, 1.72420471e+02 ]
