%YAML:1.0
---
points: [ 2.87728302e+02, 1.81962631e+02, 2.86344635e+02, 1.95218735e+02,
    2.85069427e+02, 2.09008270e+02, 2.83569092e+02, 2.23109085e+02,
    2.73189178e+02, 1.82369278e+02, 2.71684418e+02, 1.95423828e+02,
    2.70071320e+02, 2.09167908e+02, 2.68377655e+02, 2.23174362e+02,
    2.59120026e+02, 1.82847031e+02, 2.57308594e+02, 1.95800903e+02,
    2.55487839e+02, 2.09153625e+02, 2.53546432e+02, 2.23141464e+02,
    2.45092697e+02, 1.83171051e+02, 2.43169922e+02, 1.96150604e+02,
    2.41144882e+02, 2.09242081e+02, 2.39005646e+02, 2.23196259e+02,
    2.31705734e+02, 1.83590866e+02, 2.29490631e+02, 1.96398331e+02,
    2.27285370e+02, 2.09340012e+02, 2.25063766e+02, 2.23072449e+02,
    2.18418823e+02, 1.83988510e+02, 2.16167389e+02, 1.96590927e+02,
    2.13753540e+02, 2.09459366e+02, 2.11219894e+02, 2.22969116e+02 ]
