%YAML:1.0
---
points: [ 1.76768646e+02, 1.24639229e+02, 1.82227966e+02, 1.13559357e+02,
    1.88074860e+02, 1.01747787e+02, 1.93984558e+02, 8.91155624e+01,
    1.83946350e+02, 1.37003143e+02, 1.89685486e+02, 1.26194206e+02,
    1.95831146e+02, 1.14644096e+02, 2.02024429e+02, 1.02133446e+02,
    1.91256393e+02, 1.49569397e+02, 1.97261017e+02, 1.38935471e+02,
    2.03679749e+02, 1.27734200e+02, 2.10539825e+02, 1.15656166e+02,
    1.98671280e+02, 1.62470016e+02, 2.05030411e+02, 1.52139694e+02,
    2.11794205e+02, 1.41200592e+02, 2.19033142e+02, 1.29373444e+02,
    2.06106110e+02, 1.75510941e+02, 2.12919968e+02, 1.65553207e+02,
    2.19846664e+02, 1.54838867e+02, 2.27583328e+02, 1.43427155e+02,
    2.13893494e+02, 1.88914902e+02, 2.20886246e+02, 1.79229889e+02,
    2.28337799e+02, 1.68904922e+02, 2.36240677e+02, 1.57825439e+02 ]
