%YAML:1.0
---
points: [ 6.78656555e+02, 2.88405884e+02, 6.93523804e+02, 2.55947296e+02,
    7.09359741e+02, 2.21016495e+02, 7.25180176e+02, 1.83762070e+02,
    6.99072754e+02, 3.25320526e+02, 7.14580627e+02, 2.93261993e+02,
    7.31498291e+02, 2.59400055e+02, 7.48216553e+02, 2.22822098e+02,
    7.19869141e+02, 3.62511139e+02, 7.36418701e+02, 3.31468414e+02,
    7.53778564e+02, 2.98320435e+02, 7.72344543e+02, 2.62864502e+02,
    7.41107788e+02, 4.00552643e+02, 7.58269287e+02, 3.70489838e+02,
    7.76929199e+02, 3.38266052e+02, 7.96432800e+02, 3.03831268e+02,
    7.62214050e+02, 4.39452057e+02, 7.80635193e+02, 4.10190735e+02,
    7.99626343e+02, 3.78900024e+02, 8.20677185e+02, 3.45377350e+02,
    7.84132202e+02, 4.79324677e+02, 8.03259766e+02, 4.50916718e+02,
    8.23712463e+02, 4.20645111e+02, 8.45416687e+02, 3.88131805e+02 ]
