%YAML:1.0
---
points: [ 6.95484375e+02, 5.69634521e+02, 7.23687805e+02, 5.71740845e+02,
    7.52046753e+02, 5.74093811e+02, 7.79762878e+02, 5.75225098e+02,
    6.92030640e+02, 5.83684753e+02, 7.21369629e+02, 5.85971863e+02,
    7.49897644e+02, 5.88152222e+02, 7.78622131e+02, 5.89584229e+02,
    6.88800781e+02, 5.98517273e+02, 7.18504456e+02, 6.00713684e+02,
    7.48181641e+02, 6.02675476e+02, 7.77244629e+02, 6.04572327e+02,
    6.85118835e+02, 6.14387878e+02, 7.16129822e+02, 6.16301025e+02,
    7.45951965e+02, 6.18245972e+02, 7.76068604e+02, 6.20258240e+02,
    6.81929749e+02, 6.29914124e+02, 7.12769592e+02, 6.32359558e+02,
    7.44027405e+02, 6.34100220e+02, 7.74571533e+02, 6.36177124e+02,
    6.77797913e+02, 6.47109985e+02, 7.10059692e+02, 6.49241760e+02,
    7.41783386e+02, 6.51102661e+02, 7.73269714e+02, 6.53026367e+02 ]
