%YAML:1.0
---
points: [ 1.59289139e+02, 2.88675262e+02, 1.66021759e+02, 2.77762787e+02,
    1.72942200e+02, 2.66516266e+02, 1.79685669e+02, 2.54706985e+02,
    1.65212036e+02, 3.01170441e+02, 1.72201736e+02, 2.90074249e+02,
    1.79468857e+02, 2.78674591e+02, 1.86663010e+02, 2.66823700e+02,
    1.71578751e+02, 3.14188538e+02, 1.78818192e+02, 3.03007843e+02,
    1.86273880e+02, 2.91551849e+02, 1.93989792e+02, 2.79572723e+02,
    1.78096481e+02, 3.28015411e+02, 1.85684631e+02, 3.16791016e+02,
    1.93541931e+02, 3.05134674e+02, 2.01637634e+02, 2.93069427e+02,
    1.84955582e+02, 3.42479675e+02, 1.92920227e+02, 3.31271698e+02,
    2.00956436e+02, 3.19522522e+02, 2.09576004e+02, 3.07247803e+02,
    1.92268860e+02, 3.57999603e+02, 2.00489639e+02, 3.46632721e+02,
    2.09116348e+02, 3.34837280e+02, 2.17862106e+02, 3.22609650e+02 ]
