%YAML:1.0
---
points: [ 6.22663513e+02, 7.72202698e+02, 6.41996948e+02, 7.40011047e+02,
    6.62163513e+02, 7.06533325e+02, 6.81776733e+02, 6.72176392e+02,
    6.38656921e+02, 8.09014099e+02, 6.58696777e+02, 7.76494690e+02,
    6.79715759e+02, 7.42856140e+02, 7.00275818e+02, 7.08143616e+02,
    6.55606689e+02, 8.47568909e+02, 6.76588257e+02, 8.14820740e+02,
    6.98134094e+02, 7.81007446e+02, 7.20253662e+02, 7.45869629e+02,
    6.73077698e+02, 8.88511047e+02, 6.94663696e+02, 8.55659363e+02,
    7.17552063e+02, 8.21244385e+02, 7.40675537e+02, 7.85946838e+02,
    6.91304199e+02, 9.31737915e+02, 7.14277893e+02, 8.98345154e+02,
    7.37311157e+02, 8.63850342e+02, 7.62122253e+02, 8.27937012e+02,
    7.10774902e+02, 9.77400330e+02, 7.34505981e+02, 9.43855164e+02,
    7.59121033e+02, 9.09372864e+02, 7.84357361e+02, 8.73237061e+02 ]
