%YAML:1.0
---
points: [ 2.79868896e+02, 3.14989502e+02, 2.78877991e+02, 3.29604492e+02,
    2.77863953e+02, 3.45187927e+02, 2.76761475e+02, 3.61640045e+02,
    2.64837128e+02, 3.15373291e+02, 2.63392181e+02, 3.30020752e+02,
    2.61890839e+02, 3.45393677e+02, 2.60217194e+02, 3.61657318e+02,
    2.50162811e+02, 3.16084534e+02, 2.48266525e+02, 3.30368378e+02,
    2.46256989e+02, 3.45665497e+02, 2.44206863e+02, 3.61743835e+02,
    2.35623627e+02, 3.16452362e+02, 2.33336700e+02, 3.30832428e+02,
    2.30982773e+02, 3.45875519e+02, 2.28289841e+02, 3.61876526e+02,
    2.21589935e+02, 3.17106842e+02, 2.18893463e+02, 3.31142731e+02,
    2.15960907e+02, 3.46116882e+02, 2.13142990e+02, 3.61966187e+02,
    2.07616852e+02, 3.17559784e+02, 2.04668549e+02, 3.31557739e+02,
    2.01458481e+02, 3.46245972e+02, 1.97903992e+02, 3.61943481e+02 ]
