%YAML:1.0
---
points: [ 7.17780945e+02, 1.05478615e+02, 7.48483765e+02, 1.08090683e+02,
    7.78833252e+02, 1.10732071e+02, 8.08626221e+02, 1.12725693e+02,
    7.16036926e+02, 1.22107330e+02, 7.47186523e+02, 1.24545921e+02,
    7.77718811e+02, 1.27469231e+02, 8.08381348e+02, 1.29263016e+02,
    7.14031738e+02, 1.39329575e+02, 7.45610779e+02, 1.41664337e+02,
    7.77144531e+02, 1.44375046e+02, 8.08103760e+02, 1.46474777e+02,
    7.11869141e+02, 1.57224609e+02, 7.44484985e+02, 1.59423935e+02,
    7.76314270e+02, 1.61867615e+02, 8.08085632e+02, 1.64475220e+02,
    7.10325562e+02, 1.75100616e+02, 7.43154785e+02, 1.77454880e+02,
    7.75604370e+02, 1.79758301e+02, 8.07660522e+02, 1.82266708e+02,
    7.08149902e+02, 1.93674957e+02, 7.41690918e+02, 1.96355194e+02,
    7.74694031e+02, 1.98580246e+02, 8.07497681e+02, 2.01047791e+02 ]
