%YAML:1.0
---
points: [ 4.90659454e+02, 9.56209641e+01, 5.24264587e+02, 9.83353271e+01,
    5.57628479e+02, 1.01316917e+02, 5.90515930e+02, 1.03367050e+02,
    4.85457733e+02, 1.12743927e+02, 5.19632751e+02, 1.15424812e+02,
    5.53670837e+02, 1.18423492e+02, 5.87198914e+02, 1.20408073e+02,
    4.80228271e+02, 1.30458862e+02, 5.15169861e+02, 1.33228851e+02,
    5.49600647e+02, 1.35749710e+02, 5.84034546e+02, 1.38455688e+02,
    4.73911072e+02, 1.49471832e+02, 5.10516571e+02, 1.51421783e+02,
    5.45477234e+02, 1.54276947e+02, 5.80773926e+02, 1.56754379e+02,
    4.68988373e+02, 1.67727768e+02, 5.05412964e+02, 1.70409744e+02,
    5.41460388e+02, 1.72637222e+02, 5.77076416e+02, 1.75529358e+02,
    4.62929504e+02, 1.87340088e+02, 5.00257660e+02, 1.90022812e+02,
    5.37171387e+02, 1.92433716e+02, 5.73483337e+02, 1.94936249e+02 ]
