%YAML:1.0
---
points: [ 1.04075897e+02, 3.07176422e+02, 9.90682220e+01, 3.19340332e+02,
    9.39776382e+01, 3.31995514e+02, 8.84330063e+01, 3.45437653e+02,
    9.22937469e+01, 3.07716858e+02, 8.71681747e+01, 3.19862213e+02,
    8.18598862e+01, 3.32440613e+02, 7.62427597e+01, 3.45370148e+02,
    8.10989990e+01, 3.08030884e+02, 7.56774445e+01, 3.20021332e+02,
    7.01708755e+01, 3.32575165e+02, 6.46428604e+01, 3.45395142e+02,
    6.97711945e+01, 3.08474731e+02, 6.41214676e+01, 3.20514404e+02,
    5.87974358e+01, 3.32564056e+02, 5.29387894e+01, 3.45434937e+02,
    5.88934708e+01, 3.08877838e+02, 5.35081024e+01, 3.20573517e+02,
    4.77041054e+01, 3.32661499e+02, 4.23605804e+01, 3.44914764e+02,
    4.85028572e+01, 3.08981171e+02, 4.27025414e+01, 3.20762360e+02,
    3.72413826e+01, 3.32447174e+02, 3.11600914e+01, 3.44937836e+02 ]
