%YAML:1.0
---
points: [ 6.34563782e+02, 7.24521423e+02, 6.53227722e+02, 6.92908691e+02,
    6.72484680e+02, 6.60171082e+02, 6.91509216e+02, 6.26067810e+02,
    6.50795776e+02, 7.60627808e+02, 6.70227356e+02, 7.28728516e+02,
    6.90443909e+02, 6.95876648e+02, 7.10363403e+02, 6.61628906e+02,
    6.67903503e+02, 7.98394043e+02, 6.88302185e+02, 7.66455994e+02,
    7.09111633e+02, 7.33393738e+02, 7.30541565e+02, 6.98795959e+02,
    6.85710449e+02, 8.38229675e+02, 7.06648376e+02, 8.06227905e+02,
    7.28788879e+02, 7.72763672e+02, 7.51327332e+02, 7.38224060e+02,
    7.04180054e+02, 8.80250793e+02, 7.26351196e+02, 8.47846313e+02,
    7.48644958e+02, 8.14406433e+02, 7.72758240e+02, 7.79359558e+02,
    7.23809998e+02, 9.24350342e+02, 7.46627808e+02, 8.92141846e+02,
    7.70586365e+02, 8.58396973e+02, 7.95188843e+02, 8.23330505e+02 ]
