%YAML:1.0
---
points: [ 1.62950165e+02, 2.72533661e+02, 1.69476868e+02, 2.61709869e+02,
    1.76194336e+02, 2.50647369e+02, 1.82813828e+02, 2.39098007e+02,
    1.69031799e+02, 2.84742889e+02, 1.75743454e+02, 2.73880768e+02,
    1.82804214e+02, 2.62667847e+02, 1.89776062e+02, 2.50993469e+02,
    1.75322449e+02, 2.97497894e+02, 1.82346756e+02, 2.86546967e+02,
    1.89665634e+02, 2.75321869e+02, 1.97155487e+02, 2.63549316e+02,
    1.81889862e+02, 3.10992432e+02, 1.89275970e+02, 2.99992645e+02,
    1.96936935e+02, 2.88703156e+02, 2.04873810e+02, 2.76831177e+02,
    1.88739777e+02, 3.25133209e+02, 1.96521072e+02, 3.14064423e+02,
    2.04357910e+02, 3.02649475e+02, 2.12776581e+02, 2.90752838e+02,
    1.96096283e+02, 3.40089264e+02, 2.04118927e+02, 3.29050598e+02,
    2.12543442e+02, 3.17609833e+02, 2.21047195e+02, 3.05729065e+02 ]
