%YAML:1.0
---
points: [ 1.85473190e+02, 7.86733582e+02, 2.20033813e+02, 7.51911560e+02,
    2.53182251e+02, 7.18517090e+02, 2.85361115e+02, 6.86663513e+02,
    2.19174149e+02, 8.12603394e+02, 2.52245316e+02, 7.77799500e+02,
    2.83821930e+02, 7.44571350e+02, 3.14897003e+02, 7.12696106e+02,
    2.51297668e+02, 8.37330444e+02, 2.83092133e+02, 8.02669373e+02,
    3.13570160e+02, 7.69446045e+02, 3.43118896e+02, 7.37711243e+02,
    2.83678680e+02, 8.62164429e+02, 3.13095642e+02, 8.26459839e+02,
    3.42350220e+02, 7.93499939e+02, 3.70721466e+02, 7.61604919e+02,
    3.12494934e+02, 8.83594055e+02, 3.41587616e+02, 8.49204651e+02,
    3.69944427e+02, 8.16204346e+02, 3.96834351e+02, 7.84506775e+02,
    3.41191010e+02, 9.05416382e+02, 3.69243744e+02, 8.71116516e+02,
    3.96361084e+02, 8.38213257e+02, 4.22420563e+02, 8.06576904e+02 ]
