%YAML:1.0
---
points: [ 3.38984192e+02, 3.39033630e+02, 3.39978394e+02, 3.27056793e+02,
    3.40882690e+02, 3.15600830e+02, 3.41740021e+02, 3.04517792e+02,
    3.52179749e+02, 3.39618256e+02, 3.52803864e+02, 3.27329285e+02,
    3.53464172e+02, 3.15833313e+02, 3.54047211e+02, 3.04532990e+02,
    3.65542053e+02, 3.40041046e+02, 3.65894623e+02, 3.27632904e+02,
    3.66373566e+02, 3.15889282e+02, 3.66692871e+02, 3.04384613e+02,
    3.79564301e+02, 3.40504028e+02, 3.79658600e+02, 3.27845306e+02,
    3.79773529e+02, 3.15908203e+02, 3.79818726e+02, 3.04481079e+02,
    3.93696533e+02, 3.40809296e+02, 3.93690643e+02, 3.28095703e+02,
    3.93426392e+02, 3.15895966e+02, 3.93108582e+02, 3.04343262e+02,
    4.08367767e+02, 3.41049438e+02, 4.07867920e+02, 3.28339722e+02,
    4.07512360e+02, 3.15956970e+02, 4.06941772e+02, 3.04182190e+02 ]
