%YAML:1.0
---
points: [ 1.90606857e+02, 7.82092133e+01, 2.30404892e+02, 8.41206970e+01,
    2.68537201e+02, 9.00454636e+01, 3.05166077e+02, 9.48345261e+01,
    2.02369919e+02, 9.77665329e+01, 2.42400009e+02, 1.03449051e+02,
    2.80597046e+02, 1.09005608e+02, 3.17551636e+02, 1.13615181e+02,
    2.14510971e+02, 1.18222862e+02, 2.54709137e+02, 1.23432312e+02,
    2.93435211e+02, 1.28406662e+02, 3.30448700e+02, 1.33237488e+02,
    2.27675888e+02, 1.39651657e+02, 2.67880798e+02, 1.43660416e+02,
    3.06528015e+02, 1.48540176e+02, 3.43882874e+02, 1.52884445e+02,
    2.40002975e+02, 1.59920792e+02, 2.80841644e+02, 1.64451599e+02,
    3.19787384e+02, 1.68328888e+02, 3.57065582e+02, 1.72524078e+02,
    2.53174774e+02, 1.81563782e+02, 2.94426270e+02, 1.85593521e+02,
    3.33586029e+02, 1.89414261e+02, 3.71121826e+02, 1.92825287e+02 ]
