%YAML:1.0
---
points: [ 1.53422098e+01, 2.93286011e+02, 2.52704868e+01, 2.81961273e+02,
    3.50708504e+01, 2.70918610e+02, 4.47812920e+01, 2.60339478e+02,
    2.57438679e+01, 3.01996338e+02, 3.52425346e+01, 2.90681580e+02,
    4.47465019e+01, 2.79661713e+02, 5.41480522e+01, 2.69115417e+02,
    3.56038017e+01, 3.10323090e+02, 4.49149590e+01, 2.99035339e+02,
    5.41583176e+01, 2.88079468e+02, 6.32038040e+01, 2.77437958e+02,
    4.54007530e+01, 3.18421631e+02, 5.45714302e+01, 3.06998627e+02,
    6.33271675e+01, 2.96179169e+02, 7.20969925e+01, 2.85505005e+02,
    5.49436722e+01, 3.25998413e+02, 6.36183586e+01, 3.14667908e+02,
    7.22397766e+01, 3.03792053e+02, 8.05443649e+01, 2.93216644e+02,
    6.39865990e+01, 3.33299805e+02, 7.24792023e+01, 3.22044769e+02,
    8.07013016e+01, 3.11190521e+02, 8.88062210e+01, 3.00615753e+02 ]
