%YAML:1.0
---
points: [ 3.55385590e+02, 2.56494232e+02, 3.65190857e+02, 2.61824463e+02,
    3.75220459e+02, 2.67280670e+02, 3.85686432e+02, 2.72846649e+02,
    3.48847961e+02, 2.64304443e+02, 3.58518829e+02, 2.69788605e+02,
    3.68608551e+02, 2.75503937e+02, 3.79111542e+02, 2.81274719e+02,
    3.42213745e+02, 2.72263336e+02, 3.51867279e+02, 2.77964569e+02,
    3.61842896e+02, 2.83865326e+02, 3.72364136e+02, 2.90057617e+02,
    3.35242798e+02, 2.80357727e+02, 3.45005341e+02, 2.86311829e+02,
    3.54995728e+02, 2.92494537e+02, 3.65448853e+02, 2.98914886e+02,
    3.28446045e+02, 2.88618347e+02, 3.38074799e+02, 2.94810211e+02,
    3.48048492e+02, 3.01175964e+02, 3.58464966e+02, 3.07914612e+02,
    3.21289246e+02, 2.97137970e+02, 3.30912659e+02, 3.03482361e+02,
    3.40860596e+02, 3.10251282e+02, 3.51227844e+02, 3.17096863e+02 ]
