%YAML:1.0
---
cameraMatrix: !!opencv-matrix
   rows: 3
   cols: 3
   dt: d
   data: [ 1.0935901424608192e+03, 0., 9.8318577831678567e+02, 0.,
       1.0955285015410877e+03, 5.3066175996571974e+02, 0., 0., 1. ]
distortionCoefficients: !!opencv-matrix
   rows: 1
   cols: 5
   dt: d
   data: [ 1.0748418489175629e-01, -1.7455389775687991e-01,
       -2.9350454849027385e-03, 4.2319687028658870e-03,
       8.8760608919062400e-02 ]
rotation: !!opencv-matrix
   rows: 3
   cols: 3
   dt: d
   data: [ 1., 0., 0., 0., 1., 0., 0., 0., 1. ]
projection: !!opencv-matrix
   rows: 4
   cols: 4
   dt: d
   data: [ 1.0935901424608192e+03, 0., 9.8318577831678567e+02, 0., 0.,
       1.0955285015410877e+03, 5.3066175996571974e+02, 0., 0., 0., 1.,
       0., 0., 0., 0., 1. ]
