%YAML:1.0
---
cameraMatrix: !!opencv-matrix
   rows: 3
   cols: 3
   dt: d
   data: [ 3.7108034029794072e+02, 0., 2.5591105852369284e+02, 0.,
       3.7144555063910968e+02, 2.0481468549724767e+02, 0., 0., 1. ]
distortionCoefficients: !!opencv-matrix
   rows: 1
   cols: 5
   dt: d
   data: [ 1.1490776305479652e-01, -3.1768705693919347e-01,
       -1.5691962822757845e-03, -5.2064383121781541e-05,
       1.2771165978617527e-01 ]
rotation: !!opencv-matrix
   rows: 3
   cols: 3
   dt: d
   data: [ 1., 0., 0., 0., 1., 0., 0., 0., 1. ]
projection: !!opencv-matrix
   rows: 4
   cols: 4
   dt: d
   data: [ 3.7108034029794072e+02, 0., 2.5591105852369284e+02, 0., 0.,
       3.7144555063910968e+02, 2.0481468549724767e+02, 0., 0., 0., 1.,
       0., 0., 0., 0., 1. ]
