%YAML:1.0
---
depthShift: 2.1822957600505067e+01
