%YAML:1.0
---
rotation: !!opencv-matrix
   rows: 3
   cols: 3
   dt: d
   data: [ 9.9956938863058054e-01, -7.5348205402310823e-03,
       -2.8359544991306839e-02, 7.4928333673460112e-03,
       9.9997066978848126e-01, -1.5865090309384576e-03,
       2.8370667260687248e-02, 1.3733325171184235e-03,
       9.9959652820374523e-01 ]
translation: !!opencv-matrix
   rows: 3
   cols: 1
   dt: d
   data: [ -3.9549894039980715e-02, -1.6928897360761594e-03,
       4.8089640676550541e-03 ]
essential: !!opencv-matrix
   rows: 3
   cols: 3
   dt: d
   data: [ -8.4061177839743156e-05, -4.8111479202442133e-03,
       -1.6845772378906903e-03, 5.9289501570561221e-03,
       1.8080474299493130e-05, 3.9397556740352474e-02,
       1.3958199927708648e-03, -3.9561489653578717e-02,
       1.4736681431515079e-05 ]
fundamental: !!opencv-matrix
   rows: 3
   cols: 3
   dt: d
   data: [ -7.2801847514524109e-08, -4.1626358966640310e-06,
       3.2981527669758413e-04, 5.1257289313257053e-06,
       1.5615663453074023e-08, 1.1324139586870698e-02,
       -1.3264521895675065e-03, -3.3347978912459740e-02,
       9.9999999999999989e-01 ]
