%YAML:1.0
---
points: [ 3.38623871e+02, 1.55003464e+02, 3.38752655e+02, 1.84725601e+02,
    3.38655670e+02, 2.14188110e+02, 3.39198090e+02, 2.43359512e+02,
    3.39468842e+02, 2.72684387e+02, 3.09283813e+02, 1.55245041e+02,
    3.09358154e+02, 1.85265442e+02, 3.09605927e+02, 2.14500885e+02,
    3.09712708e+02, 2.44063721e+02, 3.10432770e+02, 2.73313141e+02,
    2.79875397e+02, 1.55876846e+02, 2.79881134e+02, 1.85622543e+02,
    2.80387787e+02, 2.15353775e+02, 2.80859467e+02, 2.44498535e+02,
    2.80976654e+02, 2.73630707e+02, 2.50240555e+02, 1.56075806e+02,
    2.49800446e+02, 1.89646103e+02, 2.50750000e+02, 2.15750000e+02,
    2.53160126e+02, 2.42360123e+02, 2.51778641e+02, 2.74682953e+02,
    2.19240906e+02, 1.56220795e+02, 2.20969315e+02, 1.86464523e+02,
    2.21500000e+02, 2.16250000e+02, 2.21940613e+02, 2.45658875e+02,
    2.22451218e+02, 2.74500580e+02, 1.90407074e+02, 1.56320969e+02,
    1.90644089e+02, 1.86921967e+02, 1.91642929e+02, 2.16997421e+02,
    1.92655792e+02, 2.46486877e+02, 1.93067886e+02, 2.75501373e+02,
    1.59549896e+02, 1.57195053e+02, 1.60829559e+02, 1.87619492e+02,
    1.61621552e+02, 2.17266983e+02, 1.62606094e+02, 2.46955063e+02,
    1.63431412e+02, 2.76324829e+02 ]
