%YAML:1.0
---
points: [ 3.40365967e+02, 1.34213470e+02, 3.41378967e+02, 1.62610916e+02,
    3.42470795e+02, 1.91201340e+02, 3.43848999e+02, 2.19419769e+02,
    3.45290253e+02, 2.48282654e+02, 3.12215363e+02, 1.35000687e+02,
    3.12921875e+02, 1.63688644e+02, 3.14179626e+02, 1.92064529e+02,
    3.15296539e+02, 2.20497696e+02, 3.16533020e+02, 2.49254181e+02,
    2.83611298e+02, 1.36182739e+02, 2.84575562e+02, 1.64705429e+02,
    2.85906982e+02, 1.93352783e+02, 2.86884674e+02, 2.21589996e+02,
    2.87799835e+02, 2.50436127e+02, 2.55345535e+02, 1.36833359e+02,
    2.56484894e+02, 1.65931793e+02, 2.57352783e+02, 1.94171600e+02,
    2.58501831e+02, 2.22686401e+02, 2.59122406e+02, 2.51862473e+02,
    2.26742813e+02, 1.38145615e+02, 2.27839752e+02, 1.66703445e+02,
    2.28591797e+02, 1.95154175e+02, 2.30111069e+02, 2.23392929e+02,
    2.30846054e+02, 2.52743271e+02, 1.98282059e+02, 1.38832718e+02,
    1.98898682e+02, 1.67643661e+02, 2.00405487e+02, 1.95659607e+02,
    2.00600891e+02, 2.24274551e+02, 2.01709183e+02, 2.53831360e+02,
    1.69035461e+02, 1.39860687e+02, 1.70085968e+02, 1.68574570e+02,
    1.70942017e+02, 1.96922821e+02, 1.72025635e+02, 2.25988754e+02,
    1.72877060e+02, 2.54551773e+02 ]
