%YAML:1.0
---
points: [ 1.61296130e+03, 9.17354279e+01, 1.62065259e+03, 3.42093231e+02,
    1.62768262e+03, 5.87560059e+02, 1.63542517e+03, 8.29814514e+02,
    1632., 1058., 1.34798572e+03, 1.36361298e+02, 1.35643384e+03,
    3.67090698e+02, 1.36499084e+03, 5.90598022e+02, 1.37416296e+03,
    8.12647156e+02, 1395., 1027., 1.12389319e+03, 1.77073441e+02,
    1.13474744e+03, 3.87961853e+02, 1.14499292e+03, 5.93596802e+02,
    1.15361182e+03, 7.96862366e+02, 1151., 990., 925., 223.,
    9.45638977e+02, 4.05295227e+02, 9.57721130e+02, 5.96157898e+02,
    9.66936218e+02, 7.84346130e+02, 9.73270447e+02, 9.74761047e+02,
    7.73403015e+02, 2.40296402e+02, 7.83417603e+02, 4.20648041e+02,
    7.95438721e+02, 5.98165222e+02, 8.05614380e+02, 7.73470459e+02,
    8.13211365e+02, 9.49296326e+02, 6.30827942e+02, 2.64744049e+02,
    6.41559143e+02, 4.33676086e+02, 6.51623169e+02, 6.00476440e+02,
    6.62962891e+02, 7.65044495e+02, 6.71621826e+02, 9.29152710e+02,
    5.03902679e+02, 2.85849274e+02, 5.14565735e+02, 4.45069061e+02,
    5.25185303e+02, 6.02278259e+02, 5.36281189e+02, 7.57584351e+02,
    5.47695435e+02, 9.11114136e+02 ]
