%YAML:1.0
---
points: [ 3.32500000e+02, 1.51750000e+02, 3.33250000e+02, 1.83250000e+02,
    3.34885742e+02, 2.15610107e+02, 3.34750000e+02, 2.45250000e+02,
    3.36235840e+02, 2.77182007e+02, 3.01250000e+02, 1.53500000e+02,
    3.02250000e+02, 1.84500000e+02, 3.03500000e+02, 2.15250000e+02,
    3.03500000e+02, 2.45500000e+02, 3.04331848e+02, 2.75847198e+02,
    2.71355835e+02, 1.55349594e+02, 2.73535889e+02, 1.87735016e+02,
    2.73667297e+02, 2.15187347e+02, 2.71835358e+02, 2.42718597e+02,
    2.74626617e+02, 2.74351440e+02, 2.43131058e+02, 1.57113052e+02,
    2.43884155e+02, 1.86410431e+02, 2.45258011e+02, 2.15646164e+02,
    2.46105469e+02, 2.44475891e+02, 2.46621384e+02, 2.73452332e+02,
    2.15933029e+02, 1.59083984e+02, 2.16919144e+02, 1.87585800e+02,
    2.18084579e+02, 2.16171021e+02, 2.19263763e+02, 2.44282547e+02,
    2.20076447e+02, 2.72397583e+02, 1.89549759e+02, 1.60419525e+02,
    1.90852997e+02, 1.88649353e+02, 1.92017227e+02, 2.16443054e+02,
    1.93077988e+02, 2.44259491e+02, 1.94116348e+02, 2.71785767e+02,
    1.64166397e+02, 1.61910629e+02, 1.65451599e+02, 1.89499954e+02,
    1.66744049e+02, 2.17001968e+02, 1.67996063e+02, 2.44156830e+02,
    1.69107849e+02, 2.71131439e+02 ]
