%YAML:1.0
---
points: [ 3.92001465e+02, 1.54695419e+02, 3.84073853e+02, 1.81268433e+02,
    3.75863556e+02, 2.08538849e+02, 3.66931854e+02, 2.36385132e+02,
    3.57474213e+02, 2.65162262e+02, 3.65114136e+02, 1.55059601e+02,
    3.57320923e+02, 1.80243515e+02, 3.49292297e+02, 2.05988922e+02,
    3.40326508e+02, 2.32292984e+02, 3.30911896e+02, 2.59148376e+02,
    3.41176941e+02, 1.55466431e+02, 3.33527740e+02, 1.79347412e+02,
    3.25456329e+02, 2.03638443e+02, 3.17000458e+02, 2.28445541e+02,
    3.07507568e+02, 2.53754135e+02, 3.19763550e+02, 1.55922638e+02,
    3.11960388e+02, 1.78368301e+02, 3.04301575e+02, 2.01526123e+02,
    2.95837646e+02, 2.25076920e+02, 2.86781769e+02, 2.49113220e+02,
    3.00594910e+02, 1.56467667e+02, 2.92737518e+02, 1.77619156e+02,
    2.85023010e+02, 1.99630783e+02, 2.77014252e+02, 2.22089188e+02,
    2.68366547e+02, 2.44995804e+02, 2.82900940e+02, 1.56753265e+02,
    2.75327667e+02, 1.76957413e+02, 2.67357147e+02, 1.97743835e+02,
    2.59574738e+02, 2.19115463e+02, 2.51326889e+02, 2.41086899e+02,
    2.66579041e+02, 1.56888214e+02, 2.59088623e+02, 1.76248489e+02,
    2.51422577e+02, 1.96014084e+02, 2.43752045e+02, 2.16604309e+02,
    2.35922333e+02, 2.37523407e+02 ]
