%YAML:1.0
---
points: [ 1.19413049e+03, 3.79995331e+02, 1.16914050e+03, 4.56094238e+02,
    1.14425549e+03, 5.35434875e+02, 1.11561938e+03, 6.15605286e+02,
    1.08633655e+03, 6.99397583e+02, 1.12477124e+03, 3.81037109e+02,
    1.10127966e+03, 4.53734894e+02, 1.07635791e+03, 5.28356628e+02,
    1.04892896e+03, 6.04181458e+02, 1.01885645e+03, 6.82216553e+02,
    1.06347949e+03, 3.82285065e+02, 1.04012756e+03, 4.51173370e+02,
    1.01555823e+03, 5.21862793e+02, 9.88960632e+02, 5.93731445e+02,
    9.59960693e+02, 6.67634888e+02, 1.00833014e+03, 3.83517487e+02,
    9.84483826e+02, 4.48578217e+02, 9.60927185e+02, 5.16124573e+02,
    9.35151550e+02, 5.84470032e+02, 9.06759888e+02, 6.54371033e+02,
    9.58631165e+02, 3.85443359e+02, 9.34779236e+02, 4.46634033e+02,
    9.11382812e+02, 5.10621460e+02, 8.86561035e+02, 5.75896667e+02,
    8.60209473e+02, 6.42764832e+02, 9.12748291e+02, 3.86293579e+02,
    8.89601196e+02, 4.45049988e+02, 8.65527710e+02, 5.05377106e+02,
    8.41667480e+02, 5.67724182e+02, 8.16320435e+02, 6.31659912e+02,
    8.70439758e+02, 3.86647491e+02, 8.47481812e+02, 4.42936127e+02,
    8.24217834e+02, 5.00713348e+02, 8.00671936e+02, 5.60397522e+02,
    7.76926453e+02, 6.21672058e+02 ]
