%YAML:1.0
---
points: [ 4.55010223e+02, 1.61352554e+02, 4.54687256e+02, 1.87403351e+02,
    4.54438629e+02, 2.13317963e+02, 4.54423279e+02, 2.38932510e+02,
    4.54343994e+02, 2.64926056e+02, 4.29307434e+02, 1.61662979e+02,
    4.28950195e+02, 1.87851929e+02, 4.28628876e+02, 2.13785156e+02,
    4.28713928e+02, 2.39507858e+02, 4.29085052e+02, 2.65347046e+02,
    4.02892242e+02, 1.62317688e+02, 4.02608337e+02, 1.88415817e+02,
    4.02521484e+02, 2.14298767e+02, 4.02606201e+02, 2.39935303e+02,
    4.02896881e+02, 2.65643188e+02, 3.76452362e+02, 1.62789200e+02,
    3.76486389e+02, 1.88795563e+02, 3.76306488e+02, 2.14721756e+02,
    3.76494415e+02, 2.40181183e+02, 3.76840881e+02, 2.65891815e+02,
    3.50056183e+02, 1.63552795e+02, 3.50301605e+02, 1.89395737e+02,
    3.50319031e+02, 2.15059937e+02, 3.50498322e+02, 2.40602982e+02,
    3.50721985e+02, 2.65998474e+02, 3.24063995e+02, 1.64203827e+02,
    3.24308807e+02, 1.90034363e+02, 3.24497253e+02, 2.15536926e+02,
    3.24716522e+02, 2.40904922e+02, 3.25113281e+02, 2.66177002e+02,
    2.98218231e+02, 1.64817062e+02, 2.98467773e+02, 1.90375366e+02,
    2.99171661e+02, 2.16350006e+02, 2.99245972e+02, 2.41277496e+02,
    2.99472961e+02, 2.66283691e+02 ]
