%YAML:1.0
---
points: [ 8.99340088e+02, 4.32042572e+02, 9.13344849e+02, 4.86619537e+02,
    9.27402588e+02, 5.43817261e+02, 9.44456604e+02, 6.01746277e+02,
    9.62083862e+02, 6.62533020e+02, 8.57582947e+02, 4.18941406e+02,
    8.70582031e+02, 4.76481689e+02, 8.84636963e+02, 5.35875549e+02,
    9.00972961e+02, 5.97156555e+02, 9.19182983e+02, 6.60411194e+02,
    8.11248840e+02, 4.05080597e+02, 8.23832031e+02, 4.65196747e+02,
    8.37794800e+02, 5.27449341e+02, 8.53361206e+02, 5.91770081e+02,
    8.70815979e+02, 6.58509338e+02, 7.59640442e+02, 3.89741669e+02,
    7.73102417e+02, 4.52173370e+02, 7.85723877e+02, 5.17872314e+02,
    8.00604309e+02, 5.85769409e+02, 8.17537170e+02, 6.56097595e+02,
    7.01915894e+02, 3.73373749e+02, 7.15364624e+02, 4.38353729e+02,
    7.27862671e+02, 5.07203491e+02, 7.41525696e+02, 5.78969482e+02,
    7.56763794e+02, 6.54161560e+02, 6.38303589e+02, 3.54318695e+02,
    6.50566956e+02, 4.22635223e+02, 6.63616821e+02, 4.94473938e+02,
    6.76002136e+02, 5.70825989e+02, 6.89874084e+02, 6.50803223e+02,
    5.67043579e+02, 3.32126099e+02, 5.78527039e+02, 4.04236145e+02,
    5.90298401e+02, 4.80652344e+02, 6.01540466e+02, 5.61508789e+02,
    6.13135803e+02, 6.47601196e+02 ]
