%YAML:1.0
---
points: [ 1.86509143e+03, 2.19683792e+02, 1.85691650e+03, 4.10127563e+02,
    1.84622925e+03, 5.95648376e+02, 1.84264648e+03, 7.80257690e+02,
    1.83721130e+03, 9.62132263e+02, 1.68707190e+03, 2.15439575e+02,
    1.67809949e+03, 4.08323334e+02, 1.66928247e+03, 5.96423401e+02,
    1.66512488e+03, 7.81833923e+02, 1.66386328e+03, 9.68163025e+02,
    1.50068762e+03, 2.12577072e+02, 1.49320398e+03, 4.06907959e+02,
    1.48663489e+03, 5.97142761e+02, 1.48270459e+03, 7.83658569e+02,
    1.48172925e+03, 9.70990906e+02, 1.30998547e+03, 2.10299637e+02,
    1.30560388e+03, 4.06328278e+02, 1.29988013e+03, 5.96820007e+02,
    1.29763733e+03, 7.84932068e+02, 1.29703564e+03, 9.73455566e+02,
    1.11639355e+03, 2.09470230e+02, 1.11464124e+03, 4.05243988e+02,
    1.11230310e+03, 5.97201416e+02, 1.10999646e+03, 7.85410461e+02,
    1.10927893e+03, 9.73999084e+02, 9.21840393e+02, 2.06879715e+02,
    9.21820801e+02, 4.03997253e+02, 9.21760742e+02, 5.97710999e+02,
    9.21313843e+02, 7.87385132e+02, 9.20438049e+02, 9.76104553e+02,
    7.23937622e+02, 2.02918747e+02, 7.26296326e+02, 4.02510712e+02,
    7.27695679e+02, 5.97826477e+02, 7.28861389e+02, 7.89916748e+02,
    7.30059204e+02, 9.78708130e+02 ]
