%YAML:1.0
---
points: [ 2.75230743e+02, 1.72688629e+02, 2.80735992e+02, 1.91281860e+02,
    2.86229828e+02, 2.11025742e+02, 2.92832977e+02, 2.31036682e+02,
    2.99763031e+02, 2.52184952e+02, 2.62700165e+02, 1.68006378e+02,
    2.67984650e+02, 1.87744003e+02, 2.73296814e+02, 2.08200577e+02,
    2.79763031e+02, 2.29372589e+02, 2.86888458e+02, 2.51227005e+02,
    2.48675537e+02, 1.63079941e+02, 2.53782303e+02, 1.83801468e+02,
    2.59334991e+02, 2.05268158e+02, 2.65485626e+02, 2.27390121e+02,
    2.72525482e+02, 2.50369263e+02, 2.33025757e+02, 1.57695602e+02,
    2.38471405e+02, 1.79237717e+02, 2.43672089e+02, 2.01861404e+02,
    2.49662552e+02, 2.25163406e+02, 2.56411591e+02, 2.49245956e+02,
    2.15498108e+02, 1.51813095e+02, 2.21062057e+02, 1.74306320e+02,
    2.26292343e+02, 1.98021683e+02, 2.32108948e+02, 2.22767365e+02,
    2.38323807e+02, 2.48598938e+02, 1.96243896e+02, 1.45166031e+02,
    2.01532150e+02, 1.68835159e+02, 2.07059799e+02, 1.93473480e+02,
    2.12498138e+02, 2.19822739e+02, 2.18545502e+02, 2.47321930e+02,
    1.74579193e+02, 1.37418930e+02, 1.79790955e+02, 1.62279831e+02,
    1.85018356e+02, 1.88588150e+02, 1.90392044e+02, 2.16436798e+02,
    1.95644745e+02, 2.46084366e+02 ]
