%YAML:1.0
---
points: [ 4.08196411e+02, 1.62804626e+02, 3.96407166e+02, 1.90618088e+02,
    3.84596069e+02, 2.17111328e+02, 3.74543457e+02, 2.43010086e+02,
    3.64749908e+02, 2.67814880e+02, 3.90202240e+02, 1.57795349e+02,
    3.77504547e+02, 1.87178680e+02, 3.65751190e+02, 2.14771713e+02,
    3.55334839e+02, 2.41767899e+02, 3.45893280e+02, 2.67958099e+02,
    3.69831116e+02, 1.52593460e+02, 3.57143494e+02, 1.83414673e+02,
    3.45270660e+02, 2.12567963e+02, 3.34753540e+02, 2.40574432e+02,
    3.25201599e+02, 2.67866425e+02, 3.47180328e+02, 1.46715958e+02,
    3.34988495e+02, 1.79268051e+02, 3.22999054e+02, 2.09934769e+02,
    3.12195129e+02, 2.39261612e+02, 3.02794861e+02, 2.67763672e+02,
    3.21927429e+02, 1.39966660e+02, 3.10107880e+02, 1.74731476e+02,
    2.98214905e+02, 2.07087646e+02, 2.87508087e+02, 2.37761215e+02,
    2.77485504e+02, 2.67424561e+02, 2.93909088e+02, 1.33696228e+02,
    2.82459259e+02, 1.69573593e+02, 2.71447083e+02, 2.04058426e+02,
    2.60391113e+02, 2.36520599e+02, 2.50369934e+02, 2.67504669e+02,
    2.63041870e+02, 1.24191841e+02, 2.51797455e+02, 1.63507858e+02,
    2.40498428e+02, 2.00367645e+02, 2.30386978e+02, 2.35006729e+02,
    2.20046448e+02, 2.67472900e+02 ]
