%YAML:1.0
---
points: [ 4.92505615e+02, 1.55390533e+02, 4.94061920e+02, 1.84315430e+02,
    4.95613586e+02, 2.13192993e+02, 4.96132965e+02, 2.42169708e+02,
    4.96358917e+02, 2.70970093e+02, 4.61845184e+02, 1.58411469e+02,
    4.63513153e+02, 1.86080780e+02, 4.64701355e+02, 2.13645630e+02,
    4.65634369e+02, 2.41351822e+02, 4.65939117e+02, 2.68811920e+02,
    4.33439240e+02, 1.61443893e+02, 4.34754852e+02, 1.87818604e+02,
    4.36116669e+02, 2.14173172e+02, 4.36960571e+02, 2.40382568e+02,
    4.37528381e+02, 2.66706207e+02, 4.07089081e+02, 1.64369034e+02,
    4.08327332e+02, 1.89549088e+02, 4.09642059e+02, 2.14548370e+02,
    4.10755005e+02, 2.39591309e+02, 4.11294739e+02, 2.64577026e+02,
    3.83152893e+02, 1.67027542e+02, 3.84165436e+02, 1.91014542e+02,
    3.85405975e+02, 2.14904022e+02, 3.86549744e+02, 2.38699646e+02,
    3.87527649e+02, 2.62442902e+02, 3.61136841e+02, 1.69559082e+02,
    3.62008362e+02, 1.92410248e+02, 3.63120544e+02, 2.15212524e+02,
    3.64279205e+02, 2.37934677e+02, 3.65393951e+02, 2.60705536e+02,
    3.40731415e+02, 1.71781616e+02, 3.41691162e+02, 1.93698471e+02,
    3.42720947e+02, 2.15499115e+02, 3.44007568e+02, 2.37242477e+02,
    3.45251282e+02, 2.58976471e+02 ]
