%YAML:1.0
---
points: [ 2.81324219e+02, 1.41912338e+02, 2.90558838e+02, 1.82222122e+02,
    2.98082245e+02, 2.18110565e+02, 305., 2.53250000e+02, 3.07815186e+02,
    2.86184631e+02, 2.50836288e+02, 1.44147171e+02, 2.60181030e+02,
    1.80671127e+02, 2.69023651e+02, 2.14829468e+02, 2.74864868e+02,
    2.48255966e+02, 2.81682281e+02, 2.76984161e+02, 2.26066925e+02,
    1.45851532e+02, 2.35169037e+02, 1.80581085e+02, 2.43847214e+02,
    2.12319183e+02, 2.51442566e+02, 2.42380035e+02, 2.57805420e+02,
    2.71453827e+02, 2.03377243e+02, 1.48262558e+02, 2.12676712e+02,
    1.80340469e+02, 2.21872940e+02, 2.09965897e+02, 2.29647110e+02,
    2.38421082e+02, 2.36299500e+02, 2.65785248e+02, 1.84122116e+02,
    1.49677216e+02, 1.92987350e+02, 1.79866226e+02, 2.01978638e+02,
    2.08037292e+02, 2.10228561e+02, 2.34761887e+02, 2.17530182e+02,
    2.60335144e+02, 1.66437546e+02, 1.50999557e+02, 1.75453751e+02,
    1.79523529e+02, 1.84000931e+02, 2.06447586e+02, 1.92362320e+02,
    2.31802597e+02, 2.00133072e+02, 2.56080048e+02, 1.50467712e+02,
    1.52191757e+02, 1.59498825e+02, 1.79349091e+02, 1.68138199e+02,
    2.04761017e+02, 1.76400146e+02, 2.29053177e+02, 1.84531021e+02,
    2.52023514e+02 ]
