%YAML:1.0
---
points: [ 1.80771399e+03, 2.62029663e+02, 1.79639062e+03, 4.32102020e+02,
    1.78207214e+03, 5.98543335e+02, 1.77598535e+03, 7.64638367e+02,
    1.76868201e+03, 9.28681519e+02, 1.68238794e+03, 2.44600967e+02,
    1.66867029e+03, 4.23282166e+02, 1.65530371e+03, 5.98231750e+02,
    1.64785938e+03, 7.71334351e+02, 1.64374170e+03, 9.45290710e+02,
    1.54066418e+03, 2.26107727e+02, 1.52717126e+03, 4.13702179e+02,
    1.51500781e+03, 5.97875244e+02, 1.50641968e+03, 7.78812256e+02,
    1.50220093e+03, 9.60801880e+02, 1.38257874e+03, 2.05968643e+02,
    1.37174292e+03, 4.03845490e+02, 1.35859106e+03, 5.96637390e+02,
    1.35096643e+03, 7.87036377e+02, 1.34676465e+03, 9.78066345e+02,
    1.20577576e+03, 1.85466507e+02, 1.19755127e+03, 3.92569061e+02,
    1.18710864e+03, 5.95713928e+02, 1.17843542e+03, 7.95048157e+02,
    1.17293225e+03, 9.95088440e+02, 1.01170618e+03, 1.60673737e+02,
    1.00459607e+03, 3.80277039e+02, 9.97539062e+02, 5.95037842e+02,
    9.89417969e+02, 8.05644958e+02, 9.81880676e+02, 1.01531787e+03,
    7.94328247e+02, 1.31868347e+02, 7.89425232e+02, 3.65616211e+02,
    7.83568604e+02, 5.93833313e+02, 7.77135071e+02, 8.17651184e+02,
    7.70429749e+02, 1.03827161e+03 ]
