%YAML:1.0
---
points: [ 4.45842316e+02, 1.50913147e+02, 4.45681091e+02, 1.73405090e+02,
    4.45330963e+02, 1.96918274e+02, 4.45690155e+02, 2.19262451e+02,
    4.46354340e+02, 2.42286957e+02, 4.34076996e+02, 1.48706451e+02,
    4.33652588e+02, 1.72672684e+02, 4.33202362e+02, 1.96234695e+02,
    4.33523560e+02, 2.19878281e+02, 4.34464264e+02, 2.43611481e+02,
    4.21044586e+02, 1.46761414e+02, 4.20292694e+02, 1.71301239e+02,
    4.19995392e+02, 1.96075394e+02, 4.20126038e+02, 2.20715714e+02,
    4.20855133e+02, 2.45378021e+02, 4.06467865e+02, 1.44290863e+02,
    4.06449280e+02, 1.70174332e+02, 4.05638885e+02, 1.95759171e+02,
    4.05690491e+02, 2.21405899e+02, 4.06460754e+02, 2.46932907e+02,
    3.90651306e+02, 1.42076660e+02, 3.90773376e+02, 1.68838211e+02,
    3.90217468e+02, 1.95596664e+02, 3.89994781e+02, 2.22133347e+02,
    3.90150024e+02, 2.48704987e+02, 3.73670135e+02, 1.39613815e+02,
    3.73672119e+02, 1.67483124e+02, 3.73658295e+02, 1.95273376e+02,
    3.73283569e+02, 2.23026871e+02, 3.73211334e+02, 2.50564163e+02,
    3.55186615e+02, 1.36884033e+02, 3.55308411e+02, 1.65907166e+02,
    3.55222351e+02, 1.95131393e+02, 3.54970581e+02, 2.23996841e+02,
    3.54568359e+02, 2.52753387e+02 ]
