%YAML:1.0
---
points: [ 1.38408716e+03, 3.66098450e+02, 1.38366699e+03, 4.32568359e+02,
    1.38241101e+03, 4.98614838e+02, 1.38458728e+03, 5.64510498e+02,
    1.38641858e+03, 6.30447144e+02, 1.34453589e+03, 3.60789124e+02,
    1.34324390e+03, 4.29934479e+02, 1.34233167e+03, 4.98363403e+02,
    1.34372205e+03, 5.66523621e+02, 1.34677502e+03, 6.34843445e+02,
    1.30133459e+03, 3.55443481e+02, 1.30026904e+03, 4.27153839e+02,
    1.29952563e+03, 4.98116119e+02, 1.30039502e+03, 5.68898315e+02,
    1.30293237e+03, 6.39688477e+02, 1.25443481e+03, 3.49541260e+02,
    1.25450720e+03, 4.23773254e+02, 1.25321021e+03, 4.97692657e+02,
    1.25375110e+03, 5.71242859e+02, 1.25623572e+03, 6.44862854e+02,
    1.20297986e+03, 3.43441345e+02, 1.20399280e+03, 4.20356781e+02,
    1.20324524e+03, 4.97367157e+02, 1.20318152e+03, 5.73782593e+02,
    1.20441528e+03, 6.50306885e+02, 1.14842139e+03, 3.36247559e+02,
    1.14922400e+03, 4.16783386e+02, 1.14997888e+03, 4.96937286e+02,
    1.14955005e+03, 5.76699097e+02, 1.15002576e+03, 6.56403992e+02,
    1.08946863e+03, 3.28521729e+02, 1.09054700e+03, 4.12623840e+02,
    1.09118262e+03, 4.96494446e+02, 1.09116602e+03, 5.79877747e+02,
    1.09064209e+03, 6.63173340e+02 ]
