%YAML:1.0
---
points: [ 1.30777612e+03, 1.37488403e+02, 1.30483582e+03, 2.28613983e+02,
    1.30119373e+03, 3.23364227e+02, 1.29914783e+03, 4.18996521e+02,
    1.29682837e+03, 5.19522156e+02, 1.20920996e+03, 1.29450439e+02,
    1.20398962e+03, 2.21224838e+02, 1.19876648e+03, 3.15255890e+02,
    1.19431873e+03, 4.11000519e+02, 1.19011243e+03, 5.09886993e+02,
    1.11095142e+03, 1.22328094e+02, 1.10429700e+03, 2.13537750e+02,
    1.09743689e+03, 3.07125458e+02, 1.09082251e+03, 4.02498474e+02,
    1.08423267e+03, 5.01158447e+02, 1.01335413e+03, 1.15193367e+02,
    1.00543744e+03, 2.05160416e+02, 9.96882324e+02, 2.98694885e+02,
    9.88209534e+02, 3.93773376e+02, 9.79090088e+02, 4.91911224e+02,
    9.16508301e+02, 1.08669426e+02, 9.06786011e+02, 1.97469864e+02,
    8.96882568e+02, 2.90390656e+02, 8.86321716e+02, 3.85439667e+02,
    8.74916443e+02, 4.83497772e+02, 8.20215576e+02, 1.01076653e+02,
    8.08737366e+02, 1.89648300e+02, 7.96964355e+02, 2.81190674e+02,
    7.84754639e+02, 3.76402679e+02, 7.71481384e+02, 4.74723206e+02,
    7.23856567e+02, 9.26931839e+01, 7.11015381e+02, 1.80949860e+02,
    6.97389587e+02, 2.72287415e+02, 6.83502197e+02, 3.67211151e+02,
    6.68934998e+02, 4.65842621e+02 ]
