%YAML:1.0
---
points: [ 1.28143958e+03, 2.48694504e+02, 1.28167297e+03, 3.16465942e+02,
    1.28145166e+03, 3.89620300e+02, 1.28284839e+03, 4.65525909e+02,
    1.28415540e+03, 5.48563293e+02, 1.19745178e+03, 2.37281906e+02,
    1.19440381e+03, 3.05566650e+02, 1.19107275e+03, 3.77825378e+02,
    1.18840808e+03, 4.53737762e+02, 1.18609961e+03, 5.34656128e+02,
    1.11360803e+03, 2.26458206e+02, 1.10765430e+03, 2.94121796e+02,
    1.10150378e+03, 3.65797638e+02, 1.09518433e+03, 4.41375793e+02,
    1.08859265e+03, 5.22101929e+02, 1.03035815e+03, 2.15982376e+02,
    1.02172913e+03, 2.82182892e+02, 1.01233301e+03, 3.53995483e+02,
    1.00233984e+03, 4.29163483e+02, 9.91593079e+02, 5.08807739e+02,
    9.47209229e+02, 2.06260422e+02, 9.35747131e+02, 2.71035339e+02,
    9.23348572e+02, 3.41694641e+02, 9.09919678e+02, 4.16959900e+02,
    8.95422668e+02, 4.97087250e+02, 8.64525085e+02, 1.95279907e+02,
    8.50138428e+02, 2.59822968e+02, 8.34634949e+02, 3.28811951e+02,
    8.17833374e+02, 4.03848694e+02, 7.99544312e+02, 4.84210022e+02,
    7.81755493e+02, 1.83468002e+02, 7.64672485e+02, 2.47523529e+02,
    7.46027771e+02, 3.16361389e+02, 7.26124268e+02, 3.90962341e+02,
    7.04420105e+02, 4.71441833e+02 ]
