%YAML:1.0
---
points: [ 1.50439612e+03, 3.63740387e+02, 1.49326343e+03, 4.42604706e+02,
    1.48165417e+03, 5.19382629e+02, 1.47262305e+03, 5.95061462e+02,
    1.46352185e+03, 6.69630493e+02, 1.42713660e+03, 3.58985138e+02,
    1.41610596e+03, 4.38022888e+02, 1.40557532e+03, 5.14786499e+02,
    1.39665454e+03, 5.90618835e+02, 1.38873279e+03, 6.65407410e+02,
    1.34884473e+03, 3.54320251e+02, 1.33875391e+03, 4.33358337e+02,
    1.32944849e+03, 5.10446777e+02, 1.32104956e+03, 5.86137756e+02,
    1.31337476e+03, 6.60782959e+02, 1.27061047e+03, 3.49433777e+02,
    1.26229443e+03, 4.28747528e+02, 1.25341882e+03, 5.06055511e+02,
    1.24540808e+03, 5.81615051e+02, 1.23833167e+03, 6.56364868e+02,
    1.19187585e+03, 3.44645569e+02, 1.18476111e+03, 4.24072083e+02,
    1.17703491e+03, 5.01595795e+02, 1.16966455e+03, 5.77106689e+02,
    1.16291101e+03, 6.51565979e+02, 1.11353076e+03, 3.39611389e+02,
    1.10708459e+03, 4.19339417e+02, 1.10071643e+03, 4.97117950e+02,
    1.09418823e+03, 5.72982788e+02, 1.08763745e+03, 6.47542480e+02,
    1.03496814e+03, 3.34502808e+02, 1.02938452e+03, 4.14359650e+02,
    1.02369543e+03, 4.92465454e+02, 1.01813458e+03, 5.68855713e+02,
    1.01236414e+03, 6.43379517e+02 ]
