%YAML:1.0
---
points: [ 3.53419830e+02, 3.07452148e+02, 3.53453003e+02, 3.31449890e+02,
    3.53221893e+02, 3.55059204e+02, 3.53059692e+02, 3.79096466e+02,
    3.52950958e+02, 4.02464386e+02, 3.29743439e+02, 3.07816620e+02,
    3.29590820e+02, 3.31748871e+02, 3.29387970e+02, 3.55595337e+02,
    3.29374115e+02, 3.79725189e+02, 3.29092773e+02, 4.03474152e+02,
    3.05758331e+02, 3.08076294e+02, 3.05769348e+02, 3.32098297e+02,
    3.05633911e+02, 3.56247437e+02, 3.05696106e+02, 3.80406891e+02,
    3.05594940e+02, 4.04395294e+02, 2.81743591e+02, 3.08190155e+02,
    2.81760773e+02, 3.32569275e+02, 2.81720551e+02, 3.56639343e+02,
    2.81686432e+02, 3.80842499e+02, 2.81573669e+02, 4.05129944e+02,
    2.57405670e+02, 3.08469666e+02, 2.57553772e+02, 3.32989014e+02,
    2.57433075e+02, 3.57257782e+02, 2.57311890e+02, 3.81358643e+02,
    2.57304535e+02, 4.05406494e+02, 2.32994766e+02, 3.08846252e+02,
    2.32960007e+02, 3.33445953e+02, 2.33043655e+02, 3.58049988e+02,
    2.33037186e+02, 3.82114197e+02, 2.32972900e+02, 4.06167664e+02,
    2.08378754e+02, 3.09330719e+02, 2.08542984e+02, 3.34041809e+02,
    2.08415894e+02, 3.58608795e+02, 2.08424622e+02, 3.82718597e+02,
    2.08592087e+02, 4.06507202e+02 ]
