%YAML:1.0
---
points: [ 4.91966736e+02, 1.51008743e+02, 4.88391296e+02, 1.77565338e+02,
    4.84259369e+02, 2.03962326e+02, 4.80865784e+02, 2.29935349e+02,
    4.77009644e+02, 2.55741379e+02, 4.67596497e+02, 1.48543594e+02,
    4.63595337e+02, 1.75694336e+02, 4.59493378e+02, 2.02046967e+02,
    4.55982788e+02, 2.28454651e+02, 4.52674469e+02, 2.53985855e+02,
    4.41647156e+02, 1.46554214e+02, 4.37680603e+02, 1.73675751e+02,
    4.34177521e+02, 2.00373413e+02, 4.30547516e+02, 2.26677628e+02,
    4.27356567e+02, 2.52606140e+02, 4.15066589e+02, 1.44334045e+02,
    4.11623901e+02, 1.71919693e+02, 4.07884369e+02, 1.98619049e+02,
    4.04416656e+02, 2.24951431e+02, 4.01566376e+02, 2.50922150e+02,
    3.87993469e+02, 1.42538437e+02, 3.84712402e+02, 1.70122177e+02,
    3.81277405e+02, 1.96892670e+02, 3.78135651e+02, 2.23219223e+02,
    3.75148926e+02, 2.49026688e+02, 3.60755707e+02, 1.40720505e+02,
    3.57793671e+02, 1.68300598e+02, 3.54824554e+02, 1.95272903e+02,
    3.51782349e+02, 2.21527267e+02, 3.48951538e+02, 2.47421097e+02,
    3.33633942e+02, 1.38982529e+02, 3.30856110e+02, 1.66521927e+02,
    3.28130615e+02, 1.93496643e+02, 3.25506561e+02, 2.19896561e+02,
    3.22820587e+02, 2.45453232e+02 ]
