%YAML:1.0
---
points: [ 3.45761383e+02, 3.15272308e+02, 3.46325226e+02, 3.41426300e+02,
    3.46859375e+02, 3.67039368e+02, 3.46617767e+02, 3.93057404e+02,
    3.46323578e+02, 4.18384491e+02, 3.20113037e+02, 3.12131897e+02,
    3.20763458e+02, 3.37458649e+02, 3.21309875e+02, 3.62524017e+02,
    3.21511993e+02, 3.87699860e+02, 3.21008270e+02, 4.12654846e+02,
    2.96076599e+02, 3.09159119e+02, 2.96873444e+02, 3.33696991e+02,
    2.97307037e+02, 3.58248260e+02, 2.97597443e+02, 3.82636932e+02,
    2.97554321e+02, 4.07107056e+02, 2.73745575e+02, 3.06371857e+02,
    2.74071503e+02, 3.30315918e+02, 2.74829285e+02, 3.54070465e+02,
    2.75016846e+02, 3.77918732e+02, 2.74811005e+02, 4.01496704e+02,
    2.52598724e+02, 3.03728912e+02, 2.52926453e+02, 3.27077087e+02,
    2.53460419e+02, 3.50209778e+02, 2.53822342e+02, 3.73238434e+02,
    2.54081909e+02, 3.96222015e+02, 2.32503510e+02, 3.01369507e+02,
    2.32741028e+02, 3.24011505e+02, 2.33121201e+02, 3.46737549e+02,
    2.33672211e+02, 3.69086975e+02, 2.33843536e+02, 3.91333710e+02,
    2.13349731e+02, 2.99181274e+02, 2.13657303e+02, 3.21272064e+02,
    2.13987915e+02, 3.43207397e+02, 2.14488663e+02, 3.65112701e+02,
    2.15095978e+02, 3.86626190e+02 ]
