%YAML:1.0
---
points: [ 1.60520599e+02, 1.53204987e+02, 1.60713623e+02, 1.76032959e+02,
    1.60612732e+02, 1.98765106e+02, 1.60545395e+02, 2.21673004e+02,
    1.60493744e+02, 2.44774261e+02, 1.36529175e+02, 1.52290604e+02,
    1.36666794e+02, 1.75623291e+02, 1.36704514e+02, 1.98597427e+02,
    1.36472244e+02, 2.21850967e+02, 1.36188370e+02, 2.45110794e+02,
    1.11901314e+02, 1.51499344e+02, 1.12050423e+02, 1.74880753e+02,
    1.11995796e+02, 1.98501511e+02, 1.11871735e+02, 2.21885223e+02,
    1.11596329e+02, 2.45454788e+02, 8.68656616e+01, 1.50663452e+02,
    8.68418808e+01, 1.74639343e+02, 8.70226135e+01, 1.98211609e+02,
    8.68100281e+01, 2.21899872e+02, 8.64962616e+01, 2.45793579e+02,
    6.15959015e+01, 1.50058258e+02, 6.13905869e+01, 1.73900757e+02,
    6.13997612e+01, 1.97982101e+02, 6.14602509e+01, 2.21943924e+02,
    6.13250732e+01, 2.45977539e+02, 3.61810837e+01, 1.49473770e+02,
    3.60157585e+01, 1.73677750e+02, 3.58999443e+01, 1.97825897e+02,
    3.58848343e+01, 2.22008209e+02, 3.60123940e+01, 2.46303986e+02,
    1.11393204e+01, 1.48930466e+02, 1.07595186e+01, 1.73278366e+02,
    1.06186581e+01, 1.97627060e+02, 1.08027935e+01, 2.22081421e+02,
    1.10402651e+01, 2.46402542e+02 ]
