%YAML:1.0
---
points: [ 1.74874741e+02, 1.59805832e+02, 1.72441620e+02, 1.81738647e+02,
    1.69572723e+02, 2.03294510e+02, 1.67552246e+02, 2.24423553e+02,
    1.65345322e+02, 2.45492188e+02, 1.55150711e+02, 1.57679443e+02,
    1.52514008e+02, 1.80693710e+02, 1.49893204e+02, 2.03168961e+02,
    1.47747330e+02, 2.25460754e+02, 1.45788116e+02, 2.47369614e+02,
    1.33326187e+02, 1.55460098e+02, 1.30810165e+02, 1.79567566e+02,
    1.28336212e+02, 2.03256714e+02, 1.26169609e+02, 2.26360519e+02,
    1.24266159e+02, 2.49468048e+02, 1.09298187e+02, 1.52819199e+02,
    1.07194626e+02, 1.78430267e+02, 1.04658218e+02, 2.03098785e+02,
    1.02472031e+02, 2.27651154e+02, 1.00802437e+02, 2.51582123e+02,
    8.27505493e+01, 1.50249878e+02, 8.08514481e+01, 1.76878098e+02,
    7.86089783e+01, 2.03173782e+02, 7.66783295e+01, 2.28732086e+02,
    7.49637680e+01, 2.53928223e+02, 5.39163437e+01, 1.47312988e+02,
    5.21621132e+01, 1.75767441e+02, 5.03919182e+01, 2.03217728e+02,
    4.86976585e+01, 2.30097656e+02, 4.72455368e+01, 2.56345947e+02,
    2.29710999e+01, 1.44639191e+02, 2.14289227e+01, 1.74329071e+02,
    1.99722176e+01, 2.03277557e+02, 1.86817360e+01, 2.31650696e+02,
    1.75329590e+01, 2.58954376e+02 ]
