%YAML:1.0
---
points: [ 6.01703918e+02, 3.96958710e+02, 5.95998657e+02, 4.60667999e+02,
    5.89633911e+02, 5.23219971e+02, 5.84817627e+02, 5.84909058e+02,
    5.79853577e+02, 6.45582764e+02, 5.39216431e+02, 3.91360870e+02,
    5.33198425e+02, 4.58110107e+02, 5.27367798e+02, 5.23468933e+02,
    5.22528625e+02, 5.87701721e+02, 5.18281677e+02, 6.51577454e+02,
    4.69863403e+02, 3.85132355e+02, 4.64427917e+02, 4.55243011e+02,
    4.59195984e+02, 5.23735352e+02, 4.54409668e+02, 5.91300476e+02,
    4.50333527e+02, 6.58088989e+02, 3.93217926e+02, 3.78021393e+02,
    3.89038361e+02, 4.52154083e+02, 3.83904419e+02, 5.24198730e+02,
    3.79671265e+02, 5.94929810e+02, 3.75892273e+02, 6.65011658e+02,
    3.07976379e+02, 3.70401093e+02, 3.04831696e+02, 4.48669312e+02,
    3.00895538e+02, 5.24569092e+02, 2.97070251e+02, 5.98815796e+02,
    2.93459625e+02, 6.71986694e+02, 2.14354996e+02, 3.61934601e+02,
    2.11906662e+02, 4.44753418e+02, 2.09283600e+02, 5.25419312e+02,
    2.06253922e+02, 6.03580811e+02, 2.03403656e+02, 6.80582520e+02,
    1.10852455e+02, 3.53084595e+02, 1.09258942e+02, 4.40700989e+02,
    1.07663345e+02, 5.26030212e+02, 1.06148399e+02, 6.08917297e+02,
    1.04266495e+02, 6.89520752e+02 ]
