%YAML:1.0
---
points: [ 4.55092957e+02, 3.52275909e+02, 4.56016144e+02, 4.24097443e+02,
    4.57809265e+02, 4.96466156e+02, 4.55679596e+02, 5.69074646e+02,
    4.53730133e+02, 6.42604553e+02, 4.12404510e+02, 3.62878876e+02,
    4.14273651e+02, 4.32525848e+02, 4.15521606e+02, 5.02307983e+02,
    4.13921448e+02, 5.72471680e+02, 4.10691833e+02, 6.43641418e+02,
    3.73298492e+02, 3.73014679e+02, 3.74825378e+02, 4.40302582e+02,
    3.75697693e+02, 5.07809113e+02, 3.74859070e+02, 5.75737305e+02,
    3.71707062e+02, 6.44485596e+02, 3.37248566e+02, 3.82547394e+02,
    3.37412750e+02, 4.47547302e+02, 3.38995300e+02, 5.13043701e+02,
    3.38350189e+02, 5.78640747e+02, 3.35280090e+02, 6.45269409e+02,
    3.04122925e+02, 3.91808075e+02, 3.03129669e+02, 4.54548553e+02,
    3.04043457e+02, 5.17908752e+02, 3.03969513e+02, 5.81556458e+02,
    3.02628296e+02, 6.45719482e+02, 2.71941864e+02, 4.00237793e+02,
    2.71352417e+02, 4.61014618e+02, 2.70477600e+02, 5.22519165e+02,
    2.70812866e+02, 5.84269409e+02, 2.70290649e+02, 6.46431702e+02,
    2.41439987e+02, 4.07869965e+02, 2.40308044e+02, 4.67091858e+02,
    2.39761993e+02, 5.26648315e+02, 2.39741257e+02, 5.86716919e+02,
    2.40354309e+02, 6.47104553e+02 ]
