%YAML:1.0
---
points: [ 1.29041489e+02, 1.44114929e+02, 1.29399643e+02, 1.68842834e+02,
    1.29984497e+02, 1.93732574e+02, 1.29417419e+02, 2.18749222e+02,
    1.28785538e+02, 2.44120529e+02, 1.12907326e+02, 1.47768295e+02,
    1.13511589e+02, 1.71656860e+02, 1.13910057e+02, 1.95677307e+02,
    1.13486351e+02, 2.19865250e+02, 1.12436668e+02, 2.44330475e+02,
    9.81330643e+01, 1.51195190e+02, 9.85398941e+01, 1.74344666e+02,
    9.88904266e+01, 1.97539459e+02, 9.86662598e+01, 2.20892471e+02,
    9.76218948e+01, 2.44572021e+02, 8.45537643e+01, 1.54485748e+02,
    8.44630585e+01, 1.76796616e+02, 8.50723190e+01, 1.99278473e+02,
    8.47691574e+01, 2.21878662e+02, 8.40135880e+01, 2.44806656e+02,
    7.22654724e+01, 1.57503143e+02, 7.18834000e+01, 1.79211014e+02,
    7.20543137e+01, 2.00812515e+02, 7.20326157e+01, 2.22848694e+02,
    7.15330429e+01, 2.44835495e+02, 6.02481995e+01, 1.60554581e+02,
    5.98994827e+01, 1.81280731e+02, 5.95994797e+01, 2.02444366e+02,
    5.97239609e+01, 2.23462860e+02, 5.96280289e+01, 2.44941254e+02,
    4.90625420e+01, 1.63166687e+02, 4.86445732e+01, 1.83398468e+02,
    4.83144646e+01, 2.03720139e+02, 4.82831230e+01, 2.24392944e+02,
    4.86316528e+01, 2.44863785e+02 ]
