%YAML:1.0
---
points: [ 7.06232605e+02, 3.67925453e+01, 7.05334412e+02, 1.47060684e+02,
    7.04540039e+02, 2.59063232e+02, 7.01756836e+02, 3.70421021e+02,
    6.98619812e+02, 4.84421112e+02, 5.94502502e+02, 3.92504082e+01,
    5.93307251e+02, 1.49595612e+02, 5.91682129e+02, 2.60816956e+02,
    5.88197083e+02, 3.71983917e+02, 5.82914978e+02, 4.85440826e+02,
    4.84362122e+02, 4.22548294e+01, 4.82142487e+02, 1.51636292e+02,
    4.79626160e+02, 2.62345612e+02, 4.75274994e+02, 3.73573883e+02,
    4.68675781e+02, 4.86511566e+02, 3.75690369e+02, 4.56748619e+01,
    3.71497131e+02, 1.53632263e+02, 3.68625397e+02, 2.64202820e+02,
    3.63343414e+02, 3.75132050e+02, 3.55037048e+02, 4.87547729e+02,
    2.70143829e+02, 5.05686722e+01, 2.63286072e+02, 1.56529282e+02,
    2.58744659e+02, 2.66075378e+02, 2.52965240e+02, 3.76669159e+02,
    2.45089432e+02, 4.89071747e+02, 1.64782990e+02, 5.45848236e+01,
    1.57299362e+02, 1.60208633e+02, 1.49552200e+02, 2.67666077e+02,
    1.43513443e+02, 3.78203918e+02, 1.35676987e+02, 4.90443237e+02,
    6.11545906e+01, 5.83593826e+01, 5.22491112e+01, 1.63213058e+02,
    4.40719032e+01, 2.70448151e+02, 3.67482948e+01, 3.80012787e+02,
    2.99109745e+01, 4.91686096e+02 ]
