%YAML:1.0
---
points: [ 7.87458984e+02, 1.39300583e+02, 7.77383911e+02, 2.25418655e+02,
    7.66598328e+02, 3.16342102e+02, 7.54195068e+02, 4.09331818e+02,
    7.40451843e+02, 5.08422058e+02, 6.90688782e+02, 1.34061951e+02,
    6.78586670e+02, 2.20711288e+02, 6.65349854e+02, 3.11273529e+02,
    6.49989990e+02, 4.04318146e+02, 6.32689270e+02, 5.02338501e+02,
    5.94303284e+02, 1.29471786e+02, 5.79866333e+02, 2.15846222e+02,
    5.64141479e+02, 3.05710449e+02, 5.46244934e+02, 3.99063324e+02,
    5.25508118e+02, 4.96677246e+02, 4.98727936e+02, 1.25318146e+02,
    4.81169495e+02, 2.10268082e+02, 4.63453735e+02, 3.00524200e+02,
    4.42910309e+02, 3.93511444e+02, 4.18828186e+02, 4.90976929e+02,
    4.04431122e+02, 1.22386848e+02, 3.83638397e+02, 2.05825211e+02,
    3.62906586e+02, 2.95210876e+02, 3.40233826e+02, 3.88229736e+02,
    3.14209686e+02, 4.86097687e+02, 3.10357239e+02, 1.18341125e+02,
    2.87136047e+02, 2.01623917e+02, 2.62589447e+02, 2.89204742e+02,
    2.37807709e+02, 3.82523621e+02, 2.10195129e+02, 4.80563599e+02,
    2.17301987e+02, 1.14217354e+02, 1.91306015e+02, 1.96856888e+02,
    1.64538437e+02, 2.84445831e+02, 1.36916946e+02, 3.77153259e+02,
    1.08425835e+02, 4.75370178e+02 ]
