%YAML:1.0
---
points: [ 6.06947632e+02, 3.99417694e+02, 6.00842651e+02, 4.65912903e+02,
    5.94572449e+02, 5.31926392e+02, 5.87665100e+02, 5.97627136e+02,
    5.80745361e+02, 6.63721313e+02, 5.35628296e+02, 3.90488678e+02,
    5.29644226e+02, 4.58032867e+02, 5.23600281e+02, 5.25083130e+02,
    5.17043945e+02, 5.92011719e+02, 5.09544250e+02, 6.59201965e+02,
    4.62202118e+02, 3.81327576e+02, 4.56447388e+02, 4.49945435e+02,
    4.50386780e+02, 5.18208740e+02, 4.43799469e+02, 5.86202698e+02,
    4.36490295e+02, 6.54198853e+02, 3.86580597e+02, 3.71668762e+02,
    3.80640991e+02, 4.41585846e+02, 3.74941193e+02, 5.11118896e+02,
    3.68570374e+02, 5.80021545e+02, 3.61047424e+02, 6.49146729e+02,
    3.08940521e+02, 3.62084991e+02, 3.02611786e+02, 4.33170990e+02,
    2.97204437e+02, 5.03440155e+02, 2.90993927e+02, 5.73611694e+02,
    2.84372894e+02, 6.43658447e+02, 2.29143936e+02, 3.52291382e+02,
    2.22895493e+02, 4.24313507e+02, 2.16641068e+02, 4.96107849e+02,
    2.11060440e+02, 5.67097107e+02, 2.04688461e+02, 6.38269043e+02,
    1.46985886e+02, 3.42044525e+02, 1.40626404e+02, 4.15159424e+02,
    1.34655975e+02, 4.88035522e+02, 1.29212250e+02, 5.60483459e+02,
    1.23901733e+02, 6.32542664e+02 ]
