%YAML:1.0
---
points: [ 5.01142548e+02, 3.11035767e+02, 4.99553223e+02, 3.33566925e+02,
    4.97679321e+02, 3.56686707e+02, 4.95251617e+02, 3.79869049e+02,
    4.92142578e+02, 4.03204468e+02, 4.77200409e+02, 3.07613861e+02,
    4.75723541e+02, 3.30435944e+02, 4.73885040e+02, 3.52999268e+02,
    4.71673950e+02, 3.76313354e+02, 4.68830353e+02, 3.99286652e+02,
    4.53651428e+02, 3.04421173e+02, 4.52010986e+02, 3.26448547e+02,
    4.50297852e+02, 3.49050232e+02, 4.47907990e+02, 3.71922455e+02,
    4.45321686e+02, 3.95259247e+02, 4.30384705e+02, 3.00771820e+02,
    4.28642426e+02, 3.22445496e+02, 4.26603882e+02, 3.44724518e+02,
    4.24399170e+02, 3.67397125e+02, 4.21666168e+02, 3.90159912e+02,
    4.07590393e+02, 2.97325928e+02, 4.05659180e+02, 3.18178680e+02,
    4.03691528e+02, 3.40191925e+02, 4.01294861e+02, 3.62396973e+02,
    3.98921051e+02, 3.85131134e+02, 3.85945831e+02, 2.93799805e+02,
    3.83698700e+02, 3.14446564e+02, 3.81413849e+02, 3.35659027e+02,
    3.79015686e+02, 3.57413025e+02, 3.76242188e+02, 3.79759064e+02,
    3.64895264e+02, 2.90367584e+02, 3.62628052e+02, 3.10517212e+02,
    3.59948059e+02, 3.31189056e+02, 3.57350830e+02, 3.52564911e+02,
    3.54816803e+02, 3.74368927e+02 ]
