%YAML:1.0
---
points: [ 1.59908890e+02, 2.71683521e+01, 1.59446014e+02, 5.06647186e+01,
    1.58997192e+02, 7.46300507e+01, 1.58152481e+02, 9.81671982e+01,
    1.57421936e+02, 1.22067352e+02, 1.36493835e+02, 2.73492680e+01,
    1.35651886e+02, 5.08373528e+01, 1.35140747e+02, 7.45243378e+01,
    1.34345688e+02, 9.81446152e+01, 1.33303101e+02, 1.21805992e+02,
    1.13020355e+02, 2.81345730e+01, 1.12298248e+02, 5.09861107e+01,
    1.11601433e+02, 7.45522385e+01, 1.10749878e+02, 9.80806580e+01,
    1.09584671e+02, 1.21723267e+02, 9.08312836e+01, 2.88431358e+01,
    8.93961563e+01, 5.13456879e+01, 8.86468048e+01, 7.49125977e+01,
    8.74076462e+01, 9.81951981e+01, 8.60950470e+01, 1.21650444e+02,
    6.87479019e+01, 3.01817722e+01, 6.70128021e+01, 5.22345390e+01,
    6.58266296e+01, 7.51846085e+01, 6.48106461e+01, 9.85175858e+01,
    6.35320396e+01, 1.21835609e+02, 4.77486038e+01, 3.17077885e+01,
    4.53983574e+01, 5.34063911e+01, 4.36927681e+01, 7.57436447e+01,
    4.23291359e+01, 9.87715225e+01, 4.11212120e+01, 1.22140656e+02,
    2.70777111e+01, 3.34097786e+01, 2.48771725e+01, 5.47703362e+01,
    2.26750927e+01, 7.66423950e+01, 2.09951801e+01, 9.95466766e+01,
    1.97477570e+01, 1.22485428e+02 ]
