%YAML:1.0
---
points: [ 5.45281982e+02, 1.05626869e+01, 5.44563599e+02, 8.05970306e+01,
    5.44322998e+02, 1.50791901e+02, 5.42575684e+02, 2.19628860e+02,
    5.40530640e+02, 2.88967957e+02, 4.75824677e+02, 1.02083149e+01,
    4.75596924e+02, 8.06151123e+01, 4.75229004e+02, 1.50539261e+02,
    4.73445374e+02, 2.19566360e+02, 4.70586548e+02, 2.88394348e+02,
    4.07200226e+02, 1.05523996e+01, 4.06664368e+02, 8.05723343e+01,
    4.06088165e+02, 1.50305573e+02, 4.04357941e+02, 2.19408081e+02,
    4.01521637e+02, 2.88224121e+02, 3.39156586e+02, 1.11540709e+01,
    3.37796112e+02, 8.03489304e+01, 3.37464478e+02, 1.50242020e+02,
    3.35686981e+02, 2.19312866e+02, 3.32612946e+02, 2.87922363e+02,
    2.72340454e+02, 1.25786257e+01, 2.70081482e+02, 8.09011307e+01,
    2.69182953e+02, 1.50236664e+02, 2.67518524e+02, 2.19302780e+02,
    2.65328857e+02, 2.88229767e+02, 2.05456772e+02, 1.34064751e+01,
    2.02914200e+02, 8.15471344e+01, 2.00681625e+02, 1.49974991e+02,
    1.99310699e+02, 2.19108566e+02, 1.97220413e+02, 2.88041931e+02,
    1.38723557e+02, 1.40443830e+01, 1.35803360e+02, 8.19060211e+01,
    1.33619843e+02, 1.50314743e+02, 1.31802658e+02, 2.19122940e+02,
    1.30608444e+02, 2.88251129e+02 ]
