%YAML:1.0
---
points: [ 5.43811646e+02, 2.95113964e+01, 5.42953369e+02, 1.01377296e+02,
    5.42565491e+02, 1.73277573e+02, 5.40427002e+02, 2.43992401e+02,
    5.38457764e+02, 3.15137390e+02, 4.71566101e+02, 2.76643200e+01,
    4.71118561e+02, 9.97581787e+01, 4.70516052e+02, 1.71627609e+02,
    4.68672516e+02, 2.42758469e+02, 4.65645630e+02, 3.13528015e+02,
    3.99810425e+02, 2.64088020e+01, 3.99161041e+02, 9.83787079e+01,
    3.98320984e+02, 1.70292999e+02, 3.96618835e+02, 2.41399048e+02,
    3.93510162e+02, 3.12434967e+02, 3.28395660e+02, 2.53798923e+01,
    3.26924774e+02, 9.67390671e+01, 3.26460907e+02, 1.68808197e+02,
    3.24571533e+02, 2.40183441e+02, 3.21414185e+02, 3.11223297e+02,
    2.58191833e+02, 2.53107777e+01, 2.55516388e+02, 9.58216171e+01,
    2.54521927e+02, 1.67524643e+02, 2.53021835e+02, 2.39125092e+02,
    2.50474716e+02, 3.10400818e+02, 1.87286850e+02, 2.46306000e+01,
    1.84820908e+02, 9.53215866e+01, 1.82218185e+02, 1.66274170e+02,
    1.80857559e+02, 2.37813751e+02, 1.78668381e+02, 3.09306702e+02,
    1.16627556e+02, 2.39823818e+01, 1.13562271e+02, 9.43828125e+01,
    1.11395714e+02, 1.65448685e+02, 1.09445648e+02, 2.36674118e+02,
    1.08189369e+02, 3.08519440e+02 ]
