%YAML:1.0
---
points: [ 1.60199539e+02, 3.39359436e+01, 1.59627975e+02, 5.80066185e+01,
    1.59207169e+02, 8.27344818e+01, 1.58358276e+02, 1.06900330e+02,
    1.57578690e+02, 1.31515839e+02, 1.35919144e+02, 3.35255966e+01,
    1.35152817e+02, 5.77629585e+01, 1.34483597e+02, 8.21489334e+01,
    1.33704254e+02, 1.06586998e+02, 1.32708160e+02, 1.30731354e+02,
    1.11561691e+02, 3.35982704e+01, 1.10953255e+02, 5.75685577e+01,
    1.10083397e+02, 8.18213577e+01, 1.09107079e+02, 1.05905899e+02,
    1.07976494e+02, 1.30406799e+02, 8.82838058e+01, 3.39163246e+01,
    8.67754211e+01, 5.74912720e+01, 8.60076370e+01, 8.15611877e+01,
    8.48290710e+01, 1.05800011e+02, 8.34462204e+01, 1.29857834e+02,
    6.52072906e+01, 3.48360939e+01, 6.34339066e+01, 5.77462502e+01,
    6.21552429e+01, 8.16370850e+01, 6.10984192e+01, 1.05677567e+02,
    5.98682175e+01, 1.29698746e+02, 4.31773720e+01, 3.58628426e+01,
    4.08026810e+01, 5.84875412e+01, 3.89770279e+01, 8.17964478e+01,
    3.76041374e+01, 1.05546234e+02, 3.62173576e+01, 1.29711227e+02,
    2.17924843e+01, 3.71393929e+01, 1.92242813e+01, 5.96023407e+01,
    1.67750969e+01, 8.24747620e+01, 1.50889339e+01, 1.05773849e+02,
    1.38275070e+01, 1.29785858e+02 ]
