%YAML:1.0
---
points: [ 7.79673218e+02, 7.91469421e+01, 7.61123047e+02, 1.76434464e+02,
    7.42408508e+02, 2.78508240e+02, 7.18955261e+02, 3.82851746e+02,
    6.93884460e+02, 4.93666748e+02, 6.89822876e+02, 9.42493591e+01,
    6.70944153e+02, 1.88657166e+02, 6.50608582e+02, 2.86811584e+02,
    6.26500549e+02, 3.87461182e+02, 5.98391602e+02, 4.92891602e+02,
    6.07210938e+02, 1.08701942e+02, 5.87334412e+02, 1.99727905e+02,
    5.65559448e+02, 2.93899170e+02, 5.40871765e+02, 3.91411438e+02,
    5.11796539e+02, 4.92617218e+02, 5.31197388e+02, 1.22656059e+02,
    5.08981506e+02, 2.09265060e+02, 4.87393250e+02, 3.00912018e+02,
    4.61795868e+02, 3.94716644e+02, 4.31764893e+02, 4.92217560e+02,
    4.61346924e+02, 1.36097733e+02, 4.37527069e+02, 2.19175034e+02,
    4.14257263e+02, 3.07083862e+02, 3.88938263e+02, 3.97957153e+02,
    3.59895050e+02, 4.92562225e+02, 3.95212463e+02, 1.47786102e+02,
    3.70821075e+02, 2.28401764e+02, 3.45313354e+02, 3.12324493e+02,
    3.19946320e+02, 4.00591400e+02, 2.91954010e+02, 4.92340698e+02,
    3.32916992e+02, 1.58352448e+02, 3.07877441e+02, 2.36129974e+02,
    2.82188202e+02, 3.17724731e+02, 2.56335022e+02, 4.02938904e+02,
    2.29631638e+02, 4.92132202e+02 ]
