%YAML:1.0
---
points: [ 1.72380066e+02, 8.67234192e+01, 1.71094009e+02, 1.02695992e+02,
    1.69587082e+02, 1.19428673e+02, 1.68304718e+02, 1.36300247e+02,
    1.66896149e+02, 1.53930511e+02, 1.53399384e+02, 7.93780441e+01,
    1.51455048e+02, 9.57968292e+01, 1.49452682e+02, 1.12774559e+02,
    1.47648758e+02, 1.30146729e+02, 1.45851929e+02, 1.48006943e+02,
    1.33259857e+02, 7.19146423e+01, 1.30845459e+02, 8.85890121e+01,
    1.28315002e+02, 1.05891174e+02, 1.25886032e+02, 1.23651711e+02,
    1.23298721e+02, 1.41987045e+02, 1.12308983e+02, 6.42915573e+01,
    1.09412590e+02, 8.09605179e+01, 1.06218040e+02, 9.87663651e+01,
    1.02864601e+02, 1.16873741e+02, 9.97262497e+01, 1.35500931e+02,
    9.03462143e+01, 5.67517853e+01, 8.67892532e+01, 7.34048920e+01,
    8.29690933e+01, 9.12136154e+01, 7.89343796e+01, 1.09735138e+02,
    7.48181152e+01, 1.29062241e+02, 6.79574203e+01, 4.90135765e+01,
    6.33930740e+01, 6.56717377e+01, 5.88184471e+01, 8.33788757e+01,
    5.40170670e+01, 1.02286903e+02, 4.90511856e+01, 1.22103218e+02,
    4.50453110e+01, 4.12524414e+01, 3.99828300e+01, 5.82285576e+01,
    3.43015556e+01, 7.57484894e+01, 2.85722389e+01, 9.49937363e+01,
    2.27331238e+01, 1.15072823e+02 ]
