%YAML:1.0
---
points: [ 6.07672852e+02, 1.85023697e+02, 6.02306458e+02, 2.31578781e+02,
    5.96293396e+02, 2.80173950e+02, 5.90635620e+02, 3.29037262e+02,
    5.84692749e+02, 3.80278381e+02, 5.49245667e+02, 1.63816376e+02,
    5.42343994e+02, 2.11802902e+02, 5.34746765e+02, 2.61210266e+02,
    5.27524902e+02, 3.11515381e+02, 5.19939697e+02, 3.63352295e+02,
    4.87367798e+02, 1.41722519e+02, 4.78745941e+02, 1.90693573e+02,
    4.69894226e+02, 2.40948334e+02, 4.60601105e+02, 2.92718597e+02,
    4.51107056e+02, 3.46042542e+02, 4.22010010e+02, 1.18810860e+02,
    4.11826813e+02, 1.67916977e+02, 4.01078125e+02, 2.19729263e+02,
    3.89795288e+02, 2.72885529e+02, 3.77960785e+02, 3.27664001e+02,
    3.52628632e+02, 9.52581329e+01, 3.40551331e+02, 1.44567902e+02,
    3.27797394e+02, 1.97346390e+02, 3.14441406e+02, 2.51718460e+02,
    3.00439911e+02, 3.08545441e+02, 2.79562042e+02, 6.96166840e+01,
    2.65468445e+02, 1.20114731e+02, 2.50551956e+02, 1.72735565e+02,
    2.34607849e+02, 2.28859421e+02, 2.17853378e+02, 2.87234955e+02,
    2.03158401e+02, 4.25267067e+01, 1.86358047e+02, 9.36056747e+01,
    1.68940903e+02, 1.47688950e+02, 1.50436844e+02, 2.04801025e+02,
    1.31037155e+02, 2.65367523e+02 ]
