%YAML:1.0
---
points: [ 1.08688728e+02, 2.93699860e+02, 1.09257118e+02, 3.14692963e+02,
    1.09991562e+02, 3.35299652e+02, 1.10015549e+02, 3.56172791e+02,
    1.10254669e+02, 3.76853058e+02, 9.31253357e+01, 2.92285004e+02,
    9.39399948e+01, 3.12638184e+02, 9.46847000e+01, 3.32737122e+02,
    9.48668594e+01, 3.53149780e+02, 9.47975845e+01, 3.73221710e+02,
    7.84405746e+01, 2.90828796e+02, 7.92876511e+01, 3.10708862e+02,
    8.00351639e+01, 3.30418060e+02, 8.05655136e+01, 3.50018585e+02,
    8.08857956e+01, 3.69711243e+02, 6.46482239e+01, 2.89386047e+02,
    6.52480469e+01, 3.08860596e+02, 6.63991394e+01, 3.28090698e+02,
    6.71622086e+01, 3.47071808e+02, 6.72666779e+01, 3.66327850e+02,
    5.18580627e+01, 2.87895477e+02, 5.22485352e+01, 3.06926422e+02,
    5.33134575e+01, 3.25600372e+02, 5.41634293e+01, 3.44298065e+02,
    5.50492058e+01, 3.62670654e+02, 3.95164528e+01, 2.86804413e+02,
    4.00415497e+01, 3.04984192e+02, 4.06846504e+01, 3.23557129e+02,
    4.18689156e+01, 3.41346344e+02, 4.28068581e+01, 3.59556671e+02,
    2.75805645e+01, 2.85145416e+02, 2.82344952e+01, 3.03435089e+02,
    2.91010666e+01, 3.21134430e+02, 3.01916237e+01, 3.38970764e+02,
    3.18082886e+01, 3.56119293e+02 ]
