%YAML:1.0
---
points: [ 6.58469849e+02, 9.08684692e+01, 6.31926575e+02, 1.52019897e+02,
    6.05390076e+02, 2.15086502e+02, 5.75283630e+02, 2.77449219e+02,
    5.44128845e+02, 3.41964600e+02, 6.09583130e+02, 9.27085724e+01,
    5.84220703e+02, 1.52513657e+02, 5.57612366e+02, 2.13396622e+02,
    5.28432190e+02, 2.74053497e+02, 4.96824585e+02, 3.35600586e+02,
    5.64383484e+02, 9.47474136e+01, 5.39215637e+02, 1.52826538e+02,
    5.12828979e+02, 2.11440384e+02, 4.84691071e+02, 2.70595306e+02,
    4.53818787e+02, 3.30485443e+02, 5.22225342e+02, 9.72107239e+01,
    4.96378845e+02, 1.52513336e+02, 4.71311371e+02, 2.09812729e+02,
    4.43516907e+02, 2.67290039e+02, 4.13308197e+02, 3.25355530e+02,
    4.83366364e+02, 9.98004761e+01, 4.57165314e+02, 1.53061600e+02,
    4.31578552e+02, 2.08202835e+02, 4.04619171e+02, 2.64472931e+02,
    3.76109558e+02, 3.21246796e+02, 4.45546997e+02, 1.01860519e+02,
    4.20065033e+02, 1.53470581e+02, 3.93480530e+02, 2.06426102e+02,
    3.67450043e+02, 2.60916260e+02, 3.39757996e+02, 3.16465302e+02,
    4.09581543e+02, 1.02995575e+02, 3.84053955e+02, 1.53204636e+02,
    3.58315643e+02, 2.04619766e+02, 3.32452789e+02, 2.57486420e+02,
    3.06241455e+02, 3.12214294e+02 ]
