%YAML:1.0
---
points: [ 1.34091217e+02, 2.83776550e+02, 1.34117554e+02, 3.01786774e+02,
    1.33949112e+02, 3.19743683e+02, 1.34243652e+02, 3.37801422e+02,
    1.34649948e+02, 3.55791290e+02, 1.16230286e+02, 2.86477875e+02,
    1.16175247e+02, 3.05079071e+02, 1.16185226e+02, 3.23498108e+02,
    1.16513985e+02, 3.42109222e+02, 1.16962296e+02, 3.60678986e+02,
    9.71999207e+01, 2.89325897e+02, 9.72634048e+01, 3.08492981e+02,
    9.73521957e+01, 3.27467438e+02, 9.76819687e+01, 3.46595154e+02,
    9.84673080e+01, 3.65558044e+02, 7.69488754e+01, 2.92272003e+02,
    7.72294540e+01, 3.12154816e+02, 7.74538040e+01, 3.31604858e+02,
    7.78959045e+01, 3.51295288e+02, 7.87004547e+01, 3.70586792e+02,
    5.52776947e+01, 2.95226318e+02, 5.60319023e+01, 3.15763184e+02,
    5.63320236e+01, 3.35851837e+02, 5.71794128e+01, 3.55753387e+02,
    5.84630127e+01, 3.75284851e+02, 3.29293976e+01, 2.98209259e+02,
    3.37221222e+01, 3.19189850e+02, 3.48694687e+01, 3.40133667e+02,
    3.59437180e+01, 3.60171478e+02, 3.73887482e+01, 3.80308838e+02,
    9.79898548e+00, 3.01198822e+02, 1.08802242e+01, 3.22704956e+02,
    1.23809443e+01, 3.43943695e+02, 1.38860950e+01, 3.64507660e+02,
    1.61441059e+01, 3.84462646e+02 ]
