%YAML:1.0
---
points: [ 1.77147705e+03, 3.96110954e+01, 1.77624243e+03, 1.50391190e+02,
    1.77982922e+03, 2.62609192e+02, 1.78688452e+03, 3.74653534e+02,
    1.79384167e+03, 4.88334564e+02, 1.65960181e+03, 4.00376320e+01,
    1.66287000e+03, 1.51626404e+02, 1.66561755e+03, 2.64169067e+02,
    1.67106995e+03, 3.76159637e+02, 1.67812415e+03, 4.89356323e+02,
    1.54623730e+03, 4.15690193e+01, 1.54847876e+03, 1.53566788e+02,
    1.55107800e+03, 2.65723450e+02, 1.55474329e+03, 3.77622528e+02,
    1.56042065e+03, 4.90807037e+02, 1.43227246e+03, 4.43769417e+01,
    1.43491064e+03, 1.55322021e+02, 1.43622620e+03, 2.67530823e+02,
    1.43874512e+03, 3.79568848e+02, 1.44332275e+03, 4.91886322e+02,
    1.31835266e+03, 4.78543282e+01, 1.32105249e+03, 1.57803284e+02,
    1.32213379e+03, 2.69912567e+02, 1.32370667e+03, 3.81521637e+02,
    1.32645142e+03, 4.93524384e+02, 1.20615649e+03, 5.03365135e+01,
    1.20763110e+03, 1.60707428e+02, 1.20933472e+03, 2.71434601e+02,
    1.21045642e+03, 3.82902435e+02, 1.21205969e+03, 4.94685638e+02,
    1.09461755e+03, 5.27451744e+01, 1.09599133e+03, 1.62623856e+02,
    1.09714441e+03, 2.73370636e+02, 1.09817896e+03, 3.84397430e+02,
    1.09934436e+03, 4.96095978e+02 ]
