%YAML:1.0
---
points: [ 1.98992218e+02, 5.43793907e+01, 1.90279556e+02, 7.54873199e+01,
    1.81464706e+02, 9.70342636e+01, 1.71626694e+02, 1.18547745e+02,
    1.61457962e+02, 1.40750183e+02, 1.80794830e+02, 5.50681572e+01,
    1.72403931e+02, 7.55304031e+01, 1.63530197e+02, 9.63631744e+01,
    1.54058838e+02, 1.17305725e+02, 1.43702850e+02, 1.38570541e+02,
    1.63964539e+02, 5.58478165e+01, 1.55590775e+02, 7.57132339e+01,
    1.46815079e+02, 9.58320160e+01, 1.37506454e+02, 1.16126625e+02,
    1.27290222e+02, 1.36701797e+02, 1.48433685e+02, 5.68143959e+01,
    1.39794968e+02, 7.55811768e+01, 1.31277008e+02, 9.53060379e+01,
    1.22076889e+02, 1.14907066e+02, 1.12157333e+02, 1.34844681e+02,
    1.33749725e+02, 5.79713631e+01, 1.25144424e+02, 7.59087753e+01,
    1.16590004e+02, 9.47515259e+01, 1.07625534e+02, 1.13977036e+02,
    9.83080978e+01, 1.33382202e+02, 1.20229012e+02, 5.88023033e+01,
    1.11591019e+02, 7.60239563e+01, 1.02656624e+02, 9.41144714e+01,
    9.38971176e+01, 1.12812477e+02, 8.47403488e+01, 1.31847153e+02,
    1.06975235e+02, 5.91662521e+01, 9.84573593e+01, 7.62762222e+01,
    8.98688049e+01, 9.36021042e+01, 8.11320648e+01, 1.11886070e+02,
    7.26850891e+01, 1.30303772e+02 ]
