%YAML:1.0
---
points: [ 3.85857574e+02, 1.58570137e+01, 3.87396942e+02, 3.70590477e+01,
    3.88372894e+02, 5.92711563e+01, 3.89778564e+02, 8.08753433e+01,
    3.90980072e+02, 1.03147774e+02, 3.65047913e+02, 1.50872240e+01,
    3.65956665e+02, 3.68415565e+01, 3.66883820e+02, 5.91315727e+01,
    3.67874664e+02, 8.12933578e+01, 3.69144958e+02, 1.03308167e+02,
    3.42880737e+02, 1.47838717e+01, 3.44147522e+02, 3.67519341e+01,
    3.44915924e+02, 5.91546516e+01, 3.45938782e+02, 8.15424652e+01,
    3.46921570e+02, 1.03848526e+02, 3.21203674e+02, 1.43446121e+01,
    3.22038086e+02, 3.65323906e+01, 3.22996521e+02, 5.93782120e+01,
    3.23696960e+02, 8.19367065e+01, 3.24611786e+02, 1.04302032e+02,
    2.98623291e+02, 1.44338474e+01, 2.99791870e+02, 3.65814781e+01,
    3.00490387e+02, 5.94128647e+01, 3.01228363e+02, 8.22464523e+01,
    3.02044800e+02, 1.05045822e+02, 2.76292297e+02, 1.42312641e+01,
    2.77074066e+02, 3.66074181e+01, 2.78022003e+02, 5.93851128e+01,
    2.78783508e+02, 8.24873657e+01, 2.79471375e+02, 1.05501427e+02,
    2.53526215e+02, 1.42021704e+01, 2.54487823e+02, 3.66148643e+01,
    2.55256149e+02, 5.94608192e+01, 2.55989517e+02, 8.26872330e+01,
    2.56819519e+02, 1.05931061e+02 ]
