%YAML:1.0
---
points: [ 1.02970374e+03, 4.60002556e+01, 1.03027661e+03, 1.17573318e+02,
    1.03041479e+03, 1.89095566e+02, 1.03133545e+03, 2.59582794e+02,
    1.03192175e+03, 3.30436951e+02, 9.58856934e+02, 4.18859634e+01,
    9.59288208e+02, 1.14366951e+02, 9.59392456e+02, 1.86587784e+02,
    9.59763245e+02, 2.57602570e+02, 9.60317993e+02, 3.28697327e+02,
    8.86777527e+02, 3.81637955e+01, 8.87149963e+02, 1.10978035e+02,
    8.87324707e+02, 1.83534683e+02, 8.87484314e+02, 2.55581726e+02,
    8.87597595e+02, 3.27424011e+02, 8.13631104e+02, 3.42257042e+01,
    8.13888611e+02, 1.07006073e+02, 8.14239685e+02, 1.80670044e+02,
    8.14223267e+02, 2.53403763e+02, 8.13929993e+02, 3.25643585e+02,
    7.39371155e+02, 3.05809669e+01, 7.39441345e+02, 1.03471817e+02,
    7.39570435e+02, 1.77387772e+02, 7.39555298e+02, 2.50835022e+02,
    7.39357971e+02, 3.24360870e+02, 6.63702087e+02, 2.62545185e+01,
    6.63630066e+02, 9.96949539e+01, 6.63513489e+02, 1.73541336e+02,
    6.63460876e+02, 2.48125076e+02, 6.63121460e+02, 3.22446747e+02,
    5.86520996e+02, 2.15559368e+01, 5.86257751e+02, 9.54968796e+01,
    5.85919067e+02, 1.70008530e+02, 5.85662842e+02, 2.45039520e+02,
    5.85537231e+02, 3.20340790e+02 ]
