%YAML:1.0
---
points: [ 1.77750830e+03, 7.37737732e+01, 1.78428601e+03, 1.62822617e+02,
    1.79145129e+03, 2.57979279e+02, 1.79705115e+03, 3.57591461e+02,
    1.80306934e+03, 4.64675568e+02, 1.65344421e+03, 1.12533905e+02,
    1.65597437e+03, 1.97770523e+02, 1.65806226e+03, 2.87728058e+02,
    1.65906775e+03, 3.81699799e+02, 1.65873779e+03, 4.81069580e+02,
    1.54328052e+03, 1.48180420e+02, 1.54227246e+03, 2.28847916e+02,
    1.54046741e+03, 3.13826141e+02, 1.53761072e+03, 4.02644745e+02,
    1.53339551e+03, 4.95895721e+02, 1.44534790e+03, 1.80222656e+02,
    1.44121777e+03, 2.56124451e+02, 1.43722144e+03, 3.36956055e+02,
    1.43162402e+03, 4.20899719e+02, 1.42414014e+03, 5.08205627e+02,
    1.35886060e+03, 2.09451935e+02, 1.35207996e+03, 2.81225708e+02,
    1.34568054e+03, 3.57480408e+02, 1.33841553e+03, 4.36997925e+02,
    1.33002637e+03, 5.20007385e+02, 1.28106360e+03, 2.34991882e+02,
    1.27297449e+03, 3.03374603e+02, 1.26415540e+03, 3.75134735e+02,
    1.25578613e+03, 4.50693115e+02, 1.24639111e+03, 5.29508362e+02,
    1.21111157e+03, 2.57341431e+02, 1.20153699e+03, 3.22654755e+02,
    1.19189099e+03, 3.91194733e+02, 1.18241846e+03, 4.62768066e+02,
    1.17269226e+03, 5.38290955e+02 ]
