%YAML:1.0
---
points: [ 3.27662445e+02, 3.94527168e+01, 3.27836121e+02, 6.39158211e+01,
    3.27788422e+02, 8.85512009e+01, 3.28013794e+02, 1.12895485e+02,
    3.28153442e+02, 1.37559647e+02, 3.03499146e+02, 3.77915802e+01,
    3.03516998e+02, 6.26699791e+01, 3.03480164e+02, 8.75126343e+01,
    3.03605316e+02, 1.12209755e+02, 3.03748108e+02, 1.36850281e+02,
    2.78869934e+02, 3.64175415e+01, 2.78948212e+02, 6.13796272e+01,
    2.78908661e+02, 8.65024872e+01, 2.78848938e+02, 1.11451988e+02,
    2.78943024e+02, 1.36324554e+02, 2.54191849e+02, 3.50856895e+01,
    2.54086746e+02, 5.99800110e+01, 2.53906784e+02, 8.53968658e+01,
    2.53879318e+02, 1.10694191e+02, 2.53830688e+02, 1.35631134e+02,
    2.28618790e+02, 3.39405899e+01, 2.28671265e+02, 5.86821327e+01,
    2.28618851e+02, 8.42351456e+01, 2.28431793e+02, 1.09711525e+02,
    2.28309967e+02, 1.35040070e+02, 2.03262161e+02, 3.25250664e+01,
    2.02866959e+02, 5.74395485e+01, 2.02734634e+02, 8.28039322e+01,
    2.02605576e+02, 1.08606499e+02, 2.02326050e+02, 1.34151489e+02,
    1.77010712e+02, 3.10229626e+01, 1.76731445e+02, 5.60056000e+01,
    1.76527008e+02, 8.16413574e+01, 1.76308289e+02, 1.07301460e+02,
    1.76226746e+02, 1.33412567e+02 ]
