%YAML:1.0
---
points: [ 1.03235767e+03, 4.84302483e+01, 1.03257385e+03, 1.19923210e+02,
    1.03260962e+03, 1.92022751e+02, 1.03333411e+03, 2.62700378e+02,
    1.03377246e+03, 3.34197449e+02, 9.61041138e+02, 4.41328697e+01,
    9.61199402e+02, 1.17010811e+02, 9.61300964e+02, 1.89431122e+02,
    9.61570068e+02, 2.60967072e+02, 9.61967651e+02, 3.32415771e+02,
    8.88655151e+02, 4.01814346e+01, 8.88799622e+02, 1.13527702e+02,
    8.89024414e+02, 1.86577728e+02, 8.89217407e+02, 2.58873871e+02,
    8.89183289e+02, 3.30829254e+02, 8.15252808e+02, 3.60939217e+01,
    8.15437561e+02, 1.09404221e+02, 8.15570984e+02, 1.83434219e+02,
    8.15555359e+02, 2.56532501e+02, 8.15273132e+02, 3.29271515e+02,
    7.40433838e+02, 3.26117325e+01, 7.40461304e+02, 1.05904671e+02,
    7.40562927e+02, 1.80274170e+02, 7.40446838e+02, 2.54214539e+02,
    7.40161926e+02, 3.27939178e+02, 6.64458252e+02, 2.82717953e+01,
    6.64345093e+02, 1.02205734e+02, 6.64177917e+02, 1.76420746e+02,
    6.64026428e+02, 2.51132141e+02, 6.63648865e+02, 3.25723175e+02,
    5.86777588e+02, 2.33491344e+01, 5.86458130e+02, 9.75937653e+01,
    5.86254150e+02, 1.72610291e+02, 5.86025574e+02, 2.48211166e+02,
    5.85721313e+02, 3.23793762e+02 ]
