%YAML:1.0
---
points: [ 1.44983472e+03, 2.03623703e+02, 1.47717627e+03, 2.74369324e+02,
    1.50485547e+03, 3.49141663e+02, 1.53833606e+03, 4.25400116e+02,
    1.57366956e+03, 5.06926605e+02, 1.39391431e+03, 1.89789673e+02,
    1.41941760e+03, 2.63917786e+02, 1.44723450e+03, 3.40932556e+02,
    1.47900891e+03, 4.21126495e+02, 1.51541016e+03, 5.04719299e+02,
    1.33244739e+03, 1.75805969e+02, 1.35763745e+03, 2.52328720e+02,
    1.38455530e+03, 3.32603577e+02, 1.41542822e+03, 4.15895752e+02,
    1.45056555e+03, 5.03471863e+02, 1.26612500e+03, 1.60768478e+02,
    1.29141528e+03, 2.39448700e+02, 1.31702246e+03, 3.23265747e+02,
    1.34616260e+03, 4.10343597e+02, 1.38039832e+03, 5.01551086e+02,
    1.19313367e+03, 1.45539551e+02, 1.21821924e+03, 2.25880539e+02,
    1.24303601e+03, 3.12997070e+02, 1.27051172e+03, 4.04221954e+02,
    1.30175476e+03, 5.00585602e+02, 1.11515076e+03, 1.27369232e+02,
    1.13849548e+03, 2.11584900e+02, 1.16375183e+03, 3.00591278e+02,
    1.18894507e+03, 3.96818451e+02, 1.21743823e+03, 4.98355286e+02,
    1.03007532e+03, 1.06781944e+02, 1.05228162e+03, 1.93972961e+02,
    1.07507947e+03, 2.87758087e+02, 1.09926758e+03, 3.88097412e+02,
    1.12459973e+03, 4.96218384e+02 ]
