%YAML:1.0
---
points: [ 2.99303040e+02, 7.47828903e+01, 3.01555450e+02, 9.33234329e+01,
    3.03549164e+02, 1.12593994e+02, 3.06247711e+02, 1.31830872e+02,
    3.08993988e+02, 1.51855164e+02, 2.83443634e+02, 6.83808594e+01,
    2.85224579e+02, 8.77335358e+01, 2.87046112e+02, 1.07492447e+02,
    2.89533478e+02, 1.27556808e+02, 2.92324463e+02, 1.47918167e+02,
    2.66072784e+02, 6.16197243e+01, 2.67803375e+02, 8.15832367e+01,
    2.69578949e+02, 1.01945930e+02, 2.71651428e+02, 1.22744858e+02,
    2.74135956e+02, 1.43840897e+02, 2.47682022e+02, 5.45165405e+01,
    2.49305206e+02, 7.46886292e+01, 2.50675079e+02, 9.60482712e+01,
    2.52478134e+02, 1.17532730e+02, 2.54720703e+02, 1.39320755e+02,
    2.27489548e+02, 4.70026779e+01, 2.29139420e+02, 6.76913223e+01,
    2.30358780e+02, 8.95194702e+01, 2.31801163e+02, 1.11849525e+02,
    2.33415421e+02, 1.34765869e+02, 2.06210083e+02, 3.88563232e+01,
    2.07303009e+02, 6.00326080e+01, 2.08489975e+02, 8.21528702e+01,
    2.09516754e+02, 1.05481705e+02, 2.10799713e+02, 1.29238663e+02,
    1.83107834e+02, 2.99000931e+01, 1.84096786e+02, 5.17143288e+01,
    1.84679596e+02, 7.45864868e+01, 1.85453674e+02, 9.85538483e+01,
    1.86122879e+02, 1.23586510e+02 ]
