%YAML:1.0
---
points: [ 9.69627563e+02, 1.47788406e+02, 9.74463928e+02, 2.02433517e+02,
    9.78985657e+02, 2.58434753e+02, 9.85461670e+02, 3.13933075e+02,
    9.91869873e+02, 3.71549835e+02, 9.19637878e+02, 1.29246521e+02,
    9.23504395e+02, 1.85935898e+02, 9.27595093e+02, 2.43634323e+02,
    9.33104675e+02, 3.01514496e+02, 9.39546082e+02, 3.60409454e+02,
    8.65817932e+02, 1.09814987e+02, 8.69281128e+02, 1.68198868e+02,
    8.72764221e+02, 2.27581161e+02, 8.77307739e+02, 2.87604340e+02,
    8.82618958e+02, 3.48803772e+02, 8.07811951e+02, 8.89942245e+01,
    8.11203918e+02, 1.48601959e+02, 8.13584717e+02, 2.10532410e+02,
    8.17245361e+02, 2.72842529e+02, 8.21819702e+02, 3.36132965e+02,
    7.45012329e+02, 6.72498322e+01, 7.48013000e+02, 1.28311798e+02,
    7.49897949e+02, 1.91780823e+02, 7.52477722e+02, 2.56709778e+02,
    7.55277527e+02, 3.23265472e+02, 6.77772644e+02, 4.27957039e+01,
    6.79690979e+02, 1.05969467e+02, 6.81401489e+02, 1.71092590e+02,
    6.82446655e+02, 2.38705292e+02, 6.84208984e+02, 3.08013092e+02,
    6.05415894e+02, 1.62685928e+01, 6.05932007e+02, 8.14874725e+01,
    6.06379822e+02, 1.48916794e+02, 6.06507629e+02, 2.19048401e+02,
    6.06371399e+02, 2.91658417e+02 ]
