%YAML:1.0
---
points: [ 9.67707642e+02, 1.53788177e+02, 9.73372314e+02, 2.07178665e+02,
    9.78389221e+02, 2.61781464e+02, 9.85515381e+02, 3.16611237e+02,
    9.92528809e+02, 3.73349823e+02, 9.18023499e+02, 1.35357773e+02,
    9.22478455e+02, 1.90584885e+02, 9.27218445e+02, 2.46925537e+02,
    9.33156006e+02, 3.03732819e+02, 9.40178345e+02, 3.61634918e+02,
    8.64536743e+02, 1.15975838e+02, 8.68436890e+02, 1.72766632e+02,
    8.72465820e+02, 2.30837051e+02, 8.77410950e+02, 2.89974792e+02,
    8.83369995e+02, 3.50108002e+02, 8.06821960e+02, 9.52848206e+01,
    8.10761230e+02, 1.53344360e+02, 8.13536560e+02, 2.13668854e+02,
    8.17661621e+02, 2.74812317e+02, 8.22565613e+02, 3.37216309e+02,
    7.44628662e+02, 7.35351028e+01, 7.47815735e+02, 1.32799210e+02,
    7.50220642e+02, 1.94762405e+02, 7.53188843e+02, 2.58569427e+02,
    7.56269592e+02, 3.23712738e+02, 6.77949951e+02, 4.92219772e+01,
    6.80045837e+02, 1.10547157e+02, 6.82048706e+02, 1.73827850e+02,
    6.83490601e+02, 2.40162033e+02, 6.85409180e+02, 3.08245331e+02,
    6.06323914e+02, 2.26003628e+01, 6.06879639e+02, 8.57857361e+01,
    6.07553589e+02, 1.51463333e+02, 6.07739624e+02, 2.19938141e+02,
    6.07698120e+02, 2.91464233e+02 ]
