%YAML:1.0
---
points: [ 1.31815625e+03, 5.04299255e+02, 1.31903491e+03, 6.29292053e+02,
    1.31946069e+03, 7.52402954e+02, 1.32241797e+03, 8.75691833e+02,
    1.32525000e+03, 9.99048706e+02, 1.19620447e+03, 5.07831024e+02,
    1.19714270e+03, 6.33952881e+02, 1.19846912e+03, 7.58205750e+02,
    1.20153857e+03, 8.82468262e+02, 1.20528418e+03, 1.00786841e+03,
    1.07113733e+03, 5.11604980e+02, 1.07339429e+03, 6.39018188e+02,
    1.07559827e+03, 7.64524597e+02, 1.07857654e+03, 8.89471130e+02,
    1.08225964e+03, 1.01637201e+03, 9.43465271e+02, 5.14969727e+02,
    9.47086548e+02, 6.44351685e+02, 9.49913086e+02, 7.70780151e+02,
    9.53508057e+02, 8.97137512e+02, 9.56809265e+02, 1.02500879e+03,
    8.12670593e+02, 5.18697266e+02, 8.17300171e+02, 6.49355469e+02,
    8.21568420e+02, 7.77501831e+02, 8.25388611e+02, 9.05045837e+02,
    8.28997742e+02, 1.03320203e+03, 6.79043762e+02, 5.22534668e+02,
    6.84379517e+02, 6.54600220e+02, 6.89190979e+02, 7.85432251e+02,
    6.93830444e+02, 9.14086243e+02, 6.97910278e+02, 1.04290393e+03,
    5.40533936e+02, 5.26276672e+02, 5.46744751e+02, 6.60565552e+02,
    5.52667358e+02, 7.93011597e+02, 5.58396484e+02, 9.23790588e+02,
    5.64354553e+02, 1.05241724e+03 ]
