%YAML:1.0
---
points: [ 3.39561859e+02, 4.49326134e+01, 3.44706177e+02, 6.13730545e+01,
    3.49569427e+02, 7.87727203e+01, 3.55251495e+02, 9.57639923e+01,
    3.60837921e+02, 1.13500595e+02, 3.26251404e+02, 4.08233070e+01,
    3.30847778e+02, 5.82457008e+01, 3.35753143e+02, 7.58700333e+01,
    3.41294739e+02, 9.36738510e+01, 3.47274231e+02, 1.11640190e+02,
    3.11538940e+02, 3.68333931e+01, 3.16493958e+02, 5.47622299e+01,
    3.21297272e+02, 7.29653931e+01, 3.26566559e+02, 9.12720108e+01,
    3.32383026e+02, 1.09910553e+02, 2.96227509e+02, 3.27196999e+01,
    3.01141235e+02, 5.07930679e+01, 3.05927185e+02, 6.98750305e+01,
    3.10988617e+02, 8.87798920e+01, 3.16791656e+02, 1.07991676e+02,
    2.79410034e+02, 2.84047508e+01, 2.84652405e+02, 4.69187508e+01,
    2.89340912e+02, 6.63086548e+01, 2.94338257e+02, 8.61754684e+01,
    2.99765961e+02, 1.06248604e+02, 2.61889404e+02, 2.35776081e+01,
    2.66676056e+02, 4.26873665e+01, 2.71878265e+02, 6.24063530e+01,
    2.76736755e+02, 8.30599213e+01, 2.81907654e+02, 1.04049339e+02,
    2.43002792e+02, 1.83803291e+01, 2.48030441e+02, 3.78771286e+01,
    2.52929047e+02, 5.84371910e+01, 2.57929504e+02, 7.97567520e+01,
    2.62711945e+02, 1.01707619e+02 ]
