%YAML:1.0
---
points: [ 3.53690765e+02, 3.86117020e+01, 3.48540863e+02, 6.22730904e+01,
    3.42967377e+02, 8.66445465e+01, 3.36552246e+02, 1.11110611e+02,
    3.30058228e+02, 1.36359406e+02, 3.30504791e+02, 4.42874107e+01,
    3.25153900e+02, 6.72027893e+01, 3.19664948e+02, 9.05730362e+01,
    3.13459839e+02, 1.14137375e+02, 3.06739960e+02, 1.37913651e+02,
    3.09241058e+02, 4.95383224e+01, 3.04029449e+02, 7.17277298e+01,
    2.98483887e+02, 9.40629196e+01, 2.92538177e+02, 1.16737892e+02,
    2.85929596e+02, 1.39567459e+02, 2.89892639e+02, 5.45183525e+01,
    2.84529083e+02, 7.56431656e+01, 2.79235809e+02, 9.73620987e+01,
    2.73388519e+02, 1.19032349e+02, 2.67023743e+02, 1.40885147e+02,
    2.72253052e+02, 5.95722961e+01, 2.66726624e+02, 7.95227966e+01,
    2.61452148e+02, 1.00274788e+02, 2.55886475e+02, 1.21126968e+02,
    2.49954514e+02, 1.42231995e+02, 2.55894470e+02, 6.37099686e+01,
    2.50446625e+02, 8.30509186e+01, 2.44887604e+02, 1.02660065e+02,
    2.39408661e+02, 1.22925224e+02, 2.33742722e+02, 1.43279297e+02,
    2.40434616e+02, 6.75127563e+01, 2.35236755e+02, 8.60353851e+01,
    2.29819992e+02, 1.04993942e+02, 2.24425262e+02, 1.24581337e+02,
    2.19105270e+02, 1.44267761e+02 ]
