%YAML:1.0
---
points: [ 7.34499878e+02, 3.50861969e+02, 7.50551392e+02, 2.93607574e+02,
    7.66486816e+02, 2.37669769e+02, 7.82670654e+02, 1.82600449e+02,
    7.98695801e+02, 1.28665054e+02, 7.72776367e+02, 3.47902679e+02,
    7.90273987e+02, 2.88751984e+02, 8.06308105e+02, 2.30526749e+02,
    8.22995056e+02, 1.73604523e+02, 8.39215027e+02, 1.17709404e+02,
    8.14873352e+02, 3.44734161e+02, 8.32848450e+02, 2.83681122e+02,
    8.49609009e+02, 2.23388855e+02, 8.65618774e+02, 1.63435684e+02,
    8.82235229e+02, 1.05317940e+02, 8.59235596e+02, 3.40483337e+02,
    8.78600647e+02, 2.77467560e+02, 8.96282349e+02, 2.14682388e+02,
    9.11850037e+02, 1.51904816e+02, 9.28345703e+02, 9.10856018e+01,
    9.08368958e+02, 3.36443237e+02, 9.28392761e+02, 2.70708588e+02,
    9.46408081e+02, 2.05320679e+02, 9.63164856e+02, 1.40342453e+02,
    9.78989075e+02, 7.60027771e+01, 9.62295776e+02, 3.31718170e+02,
    9.82767029e+02, 2.62955841e+02, 1.00161035e+03, 1.95135742e+02,
    1.01842615e+03, 1.27091805e+02, 1.03459338e+03, 5.97133217e+01,
    1.02258966e+03, 3.27217743e+02, 1.04265039e+03, 2.54483276e+02,
    1.06237048e+03, 1.83454437e+02, 1.07935999e+03, 1.12091858e+02,
    1.09629712e+03, 4.23794518e+01 ]
