%YAML:1.0
---
points: [ 4.83593567e+02, 4.53432465e+01, 4.85956818e+02, 6.79985352e+01,
    4.87506134e+02, 9.17248917e+01, 4.89582123e+02, 1.15137199e+02,
    4.91268951e+02, 1.39735214e+02, 4.62852386e+02, 4.26424675e+01,
    4.64315125e+02, 6.60417709e+01, 4.65577148e+02, 8.97869797e+01,
    4.67102081e+02, 1.14160423e+02, 4.68814728e+02, 1.38453415e+02,
    4.40285187e+02, 4.05294762e+01, 4.41569672e+02, 6.41186600e+01,
    4.42692139e+02, 8.87009354e+01, 4.43714294e+02, 1.13118980e+02,
    4.45041290e+02, 1.37833496e+02, 4.17317505e+02, 3.85723991e+01,
    4.18420044e+02, 6.25918198e+01, 4.18949799e+02, 8.73786087e+01,
    4.19625610e+02, 1.12266846e+02, 4.20478973e+02, 1.37260635e+02,
    3.93194763e+02, 3.72020264e+01, 3.94218903e+02, 6.13311195e+01,
    3.94464600e+02, 8.63715286e+01, 3.94903259e+02, 1.11535690e+02,
    3.95335510e+02, 1.36918549e+02, 3.68959259e+02, 3.57555923e+01,
    3.69357544e+02, 6.04033012e+01, 3.69932281e+02, 8.54005661e+01,
    3.69981506e+02, 1.10903412e+02, 3.70108398e+02, 1.36448914e+02,
    3.43997284e+02, 3.44898758e+01, 3.44697662e+02, 5.94217758e+01,
    3.44733002e+02, 8.45586624e+01, 3.44789734e+02, 1.10232475e+02,
    3.44624237e+02, 1.36138947e+02 ]
