%YAML:1.0
---
points: [ 1.30944958e+03, 5.96888855e+02, 1.31238123e+03, 6.82731567e+02,
    1.31563489e+03, 7.76610840e+02, 1.31998389e+03, 8.77654724e+02,
    1.32456201e+03, 9.89713928e+02, 1.21618774e+03, 5.88862976e+02,
    1.21509277e+03, 6.74151062e+02, 1.21366956e+03, 7.66090576e+02,
    1.21303467e+03, 8.65502380e+02, 1.21241626e+03, 9.75111023e+02,
    1.12496594e+03, 5.81597046e+02, 1.12032263e+03, 6.65455078e+02,
    1.11533948e+03, 7.55651062e+02, 1.10961682e+03, 8.53669250e+02,
    1.10371692e+03, 9.60772888e+02, 1.03628894e+03, 5.74890747e+02,
    1.02810632e+03, 6.56609131e+02, 1.01913562e+03, 7.45931458e+02,
    1.00934180e+03, 8.42112854e+02, 9.98148743e+02, 9.47369385e+02,
    9.49378479e+02, 5.68673767e+02, 9.37725525e+02, 6.48902832e+02,
    9.25385437e+02, 7.36372253e+02, 9.11493469e+02, 8.31110535e+02,
    8.96088867e+02, 9.34528809e+02, 8.64494690e+02, 5.61837646e+02,
    8.49615173e+02, 6.40906433e+02, 8.33366028e+02, 7.26552063e+02,
    8.16087463e+02, 8.20052551e+02, 7.96307434e+02, 9.22309021e+02,
    7.81201965e+02, 5.54816956e+02, 7.63257996e+02, 6.32915710e+02,
    7.43671570e+02, 7.17465759e+02, 7.22514954e+02, 8.09465454e+02,
    6.99206787e+02, 9.10320801e+02 ]
