%YAML:1.0
---
points: [ 4.50795410e+02, 6.38477974e+01, 4.54566284e+02, 8.33061829e+01,
    4.57890686e+02, 1.04276161e+02, 4.62183411e+02, 1.24627159e+02,
    4.66444000e+02, 1.46270309e+02, 4.36682770e+02, 5.85193596e+01,
    4.39836273e+02, 7.93093262e+01, 4.43133942e+02, 1.00255058e+02,
    4.47093536e+02, 1.21759872e+02, 4.51381805e+02, 1.43376358e+02,
    4.21006073e+02, 5.35897217e+01, 4.24285370e+02, 7.45755997e+01,
    4.27393066e+02, 9.63691483e+01, 4.30954987e+02, 1.18381004e+02,
    4.35131989e+02, 1.41037994e+02, 4.04542328e+02, 4.81439209e+01,
    4.07718018e+02, 6.98639679e+01, 4.10438324e+02, 9.21179962e+01,
    4.13830841e+02, 1.15064499e+02, 4.17806702e+02, 1.38197510e+02,
    3.86342529e+02, 4.28988571e+01, 3.89787903e+02, 6.48023071e+01,
    3.92577942e+02, 8.79240112e+01, 3.95578705e+02, 1.11591515e+02,
    3.98812531e+02, 1.35558334e+02, 3.67758820e+02, 3.68739853e+01,
    3.70672150e+02, 5.97500992e+01, 3.73768219e+02, 8.32515717e+01,
    3.76382660e+02, 1.07564926e+02, 3.79095917e+02, 1.32396912e+02,
    3.47773804e+02, 3.07740173e+01, 3.50800323e+02, 5.41499786e+01,
    3.53357086e+02, 7.83957901e+01, 3.55829468e+02, 1.03469872e+02,
    3.58095184e+02, 1.29371719e+02 ]
