%YAML:1.0
---
points: [ 1.40848352e+03, 1.07625732e+02, 1.41659094e+03, 1.67247849e+02,
    1.42403369e+03, 2.28495667e+02, 1.43439355e+03, 2.89062531e+02,
    1.44475757e+03, 3.51458282e+02, 1.36179529e+03, 9.43579941e+01,
    1.36874304e+03, 1.56164871e+02, 1.37605762e+03, 2.18568619e+02,
    1.38548230e+03, 2.81389069e+02, 1.39639392e+03, 3.44732971e+02,
    1.31198010e+03, 8.09208527e+01, 1.31853210e+03, 1.44247787e+02,
    1.32581360e+03, 2.08333740e+02, 1.33408777e+03, 2.72719727e+02,
    1.34427026e+03, 3.38328033e+02, 1.25926465e+03, 6.67444000e+01,
    1.26631946e+03, 1.31056274e+02, 1.27255017e+03, 1.97430557e+02,
    1.28027991e+03, 2.63939697e+02, 1.28972681e+03, 3.31006805e+02,
    1.20269788e+03, 5.25071220e+01, 1.21038696e+03, 1.18097549e+02,
    1.21637598e+03, 1.85753052e+02, 1.22311182e+03, 2.54492767e+02,
    1.23094006e+03, 3.24124237e+02, 1.14393066e+03, 3.63200684e+01,
    1.15061255e+03, 1.03786850e+02, 1.15758899e+03, 1.72643021e+02,
    1.16359558e+03, 2.43810959e+02, 1.17026733e+03, 3.15698853e+02,
    1.08207361e+03, 1.88246288e+01, 1.08847754e+03, 8.81092224e+01,
    1.09455847e+03, 1.59522812e+02, 1.10018042e+03, 2.32496155e+02,
    1.10563208e+03, 3.07265076e+02 ]
