%YAML:1.0
---
points: [ 1.32189001e+03, 5.15246033e+02, 1.32425708e+03, 6.60427673e+02,
    1.32643640e+03, 7.98074768e+02, 1.32980432e+03, 9.32412170e+02,
    1.33283105e+03, 1.06167371e+03, 1.16810852e+03, 5.24411804e+02,
    1.17411804e+03, 6.66574280e+02, 1.17987683e+03, 8.01628052e+02,
    1.18622644e+03, 9.33445679e+02, 1.19198840e+03, 1.06224500e+03,
    1.01947198e+03, 5.33298096e+02, 1.02915442e+03, 6.72662537e+02,
    1.03847937e+03, 8.05815063e+02, 1.04710815e+03, 9.34526733e+02,
    1.05525452e+03, 1.06143970e+03, 8.75695923e+02, 5.41361938e+02,
    8.88971619e+02, 6.79527527e+02, 9.01584167e+02, 8.09628967e+02,
    9.12871460e+02, 9.36306152e+02, 9.22817322e+02, 1.06120239e+03,
    7.37121338e+02, 5.49283264e+02, 7.52730774e+02, 6.85300476e+02,
    7.68316040e+02, 8.13850464e+02, 7.82137329e+02, 9.38259888e+02,
    7.95115051e+02, 1.05941956e+03, 6.01350220e+02, 5.56899719e+02,
    6.19799133e+02, 6.91053894e+02, 6.37296021e+02, 8.19280579e+02,
    6.54467712e+02, 9.41170288e+02, 6.69961670e+02, 1.05938831e+03,
    4.68168060e+02, 5.65031006e+02, 4.89368073e+02, 6.97381104e+02,
    5.09684784e+02, 8.23734253e+02, 5.29471191e+02, 9.44357483e+02,
    5.48955322e+02, 1.05908179e+03 ]
