%YAML:1.0
---
points: [ 1.57138153e+02, 7.01406527e+00, 1.54882843e+02, 3.19408894e+01,
    1.52862167e+02, 5.71545105e+01, 1.50128159e+02, 8.18277054e+01,
    1.47480362e+02, 1.06459335e+02, 1.40353958e+02, 1.07618484e+01,
    1.38246002e+02, 3.48400688e+01, 1.36418793e+02, 5.89924774e+01,
    1.33917282e+02, 8.29157944e+01, 1.31074341e+02, 1.06662766e+02,
    1.24598129e+02, 1.45554419e+01, 1.22874847e+02, 3.76396599e+01,
    1.20887947e+02, 6.09229240e+01, 1.18801323e+02, 8.39764175e+01,
    1.16032089e+02, 1.06944443e+02, 1.10577911e+02, 1.80616684e+01,
    1.08102936e+02, 4.02254524e+01, 1.06652061e+02, 6.27445259e+01,
    1.04544861e+02, 8.50119781e+01, 1.02044952e+02, 1.07246422e+02,
    9.71531754e+01, 2.15658512e+01, 9.49480438e+01, 4.27764397e+01,
    9.31555328e+01, 6.43813019e+01, 9.14043808e+01, 8.61555252e+01,
    8.93737793e+01, 1.07675331e+02, 8.48847275e+01, 2.47706318e+01,
    8.23429871e+01, 4.52514343e+01, 8.02668228e+01, 6.60617065e+01,
    7.86364441e+01, 8.69777756e+01, 7.69411545e+01, 1.07820999e+02,
    7.28899384e+01, 2.76531601e+01, 7.08029404e+01, 4.76909561e+01,
    6.85747833e+01, 6.75019989e+01, 6.70330429e+01, 8.80148621e+01,
    6.56205444e+01, 1.08225769e+02 ]
