%YAML:1.0
---
points: [ 1.41869659e+02, 3.95000763e+01, 1.39775696e+02, 6.38882599e+01,
    1.38023590e+02, 8.87318268e+01, 1.35552414e+02, 1.13264954e+02,
    1.33101486e+02, 1.38281540e+02, 1.20063065e+02, 4.17876053e+01,
    1.18004662e+02, 6.58039627e+01, 1.16173180e+02, 8.99137344e+01,
    1.13695259e+02, 1.14168961e+02, 1.10844864e+02, 1.38402054e+02,
    9.93410110e+01, 4.43680077e+01, 9.73556137e+01, 6.75825958e+01,
    9.52972412e+01, 9.11893616e+01, 9.28051376e+01, 1.14958397e+02,
    8.98737717e+01, 1.38927505e+02, 8.00667725e+01, 4.67611465e+01,
    7.74425049e+01, 6.93746109e+01, 7.53268738e+01, 9.25350113e+01,
    7.28265533e+01, 1.15799873e+02, 6.98360748e+01, 1.39283218e+02,
    6.17735138e+01, 4.95176125e+01, 5.88736572e+01, 7.14364395e+01,
    5.63544884e+01, 9.38950882e+01, 5.38877907e+01, 1.16834320e+02,
    5.11820869e+01, 1.39819702e+02, 4.44129982e+01, 5.22409935e+01,
    4.11530228e+01, 7.34490204e+01, 3.81570663e+01, 9.54720001e+01,
    3.57041740e+01, 1.17713387e+02, 3.30566216e+01, 1.40535889e+02,
    2.76630821e+01, 5.48867416e+01, 2.44856491e+01, 7.57236481e+01,
    2.13178730e+01, 9.69188004e+01, 1.86624317e+01, 1.18906013e+02,
    1.63704510e+01, 1.40965759e+02 ]
