%YAML:1.0
---
points: [ 1.85715149e+03, 4.83769470e+02, 1.86404163e+03, 5.95178406e+02,
    1.86945618e+03, 7.06613098e+02, 1.87948682e+03, 8.20231628e+02,
    1.88865503e+03, 9.35269958e+02, 1.75285303e+03, 4.85580902e+02,
    1.75799207e+03, 5.97312683e+02, 1.76356396e+03, 7.09942200e+02,
    1.77167615e+03, 8.23875732e+02, 1.78187537e+03, 9.40699341e+02,
    1.64477881e+03, 4.87192169e+02, 1.64973193e+03, 5.99541992e+02,
    1.65541077e+03, 7.12867981e+02, 1.66264490e+03, 8.27768494e+02,
    1.67157825e+03, 9.44669189e+02, 1.53462964e+03, 4.88928314e+02,
    1.54053796e+03, 6.01862610e+02, 1.54489539e+03, 7.15468079e+02,
    1.55143164e+03, 8.30812378e+02, 1.55980261e+03, 9.49124390e+02,
    1.42239502e+03, 4.91396759e+02, 1.42837378e+03, 6.03827759e+02,
    1.43315393e+03, 7.18220520e+02, 1.43843823e+03, 8.33662659e+02,
    1.44500073e+03, 9.51785889e+02, 1.31092603e+03, 4.93024872e+02,
    1.31590234e+03, 6.06307434e+02, 1.32107007e+03, 7.20644897e+02,
    1.32546826e+03, 8.36837585e+02, 1.33066614e+03, 9.55054504e+02,
    1.19944287e+03, 4.94994385e+02, 1.20355188e+03, 6.08331360e+02,
    1.20774841e+03, 7.23359985e+02, 1.21181824e+03, 8.39669434e+02,
    1.21571204e+03, 9.58163208e+02 ]
