%YAML:1.0
---
points: [ 2.73809845e+02, 2.28475018e+01, 2.74240692e+02, 3.29868660e+01,
    2.74314026e+02, 4.34183159e+01, 2.74612335e+02, 5.36214676e+01,
    2.74626007e+02, 6.38855133e+01, 2.63641968e+02, 2.27634144e+01,
    2.63613617e+02, 3.30142517e+01, 2.63810822e+02, 4.34484673e+01,
    2.63806244e+02, 5.36949921e+01, 2.64060150e+02, 6.39509964e+01,
    2.52717163e+02, 2.26907425e+01, 2.53088593e+02, 3.30355186e+01,
    2.53049164e+02, 4.33723373e+01, 2.53394577e+02, 5.37212677e+01,
    2.53490128e+02, 6.40033646e+01, 2.42420700e+02, 2.27176228e+01,
    2.42418030e+02, 3.29309616e+01, 2.42707336e+02, 4.33423462e+01,
    2.42715103e+02, 5.37180290e+01, 2.42793701e+02, 6.39988556e+01,
    2.31636703e+02, 2.28049488e+01, 2.31879700e+02, 3.29108047e+01,
    2.31820969e+02, 4.32794075e+01, 2.31997818e+02, 5.37272644e+01,
    2.32077744e+02, 6.41109772e+01, 2.21170944e+02, 2.27650833e+01,
    2.21027679e+02, 3.29304695e+01, 2.21407486e+02, 4.32165298e+01,
    2.21362900e+02, 5.37319984e+01, 2.21565704e+02, 6.41670303e+01,
    2.10446396e+02, 2.27575893e+01, 2.10727036e+02, 3.28541107e+01,
    2.10642197e+02, 4.31133118e+01, 2.10743347e+02, 5.36648026e+01,
    2.10662888e+02, 6.41412125e+01 ]
