%YAML:1.0
---
points: [ 1.73372729e+03, 4.97077057e+02, 1.74046802e+03, 5.95220520e+02,
    1.74590271e+03, 6.93860474e+02, 1.75671399e+03, 7.94303894e+02,
    1.76685876e+03, 8.95764893e+02, 1.68416516e+03, 4.93861420e+02,
    1.68937500e+03, 5.96857117e+02, 1.69509827e+03, 7.00619690e+02,
    1.70489502e+03, 8.05678650e+02, 1.71736011e+03, 9.13060913e+02,
    1.62754199e+03, 4.90822937e+02, 1.63289453e+03, 5.98675964e+02,
    1.63933008e+03, 7.07938293e+02, 1.64820483e+03, 8.18466187e+02,
    1.66032458e+03, 9.31315247e+02, 1.56440137e+03, 4.87218414e+02,
    1.57172522e+03, 6.01017395e+02, 1.57664917e+03, 7.15841675e+02,
    1.58547119e+03, 8.32545654e+02, 1.59761816e+03, 9.52023987e+02,
    1.49233215e+03, 4.83563782e+02, 1.50125220e+03, 6.03195129e+02,
    1.50731604e+03, 7.24652954e+02, 1.51476917e+03, 8.47769165e+02,
    1.52466626e+03, 9.73606506e+02, 1.41416333e+03, 4.79296112e+02,
    1.42236853e+03, 6.05988953e+02, 1.43085010e+03, 7.34472839e+02,
    1.43747925e+03, 8.65508789e+02, 1.44558057e+03, 9.98843628e+02,
    1.32739832e+03, 4.74413391e+02, 1.33544934e+03, 6.08481323e+02,
    1.34330688e+03, 7.45721558e+02, 1.35002612e+03, 8.85013367e+02,
    1.35636975e+03, 1.02713342e+03 ]
