%YAML:1.0
---
points: [ 1.93136383e+02, 1.29054382e+02, 1.86824585e+02, 1.42709381e+02,
    1.80036880e+02, 1.57183716e+02, 1.73215622e+02, 1.71952744e+02,
    1.65819992e+02, 1.87701965e+02, 1.78233810e+02, 1.17045189e+02,
    1.71151199e+02, 1.30920914e+02, 1.63669220e+02, 1.45308258e+02,
    1.56068756e+02, 1.60374313e+02, 1.48252991e+02, 1.76131592e+02,
    1.62369400e+02, 1.04534874e+02, 1.54637527e+02, 1.18405556e+02,
    1.46560532e+02, 1.32931946e+02, 1.38119492e+02, 1.48161011e+02,
    1.29290192e+02, 1.64072891e+02, 1.45669205e+02, 9.13878860e+01,
    1.37334808e+02, 1.05227264e+02, 1.28472198e+02, 1.19924088e+02,
    1.19118721e+02, 1.35157959e+02, 1.09559570e+02, 1.51187302e+02,
    1.28074203e+02, 7.78906555e+01, 1.19124466e+02, 9.14829865e+01,
    1.09462723e+02, 1.06134682e+02, 9.92930832e+01, 1.21538223e+02,
    8.84217300e+01, 1.37813477e+02, 1.09864891e+02, 6.37862206e+01,
    1.00177666e+02, 7.72311478e+01, 8.98123245e+01, 9.16520538e+01,
    7.86910934e+01, 1.07096901e+02, 6.68647995e+01, 1.23465874e+02,
    9.12104950e+01, 4.90736351e+01, 8.06742249e+01, 6.25509224e+01,
    6.93931427e+01, 7.67434540e+01, 5.72820702e+01, 9.21242828e+01,
    4.45576248e+01, 1.08674667e+02 ]
