%YAML:1.0
---
points: [ 6.73322388e+02, 3.07043549e+02, 6.52599731e+02, 3.46878906e+02,
    6.30451477e+02, 3.88916046e+02, 6.08212219e+02, 4.32218506e+02,
    5.84280029e+02, 4.78106812e+02, 6.27269226e+02, 2.72441864e+02,
    6.04335083e+02, 3.12848724e+02, 5.80290710e+02, 3.55264282e+02,
    5.55622803e+02, 3.98896698e+02, 5.29802979e+02, 4.44804352e+02,
    5.78188538e+02, 2.36268768e+02, 5.53413635e+02, 2.76818451e+02,
    5.27250732e+02, 3.19355255e+02, 5.00054596e+02, 3.63659882e+02,
    4.71531952e+02, 4.09921509e+02, 5.26373840e+02, 1.98068039e+02,
    4.99786041e+02, 2.38447830e+02, 4.71276306e+02, 2.81532959e+02,
    4.41399292e+02, 3.26208771e+02, 4.09978424e+02, 3.72929810e+02,
    4.71368469e+02, 1.58253983e+02, 4.42728149e+02, 1.98244614e+02,
    4.11761261e+02, 2.41202347e+02, 3.78940399e+02, 2.86365967e+02,
    3.44321289e+02, 3.33785370e+02, 4.13627441e+02, 1.15567947e+02,
    3.82356232e+02, 1.55609390e+02, 3.48971100e+02, 1.98136169e+02,
    3.13168854e+02, 2.43569977e+02, 2.75181549e+02, 2.91582611e+02,
    3.52895691e+02, 7.04451370e+01, 3.18907837e+02, 1.10336586e+02,
    2.82568207e+02, 1.52845963e+02, 2.43629532e+02, 1.98460022e+02,
    2.02000290e+02, 2.47257935e+02 ]
