%YAML:1.0
---
points: [ 2.70862823e+02, 1.63518581e+01, 2.71405243e+02, 2.69209080e+01,
    2.71702454e+02, 3.76523743e+01, 2.71772766e+02, 4.84127998e+01,
    2.71650909e+02, 5.90402489e+01, 2.60938019e+02, 1.86989536e+01,
    2.61057800e+02, 2.92869186e+01, 2.61515442e+02, 3.98472176e+01,
    2.61601990e+02, 5.05248032e+01, 2.61644012e+02, 6.10983849e+01,
    2.50797104e+02, 2.11635475e+01, 2.51374512e+02, 3.15817051e+01,
    2.51584213e+02, 4.21057014e+01, 2.51741348e+02, 5.25843391e+01,
    2.51591583e+02, 6.31310654e+01, 2.41519440e+02, 2.34090137e+01,
    2.41565216e+02, 3.38203621e+01, 2.41837753e+02, 4.42818375e+01,
    2.41831451e+02, 5.46701164e+01, 2.41840393e+02, 6.50729752e+01,
    2.31792587e+02, 2.59763393e+01, 2.32077469e+02, 3.59839478e+01,
    2.32291702e+02, 4.63840714e+01, 2.32630859e+02, 5.66910934e+01,
    2.32661469e+02, 6.69710693e+01, 2.22856537e+02, 2.81248894e+01,
    2.22745956e+02, 3.81863518e+01, 2.22911575e+02, 4.83482628e+01,
    2.23079895e+02, 5.86232224e+01, 2.23266602e+02, 6.88247452e+01,
    2.13594528e+02, 3.04242249e+01, 2.13732803e+02, 4.02166443e+01,
    2.13781738e+02, 5.02776871e+01, 2.13973343e+02, 6.04427910e+01,
    2.14188812e+02, 7.06945114e+01 ]
