%YAML:1.0
---
points: [ 1.72012253e+02, 2.80147156e+02, 1.71538269e+02, 3.02881104e+02,
    1.71212769e+02, 3.25402863e+02, 1.70578537e+02, 3.48273407e+02,
    1.70049332e+02, 3.70987396e+02, 1.49553635e+02, 2.79307007e+02,
    1.49285370e+02, 3.01912018e+02, 1.49110123e+02, 3.24296051e+02,
    1.48433167e+02, 3.46974213e+02, 1.47668594e+02, 3.69434814e+02,
    1.27279778e+02, 2.78550964e+02, 1.27209183e+02, 3.00883575e+02,
    1.27021706e+02, 3.23328857e+02, 1.26725166e+02, 3.45499664e+02,
    1.26216072e+02, 3.67945526e+02, 1.05465874e+02, 2.77622864e+02,
    1.05296173e+02, 3.00041138e+02, 1.05524078e+02, 3.22012451e+02,
    1.05440331e+02, 3.44011353e+02, 1.04957474e+02, 3.66203918e+02,
    8.42371216e+01, 2.76610992e+02, 8.40940323e+01, 2.98894440e+02,
    8.41768723e+01, 3.20690338e+02, 8.42339020e+01, 3.42388214e+02,
    8.45081329e+01, 3.64065338e+02, 6.31823883e+01, 2.75607178e+02,
    6.31583519e+01, 2.97677826e+02, 6.31991081e+01, 3.19421478e+02,
    6.36470146e+01, 3.40954926e+02, 6.40470352e+01, 3.61937042e+02,
    4.26282425e+01, 2.74527679e+02, 4.28458977e+01, 2.96487183e+02,
    4.31505547e+01, 3.17795990e+02, 4.38993683e+01, 3.39180359e+02,
    4.49604454e+01, 3.59685913e+02 ]
