%YAML:1.0
---
points: [ 5.92784363e+02, 7.46077026e+02, 5.92335327e+02, 8.12165100e+02,
    5.92031372e+02, 8.77320190e+02, 5.90377625e+02, 9.43777344e+02,
    5.88482544e+02, 1.01037598e+03, 5.27908997e+02, 7.44395447e+02,
    5.28165588e+02, 8.09628235e+02, 5.27885071e+02, 8.74920166e+02,
    5.26546814e+02, 9.40564819e+02, 5.24095459e+02, 1.00722375e+03,
    4.63960846e+02, 7.42394348e+02, 4.64313263e+02, 8.07483826e+02,
    4.64269775e+02, 8.72391296e+02, 4.63299530e+02, 9.37670105e+02,
    4.61019653e+02, 1.00359137e+03, 4.00641968e+02, 7.40403748e+02,
    4.00502197e+02, 8.05525818e+02, 4.01228180e+02, 8.69873230e+02,
    4.00477234e+02, 9.34570801e+02, 3.98452637e+02, 1.00027899e+03,
    3.38461334e+02, 7.38246704e+02, 3.37806030e+02, 8.03140991e+02,
    3.38432343e+02, 8.67316101e+02, 3.38425781e+02, 9.31578491e+02,
    3.37745087e+02, 9.96069214e+02, 2.76141571e+02, 7.36002319e+02,
    2.75956238e+02, 8.00790771e+02, 2.75707397e+02, 8.65169434e+02,
    2.76331146e+02, 9.28793945e+02, 2.76342865e+02, 9.92521301e+02,
    2.14321716e+02, 7.34074646e+02, 2.14239853e+02, 7.98408386e+02,
    2.14484421e+02, 8.62449097e+02, 2.15280487e+02, 9.25787476e+02,
    2.16571655e+02, 9.88608276e+02 ]
