%YAML:1.0
---
points: [ 1.52626648e+03, 5.60599609e+02, 1.55829150e+03, 6.34770996e+02,
    1.59170837e+03, 7.14693787e+02, 1.63077917e+03, 7.98713989e+02,
    1.67236572e+03, 8.89603577e+02, 1.46886450e+03, 5.57214722e+02,
    1.49870728e+03, 6.34443237e+02, 1.53153748e+03, 7.16695435e+02,
    1.56895215e+03, 8.04201233e+02, 1.61128406e+03, 8.98223877e+02,
    1.40686084e+03, 5.54364685e+02, 1.43572522e+03, 6.33669312e+02,
    1.46746179e+03, 7.18673340e+02, 1.50319360e+03, 8.09589478e+02,
    1.54415491e+03, 9.07770203e+02, 1.34094897e+03, 5.51158691e+02,
    1.36935437e+03, 6.32702881e+02, 1.39877771e+03, 7.20751526e+02,
    1.43265002e+03, 8.15495117e+02, 1.47214001e+03, 9.17519348e+02,
    1.27012646e+03, 5.48800781e+02, 1.29735388e+03, 6.32084412e+02,
    1.32553247e+03, 7.23135864e+02, 1.35691553e+03, 8.21484985e+02,
    1.39274756e+03, 9.28642578e+02, 1.19562354e+03, 5.45022583e+02,
    1.22045459e+03, 6.31469666e+02, 1.24778223e+03, 7.24832214e+02,
    1.27634033e+03, 8.27909851e+02, 1.30859924e+03, 9.39793884e+02,
    1.11639014e+03, 5.40728760e+02, 1.13911243e+03, 6.29926941e+02,
    1.16340576e+03, 7.27651184e+02, 1.18933496e+03, 8.34387939e+02,
    1.21767969e+03, 9.52408264e+02 ]
