%YAML:1.0
---
points: [ 6.77456970e+02, 7.42001099e+02, 6.68707031e+02, 7.98006592e+02,
    6.59316956e+02, 8.55242249e+02, 6.50537537e+02, 9.13841736e+02,
    6.41622559e+02, 9.74287231e+02, 6.25104370e+02, 7.37500671e+02,
    6.14932678e+02, 7.95291321e+02, 6.04752441e+02, 8.54332397e+02,
    5.95160645e+02, 9.14688965e+02, 5.85522400e+02, 9.77188171e+02,
    5.68881714e+02, 7.32628113e+02, 5.57830627e+02, 7.92326538e+02,
    5.46718689e+02, 8.53311462e+02, 5.35668213e+02, 9.15803162e+02,
    5.24800842e+02, 9.80305176e+02, 5.08389435e+02, 7.27390320e+02,
    4.96914246e+02, 7.89018127e+02, 4.84629028e+02, 8.52040710e+02,
    4.72383453e+02, 9.16728516e+02, 4.60463501e+02, 9.83353210e+02,
    4.43562103e+02, 7.21653931e+02, 4.31136444e+02, 7.85681274e+02,
    4.17911682e+02, 8.50881531e+02, 4.04428162e+02, 9.17720154e+02,
    3.91053955e+02, 9.86339966e+02, 3.74120758e+02, 7.15515381e+02,
    3.60321716e+02, 7.81811768e+02, 3.46319061e+02, 8.49711426e+02,
    3.31621582e+02, 9.18805847e+02, 3.16871124e+02, 9.89928650e+02,
    2.99687653e+02, 7.08722473e+02, 2.84728943e+02, 7.77613586e+02,
    2.69379150e+02, 8.48234253e+02, 2.53613815e+02, 9.19898499e+02,
    2.37613846e+02, 9.93150818e+02 ]
