%YAML:1.0
---
points: [ 7.43346924e+02, 5.51606323e+02, 7.38731567e+02, 6.58818665e+02,
    7.34159363e+02, 7.66105286e+02, 7.28534851e+02, 8.75741089e+02,
    7.22589966e+02, 9.87602295e+02, 6.34436707e+02, 5.47545288e+02,
    6.29862244e+02, 6.55214661e+02, 6.24737915e+02, 7.63672119e+02,
    6.18352722e+02, 8.73801086e+02, 6.11127869e+02, 9.86841431e+02,
    5.23504700e+02, 5.43364502e+02, 5.18675476e+02, 6.51867798e+02,
    5.13243164e+02, 7.61275452e+02, 5.06519836e+02, 8.72022034e+02,
    4.98252502e+02, 9.85552246e+02, 4.11260986e+02, 5.39043762e+02,
    4.05375244e+02, 6.48665588e+02, 4.00183899e+02, 7.58825378e+02,
    3.93124237e+02, 8.70265930e+02, 3.84356506e+02, 9.84022827e+02,
    2.97795258e+02, 5.34604919e+02, 2.90952454e+02, 6.45199585e+02,
    2.85380341e+02, 7.56018921e+02, 2.78844116e+02, 8.67720581e+02,
    2.70942291e+02, 9.81263611e+02, 1.82988144e+02, 5.30114746e+02,
    1.75996445e+02, 6.41370117e+02, 1.68773300e+02, 7.53423096e+02,
    1.62940857e+02, 8.65503357e+02, 1.56062439e+02, 9.78654602e+02,
    6.76427307e+01, 5.25544983e+02, 6.00886765e+01, 6.37539185e+02,
    5.33038979e+01, 7.49838928e+02, 4.71746254e+01, 8.62665222e+02,
    4.19444618e+01, 9.75426941e+02 ]
