%YAML:1.0
---
points: [ 4.86521576e+02, 2.77586479e+01, 4.87952759e+02, 3.69292297e+01,
    4.89034424e+02, 4.67576294e+01, 4.90357147e+02, 5.64179230e+01,
    4.91449371e+02, 6.61884155e+01, 4.77100189e+02, 2.71653652e+01,
    4.78204651e+02, 3.70335846e+01, 4.79328186e+02, 4.66155663e+01,
    4.80401398e+02, 5.64932175e+01, 4.81609711e+02, 6.60947189e+01,
    4.67354126e+02, 2.71707497e+01, 4.68432800e+02, 3.66603127e+01,
    4.69244476e+02, 4.67867050e+01, 4.70413605e+02, 5.64899826e+01,
    4.71431580e+02, 6.63272552e+01, 4.57570068e+02, 2.69825993e+01,
    4.58371429e+02, 3.67974854e+01, 4.59352173e+02, 4.65614090e+01,
    4.60196960e+02, 5.66771240e+01, 4.61106018e+02, 6.63991318e+01,
    4.47246002e+02, 2.73560581e+01, 4.48338898e+02, 3.68318787e+01,
    4.48995544e+02, 4.68729477e+01, 4.49902618e+02, 5.67820435e+01,
    4.50694519e+02, 6.68365555e+01, 4.37188232e+02, 2.74282837e+01,
    4.37900330e+02, 3.71375046e+01, 4.38921692e+02, 4.69082870e+01,
    4.39507172e+02, 5.70423470e+01, 4.40069366e+02, 6.70698853e+01,
    4.26779083e+02, 2.76748505e+01, 4.27771484e+02, 3.74412880e+01,
    4.28411133e+02, 4.73685722e+01, 4.29057220e+02, 5.74563408e+01,
    4.29544312e+02, 6.77105179e+01 ]
