%YAML:1.0
---
points: [ 1.97262482e+02, 2.93371643e+02, 1.92303528e+02, 3.16162109e+02,
    1.87270935e+02, 3.38935059e+02, 1.81859818e+02, 3.61961304e+02,
    1.76527496e+02, 3.85028778e+02, 1.76924927e+02, 2.87577789e+02,
    1.72049622e+02, 3.09875519e+02, 1.67249329e+02, 3.32258057e+02,
    1.61885864e+02, 3.54804138e+02, 1.56361237e+02, 3.77484344e+02,
    1.57238647e+02, 2.81951965e+02, 1.52603378e+02, 3.03839447e+02,
    1.47662598e+02, 3.25869324e+02, 1.42671997e+02, 3.47825714e+02,
    1.37334229e+02, 3.69919586e+02, 1.38400024e+02, 2.76445435e+02,
    1.33501694e+02, 2.98093597e+02, 1.29057449e+02, 3.19566254e+02,
    1.24134949e+02, 3.41015289e+02, 1.18825012e+02, 3.62701569e+02,
    1.20297691e+02, 2.71152405e+02, 1.15402573e+02, 2.92342499e+02,
    1.10726883e+02, 3.13458344e+02, 1.06183220e+02, 3.34447266e+02,
    1.01488846e+02, 3.55533691e+02, 1.02578957e+02, 2.66007843e+02,
    9.77118835e+01, 2.86786469e+02, 9.30061874e+01, 3.07471405e+02,
    8.86751862e+01, 3.28172699e+02, 8.42162170e+01, 3.48740662e+02,
    8.52933121e+01, 2.60963440e+02, 8.06678848e+01, 2.81385681e+02,
    7.61502762e+01, 3.01818512e+02, 7.19239807e+01, 3.22059662e+02,
    6.81532593e+01, 3.42052185e+02 ]
