%YAML:1.0
---
points: [ 5.08849030e+02, 3.75153465e+01, 5.07549683e+02, 4.60303421e+01,
    5.03344055e+02, 5.52081337e+01, 5.02129547e+02, 6.43687973e+01,
    5.00522278e+02, 7.37717209e+01, 4.96659485e+02, 3.41026917e+01,
    4.95052765e+02, 4.32889023e+01, 4.93542572e+02, 5.26189995e+01,
    4.91944000e+02, 6.18400078e+01, 4.90536713e+02, 7.12181320e+01,
    4.86552429e+02, 3.15706577e+01, 4.85296204e+02, 4.07231026e+01,
    4.83522125e+02, 4.99721184e+01, 4.82028351e+02, 5.94066238e+01,
    4.80295807e+02, 6.87625046e+01, 4.76892334e+02, 2.90731697e+01,
    4.75154327e+02, 3.82377014e+01, 4.73548859e+02, 4.76253395e+01,
    4.71687195e+02, 5.70463448e+01, 4.69933594e+02, 6.63618851e+01,
    4.66611847e+02, 2.67429066e+01, 4.65235596e+02, 3.58804092e+01,
    4.63362518e+02, 4.52540283e+01, 4.61449524e+02, 5.47261238e+01,
    4.59299194e+02, 6.44446335e+01, 4.56758911e+02, 2.44866314e+01,
    4.54961975e+02, 3.35977631e+01, 4.53295288e+02, 4.29569130e+01,
    4.51042206e+02, 5.24561691e+01, 4.49075897e+02, 6.20658226e+01,
    4.46618530e+02, 2.21672802e+01, 4.44966949e+02, 3.13654861e+01,
    4.42877502e+02, 4.07084274e+01, 4.40815063e+02, 5.02664146e+01,
    4.38540192e+02, 6.00433388e+01 ]
