%YAML:1.0
---
points: [ 2.07827835e+02, 2.97587677e+02, 2.02754227e+02, 3.18914337e+02,
    1.97603134e+02, 3.39883179e+02, 1.92578842e+02, 3.60988831e+02,
    1.87651474e+02, 3.81874756e+02, 1.85375687e+02, 2.93436218e+02,
    1.80240402e+02, 3.14980713e+02, 1.75324997e+02, 3.36128571e+02,
    1.70249634e+02, 3.57403748e+02, 1.65290436e+02, 3.78646362e+02,
    1.62289093e+02, 2.89324432e+02, 1.57344925e+02, 3.10991760e+02,
    1.52438507e+02, 3.32433289e+02, 1.47635468e+02, 3.53625336e+02,
    1.42862808e+02, 3.74855743e+02, 1.38795715e+02, 2.84894043e+02,
    1.33903687e+02, 3.06979706e+02, 1.29321152e+02, 3.28407440e+02,
    1.24684525e+02, 3.49788635e+02, 1.19957954e+02, 3.71016541e+02,
    1.14855659e+02, 2.80386566e+02, 1.10213364e+02, 3.02683380e+02,
    1.05635216e+02, 3.24485657e+02, 1.01316330e+02, 3.45669861e+02,
    9.71701508e+01, 3.66848877e+02, 9.05852432e+01, 2.75723083e+02,
    8.59525528e+01, 2.98344849e+02, 8.17578659e+01, 3.20332977e+02,
    7.78121185e+01, 3.41637543e+02, 7.39753876e+01, 3.62584961e+02,
    6.58188324e+01, 2.71099731e+02, 6.17918358e+01, 2.93806824e+02,
    5.78103561e+01, 3.15740753e+02, 5.42411537e+01, 3.37415924e+02,
    5.12503357e+01, 3.57944794e+02 ]
