%YAML:1.0
---
points: [ 6.92277344e+02, 5.49000244e+02, 6.89035339e+02, 6.66526245e+02,
    6.85808289e+02, 7.84189697e+02, 6.79563721e+02, 9.03884460e+02,
    6.73143921e+02, 1.02534045e+03, 5.86374084e+02, 5.45656006e+02,
    5.83978271e+02, 6.60482300e+02, 5.80541443e+02, 7.75437378e+02,
    5.74570862e+02, 8.91750916e+02, 5.66489075e+02, 1.01069037e+03,
    4.85772858e+02, 5.42639038e+02, 4.83247223e+02, 6.54848083e+02,
    4.79824829e+02, 7.67087280e+02, 4.74361908e+02, 8.80521423e+02,
    4.66394592e+02, 9.95874512e+02, 3.90212067e+02, 5.39704529e+02,
    3.86363495e+02, 6.49498779e+02, 3.84142273e+02, 7.59189941e+02,
    3.79079010e+02, 8.69583923e+02, 3.71146088e+02, 9.81668030e+02,
    3.00088135e+02, 5.37050110e+02, 2.95280121e+02, 6.44304321e+02,
    2.92407135e+02, 7.51337830e+02, 2.88481995e+02, 8.59040466e+02,
    2.82678345e+02, 9.67310059e+02, 2.13129578e+02, 5.34289978e+02,
    2.08674438e+02, 6.39222290e+02, 2.04227692e+02, 7.44152588e+02,
    2.01562897e+02, 8.48943604e+02, 1.97399139e+02, 9.54223511e+02,
    1.30122345e+02, 5.31661987e+02, 1.25529152e+02, 6.34130798e+02,
    1.21836037e+02, 7.36765076e+02, 1.18782974e+02, 8.39130737e+02,
    1.17119537e+02, 9.41260437e+02 ]
