%YAML:1.0
---
points: [ 4.68745361e+02, 1.78756638e+01, 4.72156708e+02, 2.89170399e+01,
    4.75272064e+02, 4.01549835e+01, 4.78035858e+02, 5.12220230e+01,
    4.80643433e+02, 6.24390488e+01, 4.59068909e+02, 2.10774059e+01,
    4.62205872e+02, 3.21220245e+01, 4.65239868e+02, 4.29544487e+01,
    4.67942963e+02, 5.41055832e+01, 4.70277985e+02, 6.49714966e+01,
    4.49345795e+02, 2.43969994e+01, 4.52480377e+02, 3.51721115e+01,
    4.55342896e+02, 4.61259575e+01, 4.58099335e+02, 5.66509743e+01,
    4.60451508e+02, 6.75845566e+01, 4.40072601e+02, 2.77247086e+01,
    4.42926056e+02, 3.84812393e+01, 4.45897491e+02, 4.88706779e+01,
    4.48492981e+02, 5.94799728e+01, 4.51001373e+02, 7.00069427e+01,
    4.30992828e+02, 3.11951065e+01, 4.33890503e+02, 4.15364456e+01,
    4.36689301e+02, 5.18416977e+01, 4.39289185e+02, 6.20939636e+01,
    4.41844849e+02, 7.23915558e+01, 4.22294708e+02, 3.43157158e+01,
    4.24941193e+02, 4.46317482e+01, 4.27649719e+02, 5.48107491e+01,
    4.30289368e+02, 6.48662567e+01, 4.32870667e+02, 7.48028793e+01,
    4.13681213e+02, 3.76742706e+01, 4.16404663e+02, 4.75861816e+01,
    4.18959381e+02, 5.76330376e+01, 4.21679504e+02, 6.74342117e+01,
    4.24196625e+02, 7.73297577e+01 ]
