%YAML:1.0
---
points: [ 6.98282349e+02, 7.95944824e+02, 6.84602051e+02, 8.57742493e+02,
    6.70688843e+02, 9.18441101e+02, 6.56621521e+02, 9.80405518e+02,
    6.42668823e+02, 1.04148364e+03, 6.31596680e+02, 7.84712158e+02,
    6.18093323e+02, 8.46725891e+02, 6.04608032e+02, 9.08374695e+02,
    5.90819336e+02, 9.70452942e+02, 5.76484863e+02, 1.03280737e+03,
    5.63378601e+02, 7.72826843e+02, 5.50115356e+02, 8.35768860e+02,
    5.37144104e+02, 8.98122131e+02, 5.23444275e+02, 9.60431091e+02,
    5.09519775e+02, 1.02325531e+03, 4.93671082e+02, 7.60750061e+02,
    4.80615173e+02, 8.24894958e+02, 4.68077332e+02, 8.87516357e+02,
    4.54778381e+02, 9.50345703e+02, 4.41230713e+02, 1.01345740e+03,
    4.22732056e+02, 7.48266052e+02, 4.09555237e+02, 8.13358582e+02,
    3.97274719e+02, 8.76783325e+02, 3.84826141e+02, 9.39866333e+02,
    3.72047363e+02, 1.00269409e+03, 3.49722595e+02, 7.35456299e+02,
    3.37259064e+02, 8.01518982e+02, 3.24635895e+02, 8.66332520e+02,
    3.12836609e+02, 9.29630127e+02, 3.01215393e+02, 9.92771667e+02,
    2.75386810e+02, 7.22818176e+02, 2.63089294e+02, 7.89468628e+02,
    2.51303802e+02, 8.54942078e+02, 2.39986282e+02, 9.19054199e+02,
    2.29489853e+02, 9.82121765e+02 ]
