%YAML:1.0
---
points: [ 3.09051880e+02, 2.74745239e+02, 3.08373016e+02, 2.94322052e+02,
    3.07718231e+02, 3.13667725e+02, 3.07077759e+02, 3.33259979e+02,
    3.06571136e+02, 3.52501770e+02, 2.88878387e+02, 2.74643433e+02,
    2.88293610e+02, 2.94343353e+02, 2.87801788e+02, 3.13738159e+02,
    2.87271454e+02, 3.33241028e+02, 2.86829651e+02, 3.52834747e+02,
    2.68555023e+02, 2.74614868e+02, 2.68180145e+02, 2.94319275e+02,
    2.67727570e+02, 3.13839539e+02, 2.67315369e+02, 3.33285370e+02,
    2.66969940e+02, 3.52781036e+02, 2.48201019e+02, 2.74513306e+02,
    2.47888016e+02, 2.94394348e+02, 2.47640198e+02, 3.13941711e+02,
    2.47294861e+02, 3.33392670e+02, 2.46793335e+02, 3.52921295e+02,
    2.27593704e+02, 2.74406677e+02, 2.27468063e+02, 2.94441742e+02,
    2.27304245e+02, 3.14151398e+02, 2.27073669e+02, 3.33454010e+02,
    2.26834381e+02, 3.52847748e+02, 2.06966110e+02, 2.74496399e+02,
    2.06807739e+02, 2.94578796e+02, 2.06780685e+02, 3.14370026e+02,
    2.06653458e+02, 3.33813385e+02, 2.06515228e+02, 3.53074249e+02,
    1.86011261e+02, 2.74697937e+02, 1.86119308e+02, 2.94836365e+02,
    1.86101440e+02, 3.14749512e+02, 1.86196930e+02, 3.34231659e+02,
    1.86381638e+02, 3.53257568e+02 ]
