%YAML:1.0
---
points: [ 1.00237549e+03, 7.27433228e+02, 1.00145142e+03, 7.84092712e+02,
    1.00044507e+03, 8.39591797e+02, 9.99642761e+02, 8.96113770e+02,
    9.98685303e+02, 9.51722595e+02, 9.43742310e+02, 7.28070496e+02,
    9.43299072e+02, 7.84511414e+02, 9.42613892e+02, 8.40330750e+02,
    9.42085388e+02, 8.96524353e+02, 9.41376404e+02, 9.53113159e+02,
    8.84663086e+02, 7.28370972e+02, 8.84572327e+02, 7.85265259e+02,
    8.84413879e+02, 8.41189697e+02, 8.84152527e+02, 8.97250305e+02,
    8.83653015e+02, 9.53767883e+02, 8.25248291e+02, 7.28572327e+02,
    8.25574341e+02, 7.86055298e+02, 8.25880188e+02, 8.42092590e+02,
    8.25850281e+02, 8.98158325e+02, 8.25619080e+02, 9.54671814e+02,
    7.65394348e+02, 7.28693787e+02, 7.65897766e+02, 7.86581787e+02,
    7.66528381e+02, 8.43103699e+02, 7.67009033e+02, 8.99026428e+02,
    7.67282288e+02, 9.55088562e+02, 7.05040039e+02, 7.29237976e+02,
    7.05916321e+02, 7.87282227e+02, 7.06712463e+02, 8.44455139e+02,
    7.07553345e+02, 9.00539734e+02, 7.08338501e+02, 9.56346558e+02,
    6.43657654e+02, 7.29821167e+02, 6.45102417e+02, 7.88257690e+02,
    6.46391846e+02, 8.45574280e+02, 6.47740479e+02, 9.02076660e+02,
    6.49119202e+02, 9.57476013e+02 ]
