%YAML:1.0
---
points: [ 2.82308014e+02, 2.92611298e+02, 2.82540405e+02, 3.14693420e+02,
    2.82899536e+02, 3.35919891e+02, 2.82258484e+02, 3.57174103e+02,
    2.81767181e+02, 3.77959076e+02, 2.66428833e+02, 2.85912506e+02,
    2.66950806e+02, 3.06912140e+02, 2.67510498e+02, 3.27375885e+02,
    2.67197174e+02, 3.47739624e+02, 2.66627472e+02, 3.67828033e+02,
    2.52212143e+02, 2.79827057e+02, 2.52849442e+02, 2.99917450e+02,
    2.53376495e+02, 3.19630219e+02, 2.53434326e+02, 3.39036865e+02,
    2.53083679e+02, 3.58331970e+02, 2.39270233e+02, 2.74340912e+02,
    2.39687088e+02, 2.93588226e+02, 2.40478607e+02, 3.12498749e+02,
    2.40722961e+02, 3.31123901e+02, 2.40434845e+02, 3.49744537e+02,
    2.27474060e+02, 2.69067169e+02, 2.27802933e+02, 2.87793213e+02,
    2.28477386e+02, 3.05975586e+02, 2.28934448e+02, 3.23802521e+02,
    2.29272980e+02, 3.41663452e+02, 2.16362640e+02, 2.64403015e+02,
    2.16745041e+02, 2.82347504e+02, 2.17261688e+02, 3.00069214e+02,
    2.17937988e+02, 3.17218048e+02, 2.18444138e+02, 3.34423248e+02,
    2.05947250e+02, 2.59968353e+02, 2.06470291e+02, 2.77609985e+02,
    2.07128433e+02, 2.94445496e+02, 2.07652252e+02, 3.11313934e+02,
    2.08581070e+02, 3.27497681e+02 ]
