%YAML:1.0
---
points: [ 1.02830786e+03, 7.56735779e+02, 1.02858130e+03, 7.93327454e+02,
    1.02869885e+03, 8.29808167e+02, 1.02920898e+03, 8.67007080e+02,
    1.02948499e+03, 9.04480591e+02, 9.92323059e+02, 7.57303162e+02,
    9.92489136e+02, 7.93691956e+02, 9.92623108e+02, 8.30396851e+02,
    9.92905029e+02, 8.67478333e+02, 9.93267761e+02, 9.05121277e+02,
    9.56199341e+02, 7.57735046e+02, 9.56327209e+02, 7.94270630e+02,
    9.56491455e+02, 8.31019104e+02, 9.56623840e+02, 8.68088928e+02,
    9.56785156e+02, 9.05750244e+02, 9.19921936e+02, 7.58251953e+02,
    9.20216675e+02, 7.94956177e+02, 9.20271301e+02, 8.31599976e+02,
    9.20359863e+02, 8.68670532e+02, 9.20359497e+02, 9.06466064e+02,
    8.83619385e+02, 7.58591858e+02, 8.83693115e+02, 7.95520691e+02,
    8.83761658e+02, 8.32374634e+02, 8.83733276e+02, 8.69376831e+02,
    8.83695312e+02, 9.06816284e+02, 8.47218140e+02, 7.59089661e+02,
    8.47276672e+02, 7.95926941e+02, 8.47252686e+02, 8.33121460e+02,
    8.47177429e+02, 8.70152649e+02, 8.46953857e+02, 9.07570801e+02,
    8.10482300e+02, 7.59569458e+02, 8.10500732e+02, 7.96602478e+02,
    8.10401978e+02, 8.33726501e+02, 8.10329590e+02, 8.70875977e+02,
    8.10204712e+02, 9.08316772e+02 ]
