%YAML:1.0
---
points: [ 2.82307465e+02, 2.92612305e+02, 2.82538330e+02, 3.14673096e+02,
    2.82918488e+02, 3.35911835e+02, 2.82238770e+02, 3.57168365e+02,
    2.81782867e+02, 3.77967957e+02, 2.66422852e+02, 2.85905029e+02,
    2.67007111e+02, 3.06880890e+02, 2.67528992e+02, 3.27389160e+02,
    2.67222534e+02, 3.47749512e+02, 2.66609436e+02, 3.67836121e+02,
    2.52226089e+02, 2.79834839e+02, 2.52835480e+02, 2.99926910e+02,
    2.53389328e+02, 3.19632874e+02, 2.53491760e+02, 3.39119690e+02,
    2.53121887e+02, 3.58314911e+02, 2.39279953e+02, 2.74340088e+02,
    2.39680054e+02, 2.93575439e+02, 2.40516861e+02, 3.12550018e+02,
    2.40730270e+02, 3.31129608e+02, 2.40443542e+02, 3.49757446e+02,
    2.27480560e+02, 2.69043915e+02, 2.27773407e+02, 2.87798767e+02,
    2.28461044e+02, 3.05978821e+02, 2.28929062e+02, 3.23769379e+02,
    2.29281296e+02, 3.41663605e+02, 2.16357864e+02, 2.64404449e+02,
    2.16722717e+02, 2.82333710e+02, 2.17261185e+02, 3.00133820e+02,
    2.17958923e+02, 3.17158051e+02, 2.18407761e+02, 3.34386963e+02,
    2.05955566e+02, 2.60001129e+02, 2.06439560e+02, 2.77530701e+02,
    2.07103104e+02, 2.94459991e+02, 2.07652939e+02, 3.11296661e+02,
    2.08557556e+02, 3.27542389e+02 ]
