%YAML:1.0
---
points: [ 2.62699280e+02, 1.74545242e+02, 2.62852844e+02, 1.85196991e+02,
    2.62858307e+02, 1.95898819e+02, 2.62875610e+02, 2.06706558e+02,
    2.62904602e+02, 2.17510147e+02, 2.51975510e+02, 1.74495590e+02,
    2.52079941e+02, 1.85337082e+02, 2.52199554e+02, 1.95961166e+02,
    2.52315811e+02, 2.06803650e+02, 2.52353867e+02, 2.17549942e+02,
    2.41245331e+02, 1.74617966e+02, 2.41460327e+02, 1.85380600e+02,
    2.41505249e+02, 1.96074829e+02, 2.41508087e+02, 2.06804077e+02,
    2.41489655e+02, 2.17697769e+02, 2.30611267e+02, 1.74599197e+02,
    2.30659058e+02, 1.85462585e+02, 2.30718216e+02, 1.96178894e+02,
    2.30831238e+02, 2.06856079e+02, 2.30774307e+02, 2.17712524e+02,
    2.19717178e+02, 1.74720322e+02, 2.19874786e+02, 1.85591522e+02,
    2.19902802e+02, 1.96238708e+02, 2.19959991e+02, 2.06927490e+02,
    2.19953125e+02, 2.17805573e+02, 2.08979050e+02, 1.74782318e+02,
    2.09076294e+02, 1.85573669e+02, 2.09165817e+02, 1.96276413e+02,
    2.09261292e+02, 2.07051620e+02, 2.09329193e+02, 2.17823685e+02,
    1.98202164e+02, 1.74809372e+02, 1.98270264e+02, 1.85666656e+02,
    1.98382874e+02, 1.96296951e+02, 1.98375732e+02, 2.07196823e+02,
    1.98443665e+02, 2.17931152e+02 ]
