%YAML:1.0
---
points: [ 3.11718750e+02, 2.77801117e+02, 3.09218018e+02, 2.94321625e+02,
    3.06387512e+02, 3.11507507e+02, 3.04147400e+02, 3.29011993e+02,
    3.01750610e+02, 3.47148346e+02, 3.01802673e+02, 2.74740601e+02,
    2.98759979e+02, 2.91851074e+02, 2.95700348e+02, 3.09393250e+02,
    2.93132324e+02, 3.27619385e+02, 2.90712067e+02, 3.46134125e+02,
    2.90903748e+02, 2.71502716e+02, 2.87752899e+02, 2.89299652e+02,
    2.84540222e+02, 3.07306488e+02, 2.81546143e+02, 3.25970581e+02,
    2.78884521e+02, 3.45127869e+02, 2.79370331e+02, 2.68035889e+02,
    2.76199188e+02, 2.86358337e+02, 2.72507416e+02, 3.04919861e+02,
    2.69267822e+02, 3.24217163e+02, 2.66202332e+02, 3.43923218e+02,
    2.66889130e+02, 2.64485748e+02, 2.63629547e+02, 2.83328125e+02,
    2.59802490e+02, 3.02557098e+02, 2.56036835e+02, 3.22310303e+02,
    2.52422836e+02, 3.42647766e+02, 2.53835358e+02, 2.60759583e+02,
    2.50202652e+02, 2.79987701e+02, 2.46354889e+02, 3.00040070e+02,
    2.42215454e+02, 3.20371857e+02, 2.38046143e+02, 3.41425049e+02,
    2.39879700e+02, 2.56664124e+02, 2.35927231e+02, 2.76483612e+02,
    2.31723526e+02, 2.97310730e+02, 2.27251907e+02, 3.18343994e+02,
    2.22548660e+02, 3.40130524e+02 ]
