%YAML:1.0
---
points: [ 9.82342590e+02, 7.71351624e+02, 9.83777832e+02, 8.10488220e+02,
    9.85558167e+02, 8.49515076e+02, 9.85657837e+02, 8.88862061e+02,
    9.86085876e+02, 9.28670349e+02, 9.55214111e+02, 7.66373657e+02,
    9.57028809e+02, 8.04330444e+02, 9.58525696e+02, 8.42436646e+02,
    9.59033264e+02, 8.80755737e+02, 9.58692993e+02, 9.19451843e+02,
    9.29610901e+02, 7.61550049e+02, 9.31469910e+02, 7.98506042e+02,
    9.32778564e+02, 8.35664551e+02, 9.33425964e+02, 8.72889648e+02,
    9.33331360e+02, 9.10648071e+02, 9.05636536e+02, 7.57028992e+02,
    9.06772583e+02, 7.93233032e+02, 9.08420837e+02, 8.29292175e+02,
    9.09224915e+02, 8.65630249e+02, 9.08848511e+02, 9.02392090e+02,
    8.82858276e+02, 7.52600891e+02, 8.83729248e+02, 7.87973938e+02,
    8.85164917e+02, 8.23339417e+02, 8.86169678e+02, 8.58694519e+02,
    8.86487610e+02, 8.94333557e+02, 8.60739868e+02, 7.48626892e+02,
    8.61768555e+02, 7.83066833e+02, 8.62483582e+02, 8.17641785e+02,
    8.63814514e+02, 8.52185913e+02, 8.64518555e+02, 8.86738159e+02,
    8.39591003e+02, 7.44669739e+02, 8.40357117e+02, 7.78442383e+02,
    8.41300598e+02, 8.12284424e+02, 8.42484680e+02, 8.45734863e+02,
    8.43739380e+02, 8.79595886e+02 ]
