%YAML:1.0
---
points: [ 1.02969751e+03, 7.35767883e+02, 1.02156952e+03, 7.84197510e+02,
    1.01253162e+03, 8.33443970e+02, 1.00537817e+03, 8.84141296e+02,
    9.97576904e+02, 9.36231262e+02, 9.98211243e+02, 7.27613098e+02,
    9.88770142e+02, 7.77094482e+02, 9.79403931e+02, 8.27787903e+02,
    9.70899109e+02, 8.80009338e+02, 9.63329163e+02, 9.33657715e+02,
    9.64322388e+02, 7.18692261e+02, 9.54087769e+02, 7.69743225e+02,
    9.44106506e+02, 8.21886108e+02, 9.34517273e+02, 8.75524719e+02,
    9.25856750e+02, 9.30918945e+02, 9.27809021e+02, 7.09140320e+02,
    9.17776428e+02, 7.61758423e+02, 9.06550903e+02, 8.15531677e+02,
    8.96164185e+02, 8.70796021e+02, 8.86283691e+02, 9.28226929e+02,
    8.88589172e+02, 6.99091309e+02, 8.78191711e+02, 7.53500854e+02,
    8.66382385e+02, 8.08736206e+02, 8.54605225e+02, 8.65806580e+02,
    8.43341675e+02, 9.24736450e+02, 8.47472168e+02, 6.88329407e+02,
    8.35850891e+02, 7.44413391e+02, 8.24014587e+02, 8.01866943e+02,
    8.11244019e+02, 8.60834290e+02, 7.98056396e+02, 9.21735535e+02,
    8.03535095e+02, 6.76675049e+02, 7.91178101e+02, 7.34720764e+02,
    7.78031616e+02, 7.94408936e+02, 7.64173279e+02, 8.55421570e+02,
    7.49306763e+02, 9.18262634e+02 ]
