%YAML:1.0
---
points: [ 2.67327393e+02, 1.82209335e+02, 2.66769989e+02, 1.91227417e+02,
    2.66168488e+02, 2.00460037e+02, 2.65514923e+02, 2.09624146e+02,
    2.64772369e+02, 2.19100189e+02, 2.57408691e+02, 1.81890778e+02,
    2.56673889e+02, 1.90935562e+02, 2.55998795e+02, 2.00141525e+02,
    2.55266968e+02, 2.09444077e+02, 2.54460388e+02, 2.18792755e+02,
    2.47502213e+02, 1.81708557e+02, 2.46754181e+02, 1.90779190e+02,
    2.45955017e+02, 1.99821350e+02, 2.45066437e+02, 2.09105591e+02,
    2.44104263e+02, 2.18529144e+02, 2.37707321e+02, 1.81536362e+02,
    2.36801468e+02, 1.90432220e+02, 2.35901642e+02, 1.99601273e+02,
    2.34978897e+02, 2.08812485e+02, 2.33901672e+02, 2.18102463e+02,
    2.27939194e+02, 1.81349945e+02, 2.26967102e+02, 1.90185074e+02,
    2.25893036e+02, 1.99232391e+02, 2.24848892e+02, 2.08587112e+02,
    2.23737289e+02, 2.17860062e+02, 2.18230698e+02, 1.81037201e+02,
    2.17100784e+02, 1.89855850e+02, 2.15975601e+02, 1.98841248e+02,
    2.14795288e+02, 2.08183441e+02, 2.13593643e+02, 2.17590958e+02,
    2.08569931e+02, 1.80750244e+02, 2.07334274e+02, 1.89602661e+02,
    2.06063995e+02, 1.98575119e+02, 2.04796097e+02, 2.07835724e+02,
    2.03445724e+02, 2.17250427e+02 ]
