%YAML:1.0
---
points: [ 9.80547058e+02, 7.87716431e+02, 9.82604126e+02, 8.42657776e+02,
    9.84646912e+02, 8.94510925e+02, 9.86235535e+02, 9.46382629e+02,
    9.87591064e+02, 9.96336792e+02, 9.14422729e+02, 7.87405762e+02,
    9.18083008e+02, 8.41150208e+02, 9.21566284e+02, 8.92974670e+02,
    9.24279297e+02, 9.44237000e+02, 9.26785339e+02, 9.94668701e+02,
    8.49127075e+02, 7.86396057e+02, 8.54196411e+02, 8.40086304e+02,
    8.58952576e+02, 8.91760315e+02, 8.63236389e+02, 9.42384399e+02,
    8.66650146e+02, 9.92291687e+02, 7.84592285e+02, 7.85445862e+02,
    7.90781128e+02, 8.39594238e+02, 7.97116699e+02, 8.90517700e+02,
    8.02509766e+02, 9.40525879e+02, 8.07254333e+02, 9.90204834e+02,
    7.20680725e+02, 7.83949402e+02, 7.28187073e+02, 8.38463562e+02,
    7.35521362e+02, 8.89466858e+02, 7.42514038e+02, 9.38804077e+02,
    7.48694885e+02, 9.86982422e+02, 6.57025391e+02, 7.83334045e+02,
    6.65763550e+02, 8.37485474e+02, 6.74393494e+02, 8.89216675e+02,
    6.82469727e+02, 9.38012329e+02, 6.90268005e+02, 9.85450928e+02,
    5.93604065e+02, 7.82956543e+02, 6.03767761e+02, 8.37018982e+02,
    6.13535767e+02, 8.88255310e+02, 6.23178894e+02, 9.37151611e+02,
    6.32559265e+02, 9.83442627e+02 ]
