%YAML:1.0
---
points: [ 1.01572192e+03, 7.48252197e+02, 1.01604187e+03, 7.82729492e+02,
    1.01580316e+03, 8.17605835e+02, 1.01677734e+03, 8.52854797e+02,
    1.01768304e+03, 8.88361389e+02, 9.89442627e+02, 7.51021362e+02,
    9.89275330e+02, 7.86518677e+02, 9.89212463e+02, 8.21976624e+02,
    9.89785156e+02, 8.57844299e+02, 9.91012878e+02, 8.94300537e+02,
    9.61606445e+02, 7.54276123e+02, 9.61409668e+02, 7.90292480e+02,
    9.61345581e+02, 8.26555359e+02, 9.61681763e+02, 8.63122131e+02,
    9.62811646e+02, 9.00286560e+02, 9.32707336e+02, 7.57381836e+02,
    9.32807373e+02, 7.94198669e+02, 9.32471191e+02, 8.31204163e+02,
    9.32660522e+02, 8.68545410e+02, 9.33514160e+02, 9.06561829e+02,
    9.02318115e+02, 7.60618164e+02, 9.02585510e+02, 7.98294617e+02,
    9.02348877e+02, 8.36238647e+02, 9.02308228e+02, 8.74317261e+02,
    9.02553894e+02, 9.12762695e+02, 8.71066223e+02, 7.64336914e+02,
    8.71233887e+02, 8.02622620e+02, 8.71311279e+02, 8.41424438e+02,
    8.70818909e+02, 8.80425293e+02, 8.70716248e+02, 9.19610229e+02,
    8.38562927e+02, 7.67701660e+02, 8.38588379e+02, 8.07352722e+02,
    8.38536011e+02, 8.46772278e+02, 8.38286682e+02, 8.86578247e+02,
    8.37623230e+02, 9.26712402e+02 ]
