%YAML:1.0
---
points: [ 1.51661707e+03, 7.88403503e+02, 1.50997205e+03, 8.43982971e+02,
    1.50323364e+03, 8.96468933e+02, 1.49766516e+03, 9.48795288e+02,
    1.49203394e+03, 9.98777161e+02, 1.44350098e+03, 7.86096802e+02,
    1.43845740e+03, 8.40108765e+02, 1.43355676e+03, 8.92153992e+02,
    1.42932947e+03, 9.43506958e+02, 1.42559424e+03, 9.93916260e+02,
    1.37219055e+03, 7.82816772e+02, 1.36910706e+03, 8.36653748e+02,
    1.36578296e+03, 8.88039978e+02, 1.36308679e+03, 9.38480713e+02,
    1.36026807e+03, 9.88111328e+02, 1.30306885e+03, 7.79882385e+02,
    1.30162134e+03, 8.33598877e+02, 1.30007715e+03, 8.84012390e+02,
    1.29841809e+03, 9.33566345e+02, 1.29705054e+03, 9.82470032e+02,
    1.23604688e+03, 7.76347290e+02, 1.23600574e+03, 8.29796509e+02,
    1.23578076e+03, 8.80102844e+02, 1.23555103e+03, 9.28690125e+02,
    1.23532690e+03, 9.76164185e+02, 1.17075696e+03, 7.73706787e+02,
    1.17197046e+03, 8.26389221e+02, 1.17336157e+03, 8.76788147e+02,
    1.17431226e+03, 9.24521606e+02, 1.17520642e+03, 9.71157715e+02,
    1.10752026e+03, 7.71392029e+02, 1.11017419e+03, 8.23485168e+02,
    1.11239136e+03, 8.73209595e+02, 1.11464417e+03, 9.20580994e+02,
    1.11682361e+03, 9.65847229e+02 ]
