%YAML:1.0
---
points: [ 4.88294159e+02, 2.95867493e+02, 4.84684143e+02, 3.14488617e+02,
    4.80917572e+02, 3.32090912e+02, 4.77354858e+02, 3.49186676e+02,
    4.73906464e+02, 3.65917267e+02, 4.64696533e+02, 2.95445923e+02,
    4.61353271e+02, 3.14016968e+02, 4.58377533e+02, 3.31333984e+02,
    4.55647430e+02, 3.48768585e+02, 4.52752167e+02, 3.65182739e+02,
    4.40556915e+02, 2.94802429e+02, 4.38207306e+02, 3.12997223e+02,
    4.35882782e+02, 3.30710022e+02, 4.33545807e+02, 3.47584290e+02,
    4.31622681e+02, 3.64124939e+02, 4.16649292e+02, 2.93708771e+02,
    4.15019958e+02, 3.12178345e+02, 4.13360687e+02, 3.29442139e+02,
    4.11611450e+02, 3.46324188e+02, 4.09864319e+02, 3.62716125e+02,
    3.93054993e+02, 2.92508453e+02, 3.92147888e+02, 3.10969727e+02,
    3.90849854e+02, 3.28214203e+02, 3.89770020e+02, 3.44755676e+02,
    3.88783844e+02, 3.60900879e+02, 3.69989899e+02, 2.91320465e+02,
    3.69419617e+02, 3.09669769e+02, 3.69005981e+02, 3.27142120e+02,
    3.68406921e+02, 3.43394745e+02, 3.67658569e+02, 3.59298920e+02,
    3.47346924e+02, 2.90329742e+02, 3.47394562e+02, 3.08429474e+02,
    3.47363953e+02, 3.25738495e+02, 3.47330170e+02, 3.42081818e+02,
    3.47335968e+02, 3.57581177e+02 ]
