%YAML:1.0
---
points: [ 1.82456775e+03, 7.41475586e+02, 1.82852039e+03, 7.82601807e+02,
    1.83215100e+03, 8.23526672e+02, 1.83678613e+03, 8.65121887e+02,
    1.84131311e+03, 9.06847656e+02, 1.77915576e+03, 7.43579651e+02,
    1.78268469e+03, 7.84272034e+02, 1.78635022e+03, 8.24938538e+02,
    1.79071997e+03, 8.66116760e+02, 1.79552393e+03, 9.07707458e+02,
    1.73366919e+03, 7.45393250e+02, 1.73752625e+03, 7.85890076e+02,
    1.74123425e+03, 8.26408752e+02, 1.74523279e+03, 8.67091003e+02,
    1.74977515e+03, 9.08418396e+02, 1.68876794e+03, 7.47069336e+02,
    1.69265259e+03, 7.87440063e+02, 1.69635376e+03, 8.27629333e+02,
    1.70037317e+03, 8.67966858e+02, 1.70495520e+03, 9.08975220e+02,
    1.64384192e+03, 7.48758301e+02, 1.64821594e+03, 7.88733032e+02,
    1.65187769e+03, 8.28697571e+02, 1.65563428e+03, 8.68838013e+02,
    1.65981042e+03, 9.09297180e+02, 1.60008044e+03, 7.50311523e+02,
    1.60420337e+03, 7.90166199e+02, 1.60814282e+03, 8.29868530e+02,
    1.61182959e+03, 8.69685791e+02, 1.61572046e+03, 9.09633728e+02,
    1.55667334e+03, 7.51811646e+02, 1.56071106e+03, 7.91419373e+02,
    1.56475427e+03, 8.30861450e+02, 1.56860181e+03, 8.70408386e+02,
    1.57211926e+03, 9.09922729e+02 ]
