%YAML:1.0
---
points: [ 7.99926147e+01, 1.76807831e+02, 7.95261230e+01, 1.87313293e+02,
    7.91442795e+01, 1.97557037e+02, 7.84771500e+01, 2.07920410e+02,
    7.77733536e+01, 2.18134338e+02, 6.91072769e+01, 1.76393875e+02,
    6.87167740e+01, 1.86702637e+02, 6.81630554e+01, 1.97055695e+02,
    6.76132202e+01, 2.07466324e+02, 6.69212570e+01, 2.17758682e+02,
    5.82449417e+01, 1.75766296e+02, 5.77397385e+01, 1.86170044e+02,
    5.74297600e+01, 1.96567825e+02, 5.67607460e+01, 2.06946960e+02,
    5.60333214e+01, 2.17305359e+02, 4.74877739e+01, 1.75214676e+02,
    4.69378433e+01, 1.85681091e+02, 4.64900360e+01, 1.95929306e+02,
    4.58748741e+01, 2.06520370e+02, 4.52397003e+01, 2.16901154e+02,
    3.67571335e+01, 1.74685303e+02, 3.61533928e+01, 1.85120087e+02,
    3.57128563e+01, 1.95506866e+02, 3.51536522e+01, 2.05992905e+02,
    3.46170273e+01, 2.16447647e+02, 2.60590858e+01, 1.74238998e+02,
    2.55707417e+01, 1.84531235e+02, 2.48612728e+01, 1.95071884e+02,
    2.44469547e+01, 2.05505325e+02, 2.38903713e+01, 2.15975235e+02,
    1.54655466e+01, 1.73654556e+02, 1.47810373e+01, 1.84082687e+02,
    1.42695255e+01, 1.94586868e+02, 1.37400703e+01, 2.05022415e+02,
    1.33865356e+01, 2.15484756e+02 ]
