%YAML:1.0
---
points: [ 1.79430542e+03, 7.34142456e+02, 1.79706274e+03, 7.73341919e+02,
    1.79931140e+03, 8.12412109e+02, 1.80348608e+03, 8.51622192e+02,
    1.80750244e+03, 8.91330078e+02, 1.76789880e+03, 7.38973633e+02,
    1.77011670e+03, 7.78469238e+02, 1.77254590e+03, 8.17974365e+02,
    1.77628760e+03, 8.57799194e+02, 1.78113159e+03, 8.97955811e+02,
    1.74016467e+03, 7.43723694e+02, 1.74258850e+03, 7.83740356e+02,
    1.74519641e+03, 8.23812744e+02, 1.74865991e+03, 8.64253113e+02,
    1.75344775e+03, 9.04693298e+02, 1.71160999e+03, 7.48684692e+02,
    1.71493555e+03, 7.89297424e+02, 1.71690845e+03, 8.29714844e+02,
    1.72047180e+03, 8.70586243e+02, 1.72515149e+03, 9.11716797e+02,
    1.68160925e+03, 7.53626953e+02, 1.68548608e+03, 7.94828613e+02,
    1.68806458e+03, 8.35859558e+02, 1.69127197e+03, 8.77100464e+02,
    1.69507471e+03, 9.18505615e+02, 1.65167810e+03, 7.58688965e+02,
    1.65521899e+03, 8.00579346e+02, 1.65899841e+03, 8.42348450e+02,
    1.66160425e+03, 8.83934204e+02, 1.66481958e+03, 9.25893616e+02,
    1.62113416e+03, 7.64069275e+02, 1.62493848e+03, 8.06455139e+02,
    1.62830078e+03, 8.48793091e+02, 1.63139062e+03, 8.91070068e+02,
    1.63389514e+03, 9.33351074e+02 ]
