%YAML:1.0
---
points: [ 4.88063538e+02, 2.81084381e+02, 4.84687683e+02, 2.99356873e+02,
    4.80896301e+02, 3.18171112e+02, 4.77469513e+02, 3.36585510e+02,
    4.73862244e+02, 3.55615845e+02, 4.70589813e+02, 2.76946838e+02,
    4.66986176e+02, 2.95709198e+02, 4.63392975e+02, 3.14182281e+02,
    4.59837769e+02, 3.33151947e+02, 4.56397339e+02, 3.51915436e+02,
    4.52472198e+02, 2.73072296e+02, 4.48830017e+02, 2.91517731e+02,
    4.45317963e+02, 3.10318115e+02, 4.41784454e+02, 3.29099762e+02,
    4.38291382e+02, 3.48172058e+02, 4.34034119e+02, 2.68777771e+02,
    4.30644775e+02, 2.87470856e+02, 4.26888092e+02, 3.06187408e+02,
    4.23264648e+02, 3.25052460e+02, 4.19787933e+02, 3.44038300e+02,
    4.15306671e+02, 2.64645325e+02, 4.12024231e+02, 2.83160461e+02,
    4.08261139e+02, 3.01900024e+02, 4.04635620e+02, 3.20703278e+02,
    4.01005737e+02, 3.39707764e+02, 3.96728210e+02, 2.60363678e+02,
    3.93183258e+02, 2.78950134e+02, 3.89702881e+02, 2.97442963e+02,
    3.85915436e+02, 3.16394714e+02, 3.82218414e+02, 3.35364594e+02,
    3.78020630e+02, 2.56191254e+02, 3.74586273e+02, 2.74482391e+02,
    3.70905304e+02, 2.93328339e+02, 3.67282410e+02, 3.11976044e+02,
    3.63512390e+02, 3.30868225e+02 ]
