%YAML:1.0
---
points: [ 7.57869720e+01, 1.78759415e+02, 7.53116302e+01, 1.88502274e+02,
    7.47661972e+01, 1.97994553e+02, 7.48432541e+01, 2.07872391e+02,
    7.47760544e+01, 2.17348175e+02, 6.86170883e+01, 1.77751312e+02,
    6.80580978e+01, 1.87565659e+02, 6.76227570e+01, 1.97473358e+02,
    6.75228271e+01, 2.07373245e+02, 6.76087570e+01, 2.17313812e+02,
    6.10494728e+01, 1.76593002e+02, 6.05776443e+01, 1.86747833e+02,
    6.01146088e+01, 1.96848038e+02, 5.97980270e+01, 2.06919159e+02,
    5.97899094e+01, 2.17130722e+02, 5.31386833e+01, 1.75417267e+02,
    5.28085060e+01, 1.85780807e+02, 5.22057304e+01, 1.96142273e+02,
    5.19307365e+01, 2.06617554e+02, 5.18898659e+01, 2.16951813e+02,
    4.48427353e+01, 1.74207199e+02, 4.45770569e+01, 1.84830765e+02,
    4.39916534e+01, 1.95483475e+02, 4.36134300e+01, 2.06156296e+02,
    4.33601799e+01, 2.16820358e+02, 3.63486633e+01, 1.72910690e+02,
    3.59085426e+01, 1.83738373e+02, 3.55607338e+01, 1.94773407e+02,
    3.49975166e+01, 2.05777557e+02, 3.47287560e+01, 2.16755844e+02,
    2.73777103e+01, 1.71483688e+02, 2.70567493e+01, 1.82762711e+02,
    2.65721130e+01, 1.93984894e+02, 2.60355091e+01, 2.05222076e+02,
    2.55622101e+01, 2.16639893e+02 ]
