%YAML:1.0
---
points: [ 9.34413223e+01, 1.83523651e+02, 9.06747742e+01, 1.92599289e+02,
    8.79361572e+01, 2.01603516e+02, 8.48867874e+01, 2.10775269e+02,
    8.18206024e+01, 2.19946274e+02, 8.40019073e+01, 1.82746109e+02,
    8.12002182e+01, 1.91684174e+02, 7.84339600e+01, 2.00710999e+02,
    7.54041977e+01, 2.09807571e+02, 7.21838455e+01, 2.19124496e+02,
    7.47889862e+01, 1.81814285e+02, 7.19831009e+01, 1.90861893e+02,
    6.90964050e+01, 1.99797684e+02, 6.60611801e+01, 2.08866302e+02,
    6.26884842e+01, 2.18117203e+02, 6.56586456e+01, 1.81052658e+02,
    6.27170448e+01, 1.89873810e+02, 5.98854294e+01, 1.98920883e+02,
    5.67825203e+01, 2.07971237e+02, 5.34464645e+01, 2.17193146e+02,
    5.67857704e+01, 1.80285263e+02, 5.37245102e+01, 1.89064194e+02,
    5.07374573e+01, 1.97934616e+02, 4.75481071e+01, 2.07124893e+02,
    4.44337349e+01, 2.16307892e+02, 4.79040146e+01, 1.79638794e+02,
    4.47717552e+01, 1.88216629e+02, 4.16016312e+01, 1.97162445e+02,
    3.86135826e+01, 2.06090744e+02, 3.52961197e+01, 2.15328461e+02,
    3.92201004e+01, 1.78641464e+02, 3.59833794e+01, 1.87405884e+02,
    3.28452225e+01, 1.96129944e+02, 2.96331978e+01, 2.05247314e+02,
    2.66552868e+01, 2.14352631e+02 ]
