%YAML:1.0
---
points: [ 3.86820343e+02, 2.79618683e+02, 3.98334625e+02, 2.96222107e+02,
    4.09211670e+02, 3.12502045e+02, 4.19915924e+02, 3.28896027e+02,
    4.30411346e+02, 3.44939026e+02, 3.67626587e+02, 2.88736328e+02,
    3.79017944e+02, 3.04975372e+02, 3.90099152e+02, 3.20952515e+02,
    4.00812347e+02, 3.36858612e+02, 4.11193634e+02, 3.53029022e+02,
    3.49276825e+02, 2.97565155e+02, 3.60552673e+02, 3.13444946e+02,
    3.71498505e+02, 3.29050903e+02, 3.82233002e+02, 3.44766968e+02,
    3.92714783e+02, 3.60274323e+02, 3.31545013e+02, 3.05880341e+02,
    3.42766724e+02, 3.21716736e+02, 3.53644012e+02, 3.36834717e+02,
    3.64292725e+02, 3.52124298e+02, 3.74535278e+02, 3.67453644e+02,
    3.14564880e+02, 3.13848236e+02, 3.25618744e+02, 3.29461212e+02,
    3.36438599e+02, 3.44469208e+02, 3.46863220e+02, 3.59285217e+02,
    3.57359283e+02, 3.73767944e+02, 2.98268707e+02, 3.21829559e+02,
    3.09112427e+02, 3.36978241e+02, 3.19737671e+02, 3.51870636e+02,
    3.30380463e+02, 3.66239899e+02, 3.40457214e+02, 3.80518311e+02,
    2.82463074e+02, 3.29453735e+02, 2.93219696e+02, 3.44368134e+02,
    3.03887268e+02, 3.58810242e+02, 3.14198792e+02, 3.73151428e+02,
    3.24581543e+02, 3.86544800e+02 ]
