%YAML:1.0
---
points: [ 3.49500549e+02, 7.75695679e+02, 3.46488617e+02, 8.09733765e+02,
    3.43446136e+02, 8.43841675e+02, 3.40507080e+02, 8.78371521e+02,
    3.37659668e+02, 9.13143494e+02, 3.10843201e+02, 7.77772095e+02,
    3.07568848e+02, 8.12506531e+02, 3.04440979e+02, 8.47208435e+02,
    3.01540527e+02, 8.82280701e+02, 2.98491241e+02, 9.17783264e+02,
    2.70580780e+02, 7.79872253e+02, 2.67442169e+02, 8.15042908e+02,
    2.64320557e+02, 8.50567200e+02, 2.60903412e+02, 8.86379761e+02,
    2.57899353e+02, 9.22660217e+02, 2.28958420e+02, 7.81876465e+02,
    2.25720016e+02, 8.17930786e+02, 2.22435272e+02, 8.54170654e+02,
    2.18857468e+02, 8.90578796e+02, 2.15752563e+02, 9.27594543e+02,
    1.85625473e+02, 7.83780151e+02, 1.82281418e+02, 8.20871887e+02,
    1.79016281e+02, 8.57630371e+02, 1.75522537e+02, 8.94738525e+02,
    1.71906418e+02, 9.32407349e+02, 1.40684418e+02, 7.85980469e+02,
    1.37467972e+02, 8.23569580e+02, 1.33875549e+02, 8.61368652e+02,
    1.30289673e+02, 8.99198364e+02, 1.26777214e+02, 9.37382874e+02,
    9.42778778e+01, 7.88132812e+02, 9.07577362e+01, 8.26601807e+02,
    8.72360687e+01, 8.65225769e+02, 8.35642624e+01, 9.03667664e+02,
    7.99845047e+01, 9.42527954e+02 ]
