%YAML:1.0
---
points: [ 4.86670807e+02, 7.24035767e+02, 4.83678284e+02, 7.85472107e+02,
    4.80693329e+02, 8.46861572e+02, 4.75931396e+02, 9.09654358e+02,
    4.71198792e+02, 9.73602234e+02, 4.30597778e+02, 7.22483093e+02,
    4.28105652e+02, 7.83019348e+02, 4.24893097e+02, 8.44288391e+02,
    4.20307159e+02, 9.06473694e+02, 4.14576569e+02, 9.69761475e+02,
    3.75950897e+02, 7.20706116e+02, 3.73041351e+02, 7.80875977e+02,
    3.69795105e+02, 8.41475159e+02, 3.65478119e+02, 9.02915833e+02,
    3.59731750e+02, 9.65568054e+02, 3.22492920e+02, 7.18807739e+02,
    3.18636047e+02, 7.78793457e+02, 3.15974243e+02, 8.38711182e+02,
    3.11710724e+02, 8.99581360e+02, 3.06047760e+02, 9.61422729e+02,
    2.70524780e+02, 7.17297058e+02, 2.66016571e+02, 7.76484558e+02,
    2.62847565e+02, 8.36040161e+02, 2.58981781e+02, 8.96232910e+02,
    2.54455048e+02, 9.56921387e+02, 2.18749451e+02, 7.15446533e+02,
    2.14407578e+02, 7.74246460e+02, 2.10011093e+02, 8.33499207e+02,
    2.06533417e+02, 8.92811890e+02, 2.02392319e+02, 9.53042725e+02,
    1.67787796e+02, 7.13613647e+02, 1.63273941e+02, 7.71886414e+02,
    1.59004700e+02, 8.30582703e+02, 1.55371033e+02, 8.89567871e+02,
    1.52180206e+02, 9.48829468e+02 ]
