%YAML:1.0
---
points: [ 4.78818481e+02, 3.21690369e+02, 4.78326385e+02, 3.34564148e+02,
    4.77621185e+02, 3.47870544e+02, 4.76889404e+02, 3.60627533e+02,
    4.76358398e+02, 3.73822388e+02, 4.65846771e+02, 3.21158997e+02,
    4.65479126e+02, 3.34495209e+02, 4.64768829e+02, 3.47496490e+02,
    4.64365570e+02, 3.60717651e+02, 4.63707886e+02, 3.73712891e+02,
    4.52702545e+02, 3.20905701e+02, 4.52206940e+02, 3.33935089e+02,
    4.51805267e+02, 3.47279785e+02, 4.51181427e+02, 3.60428284e+02,
    4.50894379e+02, 3.73700806e+02, 4.39324127e+02, 3.20317078e+02,
    4.39029419e+02, 3.33840210e+02, 4.38566376e+02, 3.46680573e+02,
    4.38080444e+02, 3.60063934e+02, 4.37727173e+02, 3.73218689e+02,
    4.25766296e+02, 3.19861877e+02, 4.25663452e+02, 3.33075562e+02,
    4.25267609e+02, 3.46461700e+02, 4.24769989e+02, 3.59556030e+02,
    4.24600647e+02, 3.72786407e+02, 4.12379822e+02, 3.19240326e+02,
    4.12208191e+02, 3.32685638e+02, 4.11933350e+02, 3.45807526e+02,
    4.11622833e+02, 3.58996185e+02, 4.10987610e+02, 3.72195007e+02,
    3.98860870e+02, 3.18673401e+02, 3.98719849e+02, 3.31861023e+02,
    3.98704224e+02, 3.45226959e+02, 3.98231476e+02, 3.58626526e+02,
    3.97957428e+02, 3.71586548e+02 ]
