%YAML:1.0
---
points: [ 3.73212738e+02, 7.93494080e+02, 3.61268311e+02, 8.28571167e+02,
    3.49385376e+02, 8.64176025e+02, 3.35839478e+02, 9.00316772e+02,
    3.22315308e+02, 9.37221985e+02, 3.44628571e+02, 7.87704346e+02,
    3.32922791e+02, 8.22550476e+02, 3.20812897e+02, 8.57683350e+02,
    3.07585052e+02, 8.93451721e+02, 2.93544800e+02, 9.29827393e+02,
    3.16835266e+02, 7.82257263e+02, 3.04840912e+02, 8.16641724e+02,
    2.92735016e+02, 8.51398804e+02, 2.79632050e+02, 8.86695679e+02,
    2.65519806e+02, 9.22844910e+02, 2.89640930e+02, 7.76621826e+02,
    2.77353027e+02, 8.10655762e+02, 2.65460175e+02, 8.45159668e+02,
    2.52283295e+02, 8.80347412e+02, 2.37898041e+02, 9.15924011e+02,
    2.63353485e+02, 7.71419922e+02, 2.50561813e+02, 8.04819763e+02,
    2.38229416e+02, 8.39083557e+02, 2.25404022e+02, 8.73687988e+02,
    2.11585052e+02, 9.09085266e+02, 2.36830841e+02, 7.65909973e+02,
    2.24054886e+02, 7.99166443e+02, 2.10924896e+02, 8.33078552e+02,
    1.98403091e+02, 8.67248169e+02, 1.84896881e+02, 9.02334351e+02,
    2.10713303e+02, 7.60589478e+02, 1.97852356e+02, 7.93393066e+02,
    1.84735962e+02, 8.27032532e+02, 1.72100403e+02, 8.60944153e+02,
    1.59169159e+02, 8.95596619e+02 ]
