%YAML:1.0
---
points: [ 2.98662628e+02, 2.07282730e+02, 2.99285583e+02, 2.17169510e+02,
    2.99847565e+02, 2.27222290e+02, 3.00490692e+02, 2.37192490e+02,
    3.01131104e+02, 2.47318375e+02, 2.88737549e+02, 2.07718582e+02,
    2.89313782e+02, 2.17808044e+02, 2.89895355e+02, 2.27783585e+02,
    2.90585968e+02, 2.37854141e+02, 2.91169434e+02, 2.47887375e+02,
    2.78844727e+02, 2.08289139e+02, 2.79442871e+02, 2.18336288e+02,
    2.79934814e+02, 2.28297195e+02, 2.80625549e+02, 2.38312698e+02,
    2.81234833e+02, 2.48435669e+02, 2.68852051e+02, 2.08793701e+02,
    2.69552246e+02, 2.18855240e+02, 2.70038605e+02, 2.28870377e+02,
    2.70706207e+02, 2.38939499e+02, 2.71244995e+02, 2.49002319e+02,
    2.58922607e+02, 2.09289597e+02, 2.59601562e+02, 2.19415344e+02,
    2.60013916e+02, 2.29473831e+02, 2.60674988e+02, 2.39523453e+02,
    2.61186218e+02, 2.49659683e+02, 2.48896973e+02, 2.09772766e+02,
    2.49564133e+02, 2.19922638e+02, 2.50014633e+02, 2.30022980e+02,
    2.50647125e+02, 2.40154739e+02, 2.51160065e+02, 2.50190002e+02,
    2.38880707e+02, 2.10484833e+02, 2.39461090e+02, 2.20503098e+02,
    2.39949753e+02, 2.30744766e+02, 2.40526611e+02, 2.40730698e+02,
    2.40963623e+02, 2.50872620e+02 ]
