%YAML:1.0
---
points: [ 3.12921814e+02, 8.10860962e+02, 3.14419678e+02, 8.43691650e+02,
    3.15880981e+02, 8.75549438e+02, 3.16878876e+02, 9.08037659e+02,
    3.17687836e+02, 9.39843872e+02, 2.69775330e+02, 8.13530457e+02,
    2.71841278e+02, 8.46414673e+02, 2.73740112e+02, 8.78848389e+02,
    2.75258698e+02, 9.11492188e+02, 2.76285675e+02, 9.44004700e+02,
    2.25764908e+02, 8.16249207e+02, 2.28386749e+02, 8.49499451e+02,
    2.30515213e+02, 8.82260437e+02, 2.32558792e+02, 9.14826904e+02,
    2.33987518e+02, 9.47746704e+02, 1.81077850e+02, 8.18523132e+02,
    1.83708588e+02, 8.52604370e+02, 1.86596130e+02, 8.85518005e+02,
    1.89316101e+02, 9.18399841e+02, 1.91306915e+02, 9.51395386e+02,
    1.35374237e+02, 8.20663208e+02, 1.38521484e+02, 8.55390137e+02,
    1.42006287e+02, 8.88653992e+02, 1.44953827e+02, 9.21891602e+02,
    1.47875031e+02, 9.54696045e+02, 8.88146362e+01, 8.23278625e+02,
    9.24605255e+01, 8.58380005e+02, 9.62136612e+01, 8.92364929e+02,
    9.99184570e+01, 9.25497986e+02, 1.03273582e+02, 9.58549377e+02,
    4.13397713e+01, 8.25802063e+02, 4.53984871e+01, 8.61318542e+02,
    4.97028503e+01, 8.95781677e+02, 5.39008369e+01, 9.29292053e+02,
    5.83477364e+01, 9.61862610e+02 ]
