%YAML:1.0
---
points: [ 2.94688629e+02, 2.06946426e+02, 2.94981018e+02, 2.17370819e+02,
    2.95384521e+02, 2.27726105e+02, 2.95550812e+02, 2.38180847e+02,
    2.95638123e+02, 2.48629089e+02, 2.85733337e+02, 2.07682678e+02,
    2.86101654e+02, 2.17833801e+02, 2.86515076e+02, 2.28039490e+02,
    2.86691467e+02, 2.38244843e+02, 2.86722290e+02, 2.48718124e+02,
    2.77204285e+02, 2.08231186e+02, 2.77673401e+02, 2.18309387e+02,
    2.77917725e+02, 2.28293045e+02, 2.78052460e+02, 2.38418594e+02,
    2.77992249e+02, 2.48637909e+02, 2.68975067e+02, 2.08874435e+02,
    2.69299835e+02, 2.18729614e+02, 2.69717773e+02, 2.28689270e+02,
    2.69842896e+02, 2.38552765e+02, 2.69764526e+02, 2.48552719e+02,
    2.61099030e+02, 2.09495392e+02, 2.61326172e+02, 2.19154388e+02,
    2.61660065e+02, 2.28879883e+02, 2.61800110e+02, 2.38688721e+02,
    2.61825684e+02, 2.48502625e+02, 2.53509354e+02, 2.09999542e+02,
    2.53666336e+02, 2.19593765e+02, 2.53710663e+02, 2.29197144e+02,
    2.53892059e+02, 2.38804199e+02, 2.54077850e+02, 2.48471954e+02,
    2.45806824e+02, 2.10609680e+02, 2.45911545e+02, 2.19978745e+02,
    2.46088028e+02, 2.29473511e+02, 2.46455276e+02, 2.38897934e+02,
    2.46691681e+02, 2.48395386e+02 ]
