%YAML:1.0
---
points: [ 2.64073120e+02, 3.43884186e+02, 2.65366608e+02, 3.54900330e+02,
    2.66777527e+02, 3.65357513e+02, 2.67960449e+02, 3.76074066e+02,
    2.69327271e+02, 3.86310669e+02, 2.49369537e+02, 3.44309631e+02,
    2.51147369e+02, 3.55108948e+02, 2.52645660e+02, 3.65692169e+02,
    2.54193939e+02, 3.76143585e+02, 2.55343811e+02, 3.86575714e+02,
    2.35070663e+02, 3.44752716e+02, 2.36839417e+02, 3.55461517e+02,
    2.38653259e+02, 3.65942749e+02, 2.40189804e+02, 3.76285706e+02,
    2.41975876e+02, 3.86636353e+02, 2.20664520e+02, 3.45104004e+02,
    2.22782547e+02, 3.55900787e+02, 2.24818146e+02, 3.66275574e+02,
    2.26712463e+02, 3.76508484e+02, 2.28166275e+02, 3.86710388e+02,
    2.06570618e+02, 3.45224915e+02, 2.08613968e+02, 3.56136414e+02,
    2.10995224e+02, 3.66589844e+02, 2.13009384e+02, 3.76607849e+02,
    2.15185333e+02, 3.86461243e+02, 1.92363785e+02, 3.45688232e+02,
    1.94876511e+02, 3.56493042e+02, 1.97168518e+02, 3.67041870e+02,
    1.99660339e+02, 3.76855011e+02, 2.01728302e+02, 3.86632507e+02,
    1.78390457e+02, 3.46071533e+02, 1.80987122e+02, 3.57008423e+02,
    1.83710648e+02, 3.67304260e+02, 1.86153610e+02, 3.77170319e+02,
    1.88852188e+02, 3.86582245e+02 ]
