%YAML:1.0
---
points: [ 1.00990021e+03, 5.31333679e+02, 1.01080908e+03, 5.61251648e+02,
    1.01218701e+03, 5.91512756e+02, 1.01241266e+03, 6.21764771e+02,
    1.01271973e+03, 6.52122925e+02, 9.84902954e+02, 5.33328857e+02,
    9.86157654e+02, 5.62760132e+02, 9.87352783e+02, 5.92501648e+02,
    9.87667847e+02, 6.22370605e+02, 9.87633423e+02, 6.52218201e+02,
    9.61063110e+02, 5.35343689e+02, 9.62236694e+02, 5.64436646e+02,
    9.63327881e+02, 5.93531189e+02, 9.63788391e+02, 6.22765625e+02,
    9.63811157e+02, 6.52220886e+02, 9.38141846e+02, 5.37321472e+02,
    9.38867554e+02, 5.65771362e+02, 9.40094788e+02, 5.94581665e+02,
    9.40615417e+02, 6.23390503e+02, 9.40575500e+02, 6.52292419e+02,
    9.16070251e+02, 5.39241089e+02, 9.16535461e+02, 5.67182434e+02,
    9.17525146e+02, 5.95549438e+02, 9.18270874e+02, 6.23773010e+02,
    9.18598389e+02, 6.52296936e+02, 8.94338379e+02, 5.40868896e+02,
    8.94938782e+02, 5.68607178e+02, 8.95447327e+02, 5.96521729e+02,
    8.96226196e+02, 6.24342041e+02, 8.96647217e+02, 6.52319641e+02,
    8.73141541e+02, 5.42665161e+02, 8.73666748e+02, 5.70086670e+02,
    8.74269226e+02, 5.97454163e+02, 8.74799316e+02, 6.24763428e+02,
    8.75745117e+02, 6.52346680e+02 ]
