%YAML:1.0
---
points: [ 8.54472290e+02, 6.69534912e+02, 8.48445007e+02, 6.40190002e+02,
    8.42303528e+02, 6.11482727e+02, 8.35775574e+02, 5.82763428e+02,
    8.29598816e+02, 5.54699951e+02, 8.81732727e+02, 6.64341064e+02,
    8.75480713e+02, 6.35389404e+02, 8.69446960e+02, 6.07077087e+02,
    8.62940918e+02, 5.78969788e+02, 8.56482300e+02, 5.51138123e+02,
    9.08578735e+02, 6.59338013e+02, 9.01833374e+02, 6.30834473e+02,
    8.95651611e+02, 6.02722351e+02, 8.89536804e+02, 5.75113525e+02,
    8.83013245e+02, 5.47687012e+02, 9.34795532e+02, 6.54213928e+02,
    9.27932129e+02, 6.26391785e+02, 9.21547241e+02, 5.98638733e+02,
    9.15410095e+02, 5.71264526e+02, 9.08857910e+02, 5.44174866e+02,
    9.60461670e+02, 6.49399231e+02, 9.53462708e+02, 6.21778687e+02,
    9.46754272e+02, 5.94628723e+02, 9.40322693e+02, 5.67544922e+02,
    9.34100891e+02, 5.40576782e+02, 9.85497986e+02, 6.44547058e+02,
    9.78335083e+02, 6.17563904e+02, 9.71384644e+02, 5.90780090e+02,
    9.65032349e+02, 5.63973328e+02, 9.58783508e+02, 5.37328918e+02,
    1.00956946e+03, 6.39859558e+02, 1.00250354e+03, 6.13264343e+02,
    9.95558167e+02, 5.86722839e+02, 9.89352600e+02, 5.60248718e+02,
    9.82633118e+02, 5.34222229e+02 ]
