%YAML:1.0
---
points: [ 2.91289001e+02, 3.29766968e+02, 2.86182922e+02, 3.42787750e+02,
    2.81260803e+02, 3.55902557e+02, 2.75595795e+02, 3.69064850e+02,
    2.70056671e+02, 3.82389099e+02, 2.83235291e+02, 3.25984253e+02,
    2.78464417e+02, 3.38507019e+02, 2.73550690e+02, 3.51244537e+02,
    2.68203735e+02, 3.63977753e+02, 2.62336670e+02, 3.76809082e+02,
    2.75743622e+02, 3.22329865e+02, 2.71181580e+02, 3.34565887e+02,
    2.66389404e+02, 3.46788422e+02, 2.61092316e+02, 3.59198730e+02,
    2.55612213e+02, 3.71750458e+02, 2.68754761e+02, 3.18887024e+02,
    2.64075226e+02, 3.30625885e+02, 2.59374115e+02, 3.42690216e+02,
    2.54451874e+02, 3.54735962e+02, 2.48872787e+02, 3.66646973e+02,
    2.62100830e+02, 3.15636322e+02, 2.57462128e+02, 3.27032990e+02,
    2.53016693e+02, 3.38687164e+02, 2.48116653e+02, 3.50411011e+02,
    2.43031586e+02, 3.62252960e+02, 2.55922638e+02, 3.12585449e+02,
    2.51281693e+02, 3.23560364e+02, 2.46416397e+02, 3.34801361e+02,
    2.41962479e+02, 3.46210205e+02, 2.36975677e+02, 3.57670563e+02,
    2.50088867e+02, 3.09789551e+02, 2.46092453e+02, 3.20749847e+02,
    2.40763229e+02, 3.31345795e+02, 2.36374496e+02, 3.42553528e+02,
    2.31423767e+02, 3.53808167e+02 ]
