%YAML:1.0
---
points: [ 1.04086890e+03, 5.26844849e+02, 1.03617529e+03, 5.51326477e+02,
    1.03104871e+03, 5.76898682e+02, 1.02565210e+03, 6.02423462e+02,
    1.02029596e+03, 6.28863159e+02, 1.01099469e+03, 5.21482300e+02,
    1.00557843e+03, 5.46188782e+02, 9.99944885e+02, 5.71430237e+02,
    9.94300720e+02, 5.96967468e+02, 9.88165649e+02, 6.22806152e+02,
    9.81085571e+02, 5.16255737e+02, 9.75298401e+02, 5.40603333e+02,
    9.69441162e+02, 5.65834595e+02, 9.62830994e+02, 5.91430603e+02,
    9.56259705e+02, 6.17328674e+02, 9.51488037e+02, 5.11297180e+02,
    9.45233093e+02, 5.35137817e+02, 9.38664673e+02, 5.60411438e+02,
    9.32053833e+02, 5.85760864e+02, 9.24722168e+02, 6.11476196e+02,
    9.22252686e+02, 5.06410706e+02, 9.15467102e+02, 5.29711670e+02,
    9.08326965e+02, 5.54743652e+02, 9.01107178e+02, 5.80304932e+02,
    8.93455261e+02, 6.06155273e+02, 8.92889771e+02, 5.01352264e+02,
    8.85766418e+02, 5.24659363e+02, 8.78209656e+02, 5.49199402e+02,
    8.70444641e+02, 5.74479553e+02, 8.62395386e+02, 6.00394775e+02,
    8.63964417e+02, 4.95857971e+02, 8.56322937e+02, 5.19286377e+02,
    8.48372742e+02, 5.43492737e+02, 8.40199036e+02, 5.68617004e+02,
    8.31643494e+02, 5.94678223e+02 ]
