%YAML:1.0
---
points: [ 2.71626709e+02, 3.19363525e+02, 2.71852417e+02, 3.32595490e+02,
    2.72128448e+02, 3.45693420e+02, 2.72401886e+02, 3.58989258e+02,
    2.72762115e+02, 3.72274567e+02, 2.58614960e+02, 3.19697998e+02,
    2.58770325e+02, 3.32759003e+02, 2.59022522e+02, 3.45862091e+02,
    2.59435333e+02, 3.59195618e+02, 2.59541901e+02, 3.72441589e+02,
    2.45570541e+02, 3.19974609e+02, 2.45727722e+02, 3.32996918e+02,
    2.45956741e+02, 3.46124756e+02, 2.46198303e+02, 3.59321167e+02,
    2.46564285e+02, 3.72642029e+02, 2.32548416e+02, 3.20119995e+02,
    2.32772629e+02, 3.33254883e+02, 2.32931885e+02, 3.46260437e+02,
    2.33218643e+02, 3.59522491e+02, 2.33320786e+02, 3.72782990e+02,
    2.19483490e+02, 3.20259491e+02, 2.19666092e+02, 3.33406769e+02,
    2.19862381e+02, 3.46479095e+02, 2.20080795e+02, 3.59656189e+02,
    2.20527283e+02, 3.72716095e+02, 2.06423508e+02, 3.20513031e+02,
    2.06637512e+02, 3.33718842e+02, 2.06760239e+02, 3.46875031e+02,
    2.07052963e+02, 3.59927216e+02, 2.07174728e+02, 3.72877838e+02,
    1.93338196e+02, 3.20783142e+02, 1.93534546e+02, 3.33978088e+02,
    1.93737091e+02, 3.47063812e+02, 1.93896255e+02, 3.60187988e+02,
    1.94398514e+02, 3.73051941e+02 ]
