%YAML:1.0
---
points: [ 1.51888647e+03, 5.42358826e+02, 1.51357202e+03, 5.75629639e+02,
    1.50864392e+03, 6.08735779e+02, 1.50236426e+03, 6.41457642e+02,
    1.49633740e+03, 6.74189209e+02, 1.49075244e+03, 5.37679016e+02,
    1.48620642e+03, 5.70291443e+02, 1.48139429e+03, 6.02355408e+02,
    1.47563416e+03, 6.34301819e+02, 1.46948071e+03, 6.65867493e+02,
    1.46457178e+03, 5.33466492e+02, 1.46006824e+03, 5.65165955e+02,
    1.45546680e+03, 5.96408386e+02, 1.45039380e+03, 6.27365967e+02,
    1.44446021e+03, 6.58088013e+02, 1.43997656e+03, 5.29404907e+02,
    1.43529993e+03, 5.60184448e+02, 1.43129749e+03, 5.90636841e+02,
    1.42652783e+03, 6.20748901e+02, 1.42078564e+03, 6.50613892e+02,
    1.41708667e+03, 5.25647339e+02, 1.41213623e+03, 5.55436523e+02,
    1.40799634e+03, 5.85210022e+02, 1.40359875e+03, 6.14416992e+02,
    1.39885767e+03, 6.43778381e+02, 1.39471338e+03, 5.22266663e+02,
    1.39033313e+03, 5.51157349e+02, 1.38564600e+03, 5.80081055e+02,
    1.38147974e+03, 6.08528625e+02, 1.37729688e+03, 6.37193542e+02,
    1.37353503e+03, 5.18649719e+02, 1.36918445e+03, 5.46884644e+02,
    1.36471167e+03, 5.75151489e+02, 1.36078564e+03, 6.02872375e+02,
    1.35727344e+03, 6.30874451e+02 ]
