%YAML:1.0
---
points: [ 1.14683144e+02, 3.19700348e+02, 1.14938843e+02, 3.32772949e+02,
    1.15444420e+02, 3.45608490e+02, 1.15408646e+02, 3.58546631e+02,
    1.15752510e+02, 3.71602753e+02, 1.01993576e+02, 3.19557434e+02,
    1.02518394e+02, 3.32390076e+02, 1.02829849e+02, 3.45078094e+02,
    1.03200493e+02, 3.57946777e+02, 1.03166687e+02, 3.70925598e+02,
    8.94862976e+01, 3.19229736e+02, 9.00082474e+01, 3.32002441e+02,
    9.06267700e+01, 3.44746887e+02, 9.07730103e+01, 3.57498871e+02,
    9.11152878e+01, 3.70339752e+02, 7.73156509e+01, 3.18882904e+02,
    7.77470856e+01, 3.31738434e+02, 7.82409210e+01, 3.44443970e+02,
    7.87802277e+01, 3.56898621e+02, 7.88929443e+01, 3.69704254e+02,
    6.52755966e+01, 3.18632416e+02, 6.56406860e+01, 3.31405945e+02,
    6.63647690e+01, 3.43819305e+02, 6.68205872e+01, 3.56430756e+02,
    6.76080093e+01, 3.68717957e+02, 5.35275230e+01, 3.18378540e+02,
    5.39119911e+01, 3.30740479e+02, 5.43869705e+01, 3.43558411e+02,
    5.52293434e+01, 3.55694427e+02, 5.57579880e+01, 3.68042755e+02,
    4.17455635e+01, 3.17680908e+02, 4.22556534e+01, 3.30547546e+02,
    4.29289398e+01, 3.42712860e+02, 4.36461258e+01, 3.55080658e+02,
    4.48161964e+01, 3.67002197e+02 ]
