%YAML:1.0
---
points: [ 4.71610382e+02, 2.12024536e+02, 4.69795349e+02, 2.23376968e+02,
    4.68041687e+02, 2.34852417e+02, 4.65797882e+02, 2.46144440e+02,
    4.63521423e+02, 2.57283325e+02, 4.61968658e+02, 2.10356033e+02,
    4.60277496e+02, 2.21522034e+02, 4.58462769e+02, 2.32600250e+02,
    4.56366974e+02, 2.43593597e+02, 4.54144226e+02, 2.54379913e+02,
    4.52673584e+02, 2.08808380e+02, 4.51123901e+02, 2.19690292e+02,
    4.49388184e+02, 2.30504715e+02, 4.47524750e+02, 2.41171432e+02,
    4.45301147e+02, 2.51783981e+02, 4.43915253e+02, 2.07252228e+02,
    4.42226929e+02, 2.18008347e+02, 4.40722931e+02, 2.28400986e+02,
    4.38906586e+02, 2.38903152e+02, 4.36879761e+02, 2.49251984e+02,
    4.35677032e+02, 2.06055023e+02, 4.33948395e+02, 2.16259674e+02,
    4.32372406e+02, 2.26571426e+02, 4.30767151e+02, 2.36714249e+02,
    4.29029114e+02, 2.46824936e+02, 4.27662537e+02, 2.04648682e+02,
    4.26039764e+02, 2.14781342e+02, 4.24326172e+02, 2.24716202e+02,
    4.22873474e+02, 2.34661255e+02, 4.21232727e+02, 2.44503922e+02,
    4.20003235e+02, 2.03412735e+02, 4.18332123e+02, 2.13298218e+02,
    4.16829529e+02, 2.23017349e+02, 4.15345184e+02, 2.32737198e+02,
    4.13932281e+02, 2.42333130e+02 ]
