%YAML:1.0
---
points: [ 4.39902191e+02, 2.11689331e+02, 4.42035461e+02, 2.21223587e+02,
    4.43591248e+02, 2.31109497e+02, 4.45908295e+02, 2.40841614e+02,
    4.48094452e+02, 2.50910599e+02, 4.32517273e+02, 2.11041718e+02,
    4.34209625e+02, 2.20902374e+02, 4.36055389e+02, 2.30825485e+02,
    4.38190735e+02, 2.40893280e+02, 4.40425446e+02, 2.50843353e+02,
    4.24730560e+02, 2.10818939e+02, 4.26402435e+02, 2.20746994e+02,
    4.28234802e+02, 2.30781540e+02, 4.30207428e+02, 2.40808090e+02,
    4.32472290e+02, 2.51049698e+02, 4.16789581e+02, 2.10404388e+02,
    4.18597534e+02, 2.20463104e+02, 4.20263214e+02, 2.30582581e+02,
    4.22181915e+02, 2.40846725e+02, 4.24220856e+02, 2.50921249e+02,
    4.08406036e+02, 2.09916351e+02, 4.10351868e+02, 2.19964691e+02,
    4.12028046e+02, 2.30350266e+02, 4.13886169e+02, 2.40730591e+02,
    4.15786072e+02, 2.51132401e+02, 4.00152466e+02, 2.09635559e+02,
    4.01936768e+02, 2.19770889e+02, 4.03782288e+02, 2.29914597e+02,
    4.05547546e+02, 2.40672104e+02, 4.07287994e+02, 2.50978745e+02,
    3.91700745e+02, 2.09191284e+02, 3.93491089e+02, 2.19354843e+02,
    3.95264709e+02, 2.29826767e+02, 3.97005768e+02, 2.40360382e+02,
    3.98605865e+02, 2.51179611e+02 ]
