%YAML:1.0
---
points: [ 1.74925818e+03, 4.42836060e+02, 1.76273889e+03, 4.73037628e+02,
    1.77633325e+03, 5.03898071e+02, 1.79159277e+03, 5.34744995e+02,
    1.80728357e+03, 5.66402039e+02, 1.72829895e+03, 4.43328033e+02,
    1.74134546e+03, 4.74103149e+02, 1.75489661e+03, 5.05281219e+02,
    1.76984949e+03, 5.36545532e+02, 1.78609509e+03, 5.68415405e+02,
    1.70638965e+03, 4.43688141e+02, 1.71954333e+03, 4.75036713e+02,
    1.73316895e+03, 5.06515808e+02, 1.74772705e+03, 5.38506104e+02,
    1.76365894e+03, 5.70612366e+02, 1.68373596e+03, 4.44436615e+02,
    1.69750244e+03, 4.75590302e+02, 1.71059473e+03, 5.07950104e+02,
    1.72507043e+03, 5.40262024e+02, 1.74087402e+03, 5.72837646e+02,
    1.66022839e+03, 4.45334106e+02, 1.67420679e+03, 4.76717682e+02,
    1.68760657e+03, 5.09202789e+02, 1.70165649e+03, 5.42136597e+02,
    1.71678247e+03, 5.75498901e+02, 1.63644397e+03, 4.45742615e+02,
    1.65028064e+03, 4.77614563e+02, 1.66444690e+03, 5.10250275e+02,
    1.67817590e+03, 5.43803040e+02, 1.69259338e+03, 5.77715271e+02,
    1.61241089e+03, 4.46296783e+02, 1.62631873e+03, 4.78517120e+02,
    1.64028564e+03, 5.11512665e+02, 1.65401941e+03, 5.45565918e+02,
    1.66780200e+03, 5.80401184e+02 ]
