%YAML:1.0
---
points: [ 1.44741684e+02, 3.63951508e+02, 1.40223511e+02, 3.73195038e+02,
    1.36169678e+02, 3.82152222e+02, 1.31698441e+02, 3.91022705e+02,
    1.27713615e+02, 3.99886871e+02, 1.31567383e+02, 3.58073334e+02,
    1.27584541e+02, 3.67447815e+02, 1.23428551e+02, 3.76341034e+02,
    1.19592415e+02, 3.85410278e+02, 1.15315918e+02, 3.94218658e+02,
    1.18721405e+02, 3.52328064e+02, 1.14687729e+02, 3.61638123e+02,
    1.10948311e+02, 3.70756378e+02, 1.07056290e+02, 3.79619537e+02,
    1.03422043e+02, 3.88666351e+02, 1.05674347e+02, 3.46175781e+02,
    1.01947929e+02, 3.55886749e+02, 9.83200836e+01, 3.64944855e+02,
    9.48822403e+01, 3.74006500e+02, 9.10902939e+01, 3.82722809e+02,
    9.28851166e+01, 3.40088928e+02, 8.90651703e+01, 3.49957367e+02,
    8.58252945e+01, 3.59188446e+02, 8.23859177e+01, 3.67988586e+02,
    7.93684082e+01, 3.76831573e+02, 7.97871933e+01, 3.34065033e+02,
    7.63598709e+01, 3.43929810e+02, 7.30289688e+01, 3.53439240e+02,
    7.02038879e+01, 3.62331329e+02, 6.70452499e+01, 3.70977844e+02,
    6.67701569e+01, 3.28026184e+02, 6.34491043e+01, 3.37866608e+02,
    6.05875206e+01, 3.47441498e+02, 5.76818390e+01, 3.56422791e+02,
    5.53454819e+01, 3.65128906e+02 ]
