%YAML:1.0
---
points: [ 8.26273804e+01, 2.03814392e+02, 8.34143219e+01, 2.15058044e+02,
    8.42210541e+01, 2.26194992e+02, 8.47137070e+01, 2.37523544e+02,
    8.52494507e+01, 2.48587143e+02, 7.13798141e+01, 2.04660568e+02,
    7.22190399e+01, 2.15653290e+02, 7.30610275e+01, 2.26872284e+02,
    7.37463303e+01, 2.37887634e+02, 7.41524277e+01, 2.49223114e+02,
    6.02910767e+01, 2.05086334e+02, 6.11235886e+01, 2.16438980e+02,
    6.19318962e+01, 2.27555054e+02, 6.26825523e+01, 2.38683746e+02,
    6.30590363e+01, 2.49742828e+02, 4.93187981e+01, 2.05828659e+02,
    5.00190468e+01, 2.16916901e+02, 5.09453773e+01, 2.28036591e+02,
    5.17141113e+01, 2.39182709e+02, 5.22632866e+01, 2.50411011e+02,
    3.86274529e+01, 2.06372086e+02, 3.92952118e+01, 2.17692947e+02,
    4.01615486e+01, 2.28602249e+02, 4.08741341e+01, 2.39795609e+02,
    4.16733627e+01, 2.50774338e+02, 2.79524193e+01, 2.07017502e+02,
    2.86085968e+01, 2.18087524e+02, 2.92729683e+01, 2.29307510e+02,
    3.01822453e+01, 2.40311432e+02, 3.08862534e+01, 2.51431122e+02,
    1.74091587e+01, 2.07649078e+02, 1.80909233e+01, 2.18865799e+02,
    1.87794399e+01, 2.29755753e+02, 1.96830101e+01, 2.40947571e+02,
    2.06261864e+01, 2.51754684e+02 ]
