%YAML:1.0
---
points: [ 2.62234467e+02, 4.86363159e+02, 2.62428253e+02, 5.23929993e+02,
    2.63117462e+02, 5.61494141e+02, 2.61828796e+02, 5.99139526e+02,
    2.60706451e+02, 6.37115540e+02, 2.28295807e+02, 4.86776398e+02,
    2.28762939e+02, 5.24375732e+02, 2.29317276e+02, 5.61676392e+02,
    2.28478195e+02, 5.99174866e+02, 2.26879578e+02, 6.36924683e+02,
    1.94894928e+02, 4.87399536e+02, 1.95494202e+02, 5.24661804e+02,
    1.95838760e+02, 5.62033630e+02, 1.95315430e+02, 5.99266296e+02,
    1.93546814e+02, 6.36756226e+02, 1.62112518e+02, 4.88066772e+02,
    1.62142761e+02, 5.25202637e+02, 1.63071365e+02, 5.62212280e+02,
    1.62622101e+02, 5.99279724e+02, 1.61009323e+02, 6.36605957e+02,
    1.30401764e+02, 4.88673096e+02, 1.29760193e+02, 5.25569946e+02,
    1.30400925e+02, 5.62427673e+02, 1.30270096e+02, 5.99282654e+02,
    1.29451584e+02, 6.36351379e+02, 9.84060974e+01, 4.89324493e+02,
    9.80834732e+01, 5.26002197e+02, 9.76778793e+01, 5.62696045e+02,
    9.79721222e+01, 5.99338867e+02, 9.77326584e+01, 6.36234619e+02,
    6.66903000e+01, 4.89932770e+02, 6.62977295e+01, 5.26416321e+02,
    6.61416931e+01, 5.62871216e+02, 6.63397217e+01, 5.99354004e+02,
    6.68244171e+01, 6.35926636e+02 ]
