%YAML:1.0
---
points: [ 1.00966988e+02, 2.11326904e+02, 9.99451447e+01, 2.21499878e+02,
    9.87435303e+01, 2.31819794e+02, 9.79060516e+01, 2.42164658e+02,
    9.70978851e+01, 2.52646240e+02, 9.26020889e+01, 2.09886505e+02,
    9.13506393e+01, 2.20415924e+02, 9.02042999e+01, 2.30959351e+02,
    8.92308197e+01, 2.41670456e+02, 8.84957123e+01, 2.52272049e+02,
    8.37323151e+01, 2.08416229e+02, 8.24506531e+01, 2.19242172e+02,
    8.12391663e+01, 2.30016937e+02, 8.01857758e+01, 2.40981522e+02,
    7.93043518e+01, 2.51878708e+02, 7.42571640e+01, 2.06878128e+02,
    7.31618195e+01, 2.18026627e+02, 7.18128815e+01, 2.29142258e+02,
    7.05884476e+01, 2.40290466e+02, 6.97090759e+01, 2.51621338e+02,
    6.44647598e+01, 2.05307693e+02, 6.33083420e+01, 2.16706161e+02,
    6.19585915e+01, 2.28062607e+02, 6.06390190e+01, 2.39601562e+02,
    5.95276794e+01, 2.50964813e+02, 5.42842751e+01, 2.03712463e+02,
    5.29868279e+01, 2.15289810e+02, 5.17819824e+01, 2.27016052e+02,
    5.02953491e+01, 2.38794907e+02, 4.90434647e+01, 2.50671188e+02,
    4.35493507e+01, 2.01906952e+02, 4.22657204e+01, 2.13847809e+02,
    4.09868050e+01, 2.25887314e+02, 3.95202675e+01, 2.37894897e+02,
    3.81696892e+01, 2.50080368e+02 ]
