%YAML:1.0
---
points: [ 4.69719757e+02, 5.56094177e+02, 4.61579712e+02, 5.88157959e+02,
    4.53666656e+02, 6.20482544e+02, 4.44568054e+02, 6.52706177e+02,
    4.35350922e+02, 6.85390381e+02, 4.39418884e+02, 5.49727722e+02,
    4.31696808e+02, 5.81656616e+02, 4.23627655e+02, 6.13638855e+02,
    4.14620056e+02, 6.45819519e+02, 4.05159851e+02, 6.78365845e+02,
    4.09572479e+02, 5.43379822e+02, 4.01671967e+02, 5.75256409e+02,
    3.93597687e+02, 6.07158875e+02, 3.84921753e+02, 6.39278137e+02,
    3.75482117e+02, 6.71399963e+02, 3.80290466e+02, 5.37118347e+02,
    3.71858582e+02, 5.68567505e+02, 3.64188507e+02, 6.00539734e+02,
    3.55360840e+02, 6.32419617e+02, 3.45867920e+02, 6.64648193e+02,
    3.51332947e+02, 5.30659790e+02, 3.42755951e+02, 5.62212158e+02,
    3.34564545e+02, 5.93809509e+02, 3.26273529e+02, 6.25612183e+02,
    3.17383759e+02, 6.57680115e+02, 3.22338226e+02, 5.24491211e+02,
    3.13666687e+02, 5.55681335e+02, 3.05113678e+02, 5.87324280e+02,
    2.96833282e+02, 6.18978882e+02, 2.88226196e+02, 6.50721375e+02,
    2.93198730e+02, 5.18275635e+02, 2.84589111e+02, 5.49602722e+02,
    2.76185760e+02, 5.80890747e+02, 2.67682953e+02, 6.12498230e+02,
    2.59612152e+02, 6.44318665e+02 ]
