%YAML:1.0
---
points: [ 1.09848999e+02, 2.14287125e+02, 1.07052216e+02, 2.25446381e+02,
    1.04339752e+02, 2.36420593e+02, 1.01203926e+02, 2.47702606e+02,
    9.81345367e+01, 2.58780182e+02, 9.94168320e+01, 2.12111542e+02,
    9.67320023e+01, 2.23082367e+02, 9.39784317e+01, 2.34135849e+02,
    9.09573975e+01, 2.45208298e+02, 8.77332153e+01, 2.56322327e+02,
    8.92577896e+01, 2.09735611e+02, 8.65340500e+01, 2.20808975e+02,
    8.37279663e+01, 2.31773300e+02, 8.08009338e+01, 2.42746964e+02,
    7.76761322e+01, 2.53814072e+02, 7.92115784e+01, 2.07574310e+02,
    7.63314209e+01, 2.18445435e+02, 7.36929245e+01, 2.29421661e+02,
    7.08339539e+01, 2.40284561e+02, 6.77266998e+01, 2.51334946e+02,
    6.93445969e+01, 2.05376068e+02, 6.65466995e+01, 2.16282913e+02,
    6.37650375e+01, 2.27058807e+02, 6.09895020e+01, 2.37902771e+02,
    5.81352615e+01, 2.48810898e+02, 5.96595421e+01, 2.03298630e+02,
    5.68302422e+01, 2.13896851e+02, 5.38982811e+01, 2.24791946e+02,
    5.12631798e+01, 2.35480225e+02, 4.83588448e+01, 2.46479263e+02,
    4.99962845e+01, 2.00987289e+02, 4.71220665e+01, 2.11770691e+02,
    4.44440765e+01, 2.22350342e+02, 4.16585464e+01, 2.33298035e+02,
    3.90335426e+01, 2.43904312e+02 ]
