%YAML:1.0
---
points: [ 1.17058090e+02, 2.17890594e+02, 1.14179893e+02, 2.28246628e+02,
    1.11249756e+02, 2.38479111e+02, 1.08505676e+02, 2.48823135e+02,
    1.05781380e+02, 2.59026520e+02, 1.05687057e+02, 2.16225800e+02,
    1.02814636e+02, 2.26733261e+02, 9.99006119e+01, 2.37209351e+02,
    9.70930405e+01, 2.47735336e+02, 9.43544540e+01, 2.58197662e+02,
    9.39000549e+01, 2.14421890e+02, 9.09903717e+01, 2.25206711e+02,
    8.81486588e+01, 2.35815201e+02, 8.52878876e+01, 2.46561142e+02,
    8.26450729e+01, 2.57204437e+02, 8.16799164e+01, 2.12541382e+02,
    7.88612289e+01, 2.23583176e+02, 7.59229889e+01, 2.34430893e+02,
    7.32148514e+01, 2.45295273e+02, 7.05027466e+01, 2.56173737e+02,
    6.89693451e+01, 2.10566803e+02, 6.62407608e+01, 2.21965714e+02,
    6.33765678e+01, 2.33044708e+02, 6.06431427e+01, 2.43991302e+02,
    5.79370956e+01, 2.54934143e+02, 5.60290451e+01, 2.08659195e+02,
    5.32329521e+01, 2.20178543e+02, 5.04646568e+01, 2.31633987e+02,
    4.77282562e+01, 2.42792709e+02, 4.51035500e+01, 2.53823608e+02,
    4.26567726e+01, 2.06586777e+02, 3.99563637e+01, 2.18414551e+02,
    3.72674294e+01, 2.30014099e+02, 3.46570129e+01, 2.41470566e+02,
    3.21466980e+01, 2.52532013e+02 ]
