%YAML:1.0
---
points: [ 2.77569336e+02, 4.84134613e+02, 2.73185822e+02, 5.18587769e+02,
    2.68806122e+02, 5.53930664e+02, 2.62537140e+02, 5.89247925e+02,
    2.56284332e+02, 6.25385986e+02, 2.51230652e+02, 4.88873352e+02,
    2.47170639e+02, 5.23463684e+02, 2.42558899e+02, 5.58075500e+02,
    2.36480225e+02, 5.93292114e+02, 2.29442474e+02, 6.28927063e+02,
    2.25810226e+02, 4.93707062e+02, 2.21427536e+02, 5.27798706e+02,
    2.16647812e+02, 5.62263184e+02, 2.10800659e+02, 5.97260315e+02,
    2.03610565e+02, 6.32625305e+02, 2.01290161e+02, 4.98521637e+02,
    1.96125412e+02, 5.32257141e+02, 1.91574127e+02, 5.66355957e+02,
    1.85712433e+02, 6.00947327e+02, 1.78543152e+02, 6.35819275e+02,
    1.77492844e+02, 5.03417053e+02, 1.71784164e+02, 5.36507324e+02,
    1.66703461e+02, 5.70488586e+02, 1.61283356e+02, 6.04572083e+02,
    1.54845825e+02, 6.39474182e+02, 1.53833725e+02, 5.08034760e+02,
    1.48350784e+02, 5.40614624e+02, 1.42298355e+02, 5.74143738e+02,
    1.37034714e+02, 6.08137817e+02, 1.31037811e+02, 6.42635986e+02,
    1.30444550e+02, 5.12500000e+02, 1.24515953e+02, 5.44811218e+02,
    1.18701286e+02, 5.77751038e+02, 1.13249031e+02, 6.11558533e+02,
    1.07966400e+02, 6.45761780e+02 ]
