%YAML:1.0
---
points: [ 4.91595551e+02, 5.66041565e+02, 4.83588654e+02, 5.96358154e+02,
    4.75523743e+02, 6.25846924e+02, 4.67917450e+02, 6.55927856e+02,
    4.59992249e+02, 6.85982117e+02, 4.57327515e+02, 5.61469666e+02,
    4.49209259e+02, 5.92202515e+02, 4.41160553e+02, 6.22546692e+02,
    4.33355682e+02, 6.53133179e+02, 4.25597046e+02, 6.83533386e+02,
    4.21565247e+02, 5.56551208e+02, 4.13378571e+02, 5.87808533e+02,
    4.05448151e+02, 6.18929993e+02, 3.97441223e+02, 6.49890625e+02,
    3.89756866e+02, 6.81207275e+02, 3.84297485e+02, 5.51347229e+02,
    3.76222931e+02, 5.83556274e+02, 3.68262329e+02, 6.15200806e+02,
    3.60256317e+02, 6.46706970e+02, 3.52504303e+02, 6.78519897e+02,
    3.45289764e+02, 5.45866272e+02, 3.37506775e+02, 5.79067017e+02,
    3.29381805e+02, 6.11393799e+02, 3.21559448e+02, 6.43519653e+02,
    3.13597656e+02, 6.75577698e+02, 3.05002716e+02, 5.40445923e+02,
    2.97167297e+02, 5.74266724e+02, 2.89285797e+02, 6.07548523e+02,
    2.81350281e+02, 6.40139893e+02, 2.73618103e+02, 6.72679321e+02,
    2.63189301e+02, 5.34717957e+02, 2.55231140e+02, 5.69414124e+02,
    2.47544495e+02, 6.03259033e+02, 2.39609573e+02, 6.36699463e+02,
    2.31852142e+02, 6.70000793e+02 ]
