%YAML:1.0
---
points: [ 4.79834534e+02, 4.79821434e+01, 4.80961090e+02, 5.95063515e+01,
    4.81598114e+02, 7.12851181e+01, 4.82653564e+02, 8.26294861e+01,
    4.83526581e+02, 9.45597305e+01, 4.69075470e+02, 4.75588226e+01,
    4.69736328e+02, 5.94802284e+01, 4.70571716e+02, 7.08983231e+01,
    4.71281067e+02, 8.27807541e+01, 4.72127319e+02, 9.42888641e+01,
    4.57775482e+02, 4.76299133e+01, 4.58692932e+02, 5.91311226e+01,
    4.58978241e+02, 7.10721283e+01, 4.59825684e+02, 8.26917419e+01,
    4.60659912e+02, 9.47447357e+01, 4.46569672e+02, 4.74477921e+01,
    4.47114471e+02, 5.92153130e+01, 4.47798676e+02, 7.10865097e+01,
    4.48194916e+02, 8.29177628e+01, 4.48897583e+02, 9.47044296e+01,
    4.34710480e+02, 4.76432610e+01, 4.35649261e+02, 5.93465347e+01,
    4.35858643e+02, 7.14401245e+01, 4.36467010e+02, 8.31970749e+01,
    4.36881500e+02, 9.52339706e+01, 4.23069366e+02, 4.76931305e+01,
    4.23592896e+02, 5.96687317e+01, 4.24212158e+02, 7.15049057e+01,
    4.24623810e+02, 8.35664291e+01, 4.24854645e+02, 9.55728149e+01,
    4.11186615e+02, 4.78500290e+01, 4.11889740e+02, 5.97593880e+01,
    4.12264252e+02, 7.17290344e+01, 4.12642456e+02, 8.37981262e+01,
    4.12830902e+02, 9.59608307e+01 ]
