%YAML:1.0
---
points: [ 1.55502588e+03, 5.17672806e+01, 1.55559143e+03, 8.79655533e+01,
    1.55598145e+03, 1.24253471e+02, 1.55731482e+03, 1.59659409e+02,
    1.55835156e+03, 1.95110657e+02, 1.51919568e+03, 5.37986031e+01,
    1.51961731e+03, 9.02020569e+01, 1.51998169e+03, 1.25984337e+02,
    1.52099060e+03, 1.61532669e+02, 1.52229614e+03, 1.96904526e+02,
    1.48313257e+03, 5.56133728e+01, 1.48348706e+03, 9.21030502e+01,
    1.48403076e+03, 1.28112381e+02, 1.48466650e+03, 1.63706650e+02,
    1.48590369e+03, 1.98855087e+02, 1.44711743e+03, 5.78440323e+01,
    1.44779785e+03, 9.37742310e+01, 1.44800940e+03, 1.29917908e+02,
    1.44872986e+03, 1.65674805e+02, 1.44965393e+03, 2.01156158e+02,
    1.41084973e+03, 6.04626732e+01, 1.41166272e+03, 9.60780869e+01,
    1.41220679e+03, 1.32172607e+02, 1.41259558e+03, 1.67793076e+02,
    1.41338171e+03, 2.03406631e+02, 1.37492163e+03, 6.22254601e+01,
    1.37574585e+03, 9.81719589e+01, 1.37659021e+03, 1.33982224e+02,
    1.37706567e+03, 1.69668564e+02, 1.37763074e+03, 2.05226440e+02,
    1.33923755e+03, 6.44603119e+01, 1.34024951e+03, 1.00161163e+02,
    1.34106873e+03, 1.35756363e+02, 1.34163940e+03, 1.71528076e+02,
    1.34200476e+03, 2.07431976e+02 ]
