%YAML:1.0
---
points: [ 4.15808228e+02, 6.43245697e+01, 4.23706329e+02, 7.12305908e+01,
    4.31339783e+02, 7.88979340e+01, 4.39339417e+02, 8.59604111e+01,
    4.47594940e+02, 9.35023193e+01, 4.08611603e+02, 6.81307755e+01,
    4.16305023e+02, 7.56428452e+01, 4.23949371e+02, 8.31381226e+01,
    4.32112823e+02, 9.04998474e+01, 4.40179626e+02, 9.78284225e+01,
    4.01153412e+02, 7.23965073e+01, 4.08654358e+02, 7.99099045e+01,
    4.16481934e+02, 8.75368576e+01, 4.24393921e+02, 9.51011429e+01,
    4.32764191e+02, 1.02676773e+02, 3.93189972e+02, 7.67200012e+01,
    4.00974396e+02, 8.43048782e+01, 4.08653412e+02, 9.20806732e+01,
    4.16646393e+02, 9.98828201e+01, 4.24884125e+02, 1.07397232e+02,
    3.85250458e+02, 8.13731689e+01, 3.92971649e+02, 8.88459625e+01,
    4.00755157e+02, 9.67264099e+01, 4.08669769e+02, 1.04616318e+02,
    4.16874512e+02, 1.12557762e+02, 3.77068176e+02, 8.59390335e+01,
    3.84816010e+02, 9.36095581e+01, 3.92615784e+02, 1.01355293e+02,
    4.00595612e+02, 1.09481956e+02, 4.08690247e+02, 1.17613846e+02,
    3.68753296e+02, 9.06351166e+01, 3.76441498e+02, 9.82303772e+01,
    3.84363892e+02, 1.06280273e+02, 3.92149933e+02, 1.14387970e+02,
    4.00352783e+02, 1.22840378e+02 ]
