%YAML:1.0
---
points: [ 2.56882446e+02, 5.14864006e+01, 2.57582306e+02, 6.32999306e+01,
    2.57842896e+02, 7.51004486e+01, 2.58335693e+02, 8.68074570e+01,
    2.58648407e+02, 9.83430099e+01, 2.45663467e+02, 5.26638565e+01,
    2.45975967e+02, 6.44195251e+01, 2.46599213e+02, 7.62216415e+01,
    2.46828476e+02, 8.78149567e+01, 2.47217758e+02, 9.93567047e+01,
    2.34183823e+02, 5.39714317e+01, 2.34727005e+02, 6.57075043e+01,
    2.35226349e+02, 7.73502579e+01, 2.35670868e+02, 8.89235840e+01,
    2.35862015e+02, 1.00427956e+02, 2.23057449e+02, 5.51692505e+01,
    2.23587418e+02, 6.67631226e+01, 2.24066971e+02, 7.83446350e+01,
    2.24578781e+02, 8.99468384e+01, 2.24786621e+02, 1.01331146e+02,
    2.11933914e+02, 5.64684219e+01, 2.12591812e+02, 6.79321976e+01,
    2.12923538e+02, 7.94368134e+01, 2.13513046e+02, 9.10443726e+01,
    2.13779846e+02, 1.02448784e+02, 2.01045670e+02, 5.76711655e+01,
    2.01547836e+02, 6.90746384e+01, 2.01885666e+02, 8.04039993e+01,
    2.02517136e+02, 9.19398804e+01, 2.02833786e+02, 1.03299011e+02,
    1.90107178e+02, 5.88347893e+01, 1.90666550e+02, 7.01471863e+01,
    1.91029495e+02, 8.14355087e+01, 1.91612061e+02, 9.29245224e+01,
    1.92100098e+02, 1.04265427e+02 ]
