%YAML:1.0
---
points: [ 1.72120166e+03, 2.95520496e+01, 1.72261804e+03, 6.39360771e+01,
    1.72364661e+03, 9.83422165e+01, 1.72623486e+03, 1.32203491e+02,
    1.72822546e+03, 1.66321396e+02, 1.68613965e+03, 3.03149700e+01,
    1.68727234e+03, 6.51125793e+01, 1.68834204e+03, 9.92646027e+01,
    1.69037073e+03, 1.33424332e+02, 1.69254443e+03, 1.67180664e+02,
    1.65070984e+03, 3.16094913e+01, 1.65178101e+03, 6.61125488e+01,
    1.65294873e+03, 1.00531792e+02, 1.65444788e+03, 1.34581833e+02,
    1.65661121e+03, 1.68396179e+02, 1.61540942e+03, 3.29889603e+01,
    1.61672681e+03, 6.70847168e+01, 1.61741980e+03, 1.01713402e+02,
    1.61875574e+03, 1.35743881e+02, 1.62070129e+03, 1.69736542e+02,
    1.57949268e+03, 3.45102844e+01, 1.58081958e+03, 6.84668808e+01,
    1.58183057e+03, 1.02745461e+02, 1.58297766e+03, 1.37194351e+02,
    1.58443286e+03, 1.71384705e+02, 1.54407703e+03, 3.58041229e+01,
    1.54535120e+03, 6.97989197e+01, 1.54674670e+03, 1.03951515e+02,
    1.54751050e+03, 1.38421097e+02, 1.54853223e+03, 1.72598648e+02,
    1.50880444e+03, 3.70825653e+01, 1.51020947e+03, 7.10351410e+01,
    1.51129761e+03, 1.05208603e+02, 1.51204468e+03, 1.39568390e+02,
    1.51276050e+03, 1.74177032e+02 ]
