%YAML:1.0
---
points: [ 1.89666528e+03, 1.29441544e+02, 1.87158069e+03, 1.58317963e+02,
    1.84639111e+03, 1.87118256e+02, 1.82215491e+03, 2.15011215e+02,
    1.79768274e+03, 2.42908356e+02, 1.86419470e+03, 1.08994217e+02,
    1.83919641e+03, 1.37935135e+02, 1.81415503e+03, 1.66584274e+02,
    1.78989893e+03, 1.94538666e+02, 1.76587512e+03, 2.22153793e+02,
    1.83201331e+03, 8.90713348e+01, 1.80709802e+03, 1.17788025e+02,
    1.78244666e+03, 1.46338806e+02, 1.75807812e+03, 1.74336380e+02,
    1.73430286e+03, 2.01813705e+02, 1.79992883e+03, 6.95014877e+01,
    1.77584863e+03, 9.77994232e+01, 1.75094434e+03, 1.26409554e+02,
    1.72670715e+03, 1.54395309e+02, 1.70290771e+03, 1.81830460e+02,
    1.76826196e+03, 5.03887596e+01, 1.74437317e+03, 7.84154587e+01,
    1.71991138e+03, 1.06661697e+02, 1.69565625e+03, 1.34741577e+02,
    1.67166602e+03, 1.62473694e+02, 1.73703174e+03, 3.12663555e+01,
    1.71340283e+03, 5.92520981e+01, 1.68942114e+03, 8.71458206e+01,
    1.66525562e+03, 1.15255821e+02, 1.64117700e+03, 1.42951706e+02,
    1.70657312e+03, 1.23006983e+01, 1.68283130e+03, 4.00805969e+01,
    1.65920557e+03, 6.80356750e+01, 1.63519409e+03, 9.58573227e+01,
    1.61106750e+03, 1.23823448e+02 ]
