%YAML:1.0
---
points: [ 3.02463318e+02, 8.10800476e+01, 2.95464691e+02, 9.20153275e+01,
    2.88695129e+02, 1.02696289e+02, 2.81804382e+02, 1.13239540e+02,
    2.75104767e+02, 1.23462578e+02, 2.92414246e+02, 7.44058380e+01,
    2.85605194e+02, 8.53697739e+01, 2.78833710e+02, 9.61186752e+01,
    2.72145905e+02, 1.06639877e+02, 2.65449677e+02, 1.16934319e+02,
    2.82393829e+02, 6.76755676e+01, 2.75718536e+02, 7.87243271e+01,
    2.69151886e+02, 8.95091019e+01, 2.62478882e+02, 1.00069069e+02,
    2.55940536e+02, 1.10329247e+02, 2.72551849e+02, 6.11829338e+01,
    2.65928040e+02, 7.20828857e+01, 2.59350403e+02, 8.29115601e+01,
    2.52925751e+02, 9.34843445e+01, 2.46399872e+02, 1.03837761e+02,
    2.62657227e+02, 5.45606651e+01, 2.56138733e+02, 6.55354004e+01,
    2.49700211e+02, 7.63345566e+01, 2.43327454e+02, 8.69252167e+01,
    2.37057312e+02, 9.73884354e+01, 2.52949173e+02, 4.81935120e+01,
    2.46435410e+02, 5.89289894e+01, 2.40059784e+02, 6.97615204e+01,
    2.33780228e+02, 8.04042664e+01, 2.27574814e+02, 9.08572159e+01,
    2.43051727e+02, 4.15254059e+01, 2.36710342e+02, 5.25312386e+01,
    2.30454391e+02, 6.33031960e+01, 2.24255981e+02, 7.39957504e+01,
    2.18257095e+02, 8.44457474e+01 ]
