%YAML:1.0
---
points: [ 1.02039429e+03, 1.67357483e+02, 1.00097766e+03, 1.99003525e+02,
    9.82016174e+02, 2.30169617e+02, 9.62864868e+02, 2.60364166e+02,
    9.44172241e+02, 2.90084076e+02, 9.91432190e+02, 1.47867844e+02,
    9.72376587e+02, 1.79857239e+02, 9.53600220e+02, 2.11087524e+02,
    9.34926270e+02, 2.41401810e+02, 9.16320557e+02, 2.71229553e+02,
    9.62497009e+02, 1.28687393e+02, 9.43843811e+02, 1.60697281e+02,
    9.25446838e+02, 1.92081375e+02, 9.07126831e+02, 2.22517548e+02,
    8.88724060e+02, 2.52457016e+02, 9.34038330e+02, 1.09658470e+02,
    9.15439697e+02, 1.41630539e+02, 8.97479126e+02, 1.73104095e+02,
    8.79450867e+02, 2.03710861e+02, 8.61362244e+02, 2.33691833e+02,
    9.05509277e+02, 9.07432861e+01, 8.87294922e+02, 1.22661911e+02,
    8.69405701e+02, 1.54227493e+02, 8.51744202e+02, 1.85045303e+02,
    8.34275818e+02, 2.15169220e+02, 8.77280457e+02, 7.17682877e+01,
    8.59162170e+02, 1.03783890e+02, 8.41423279e+02, 1.35244354e+02,
    8.24145691e+02, 1.66196930e+02, 8.06836975e+02, 1.96456085e+02,
    8.48804626e+02, 5.27127037e+01, 8.31075134e+02, 8.49057846e+01,
    8.13581665e+02, 1.16485435e+02, 7.96616211e+02, 1.47430389e+02,
    7.79881775e+02, 1.77969177e+02 ]
