%YAML:1.0
---
points: [ 2.37821701e+02, 4.56434593e+01, 2.41261261e+02, 5.84147568e+01,
    2.44351471e+02, 7.08765030e+01, 2.47617416e+02, 8.29015045e+01,
    2.50781738e+02, 9.45937881e+01, 2.26785660e+02, 5.04985390e+01,
    2.30282776e+02, 6.34053307e+01, 2.33757217e+02, 7.58479691e+01,
    2.37261215e+02, 8.78529510e+01, 2.40618240e+02, 9.94893951e+01,
    2.15302200e+02, 5.55089874e+01, 2.19226898e+02, 6.84300003e+01,
    2.22988220e+02, 8.09135208e+01, 2.26672928e+02, 9.28644333e+01,
    2.30279190e+02, 1.04441566e+02, 2.03694443e+02, 6.05184402e+01,
    2.08046478e+02, 7.35759583e+01, 2.12007828e+02, 8.59877625e+01,
    2.15940903e+02, 9.79169540e+01, 2.19790527e+02, 1.09479271e+02,
    1.91781708e+02, 6.57167130e+01, 1.96450226e+02, 7.87544174e+01,
    2.00802353e+02, 9.11931000e+01, 2.05028915e+02, 1.03054764e+02,
    2.09057022e+02, 1.14542183e+02, 1.79800919e+02, 7.10318909e+01,
    1.84740112e+02, 8.40331039e+01, 1.89483810e+02, 9.64846954e+01,
    1.93897415e+02, 1.08331848e+02, 1.98201767e+02, 1.19697540e+02,
    1.67500854e+02, 7.64880829e+01, 1.72799255e+02, 8.93794861e+01,
    1.77896774e+02, 1.01878525e+02, 1.82681885e+02, 1.13736610e+02,
    1.87186371e+02, 1.24951050e+02 ]
