%YAML:1.0
---
points: [ 4.60212250e+02, 8.16089249e+01, 4.58849518e+02, 1.17487221e+02,
    4.57758728e+02, 1.52973694e+02, 4.55641418e+02, 1.87783356e+02,
    4.53729858e+02, 2.22861557e+02, 4.25677673e+02, 7.90101013e+01,
    4.24799774e+02, 1.14864731e+02, 4.23726929e+02, 1.50499420e+02,
    4.22161530e+02, 1.85597549e+02, 4.19770294e+02, 2.20277390e+02,
    3.91651581e+02, 7.67519302e+01, 3.90939575e+02, 1.12556725e+02,
    3.89856750e+02, 1.48100708e+02, 3.88270416e+02, 1.83116150e+02,
    3.86282898e+02, 2.17825592e+02, 3.57983246e+02, 7.45344086e+01,
    3.56714050e+02, 1.09987488e+02, 3.56137482e+02, 1.45566589e+02,
    3.54613953e+02, 1.80790466e+02, 3.52754852e+02, 2.15433853e+02,
    3.24575409e+02, 7.24739685e+01, 3.23175842e+02, 1.07725098e+02,
    3.22469635e+02, 1.43333099e+02, 3.21300354e+02, 1.78443954e+02,
    3.19646423e+02, 2.13252060e+02, 2.91063110e+02, 7.05399857e+01,
    2.89791901e+02, 1.05654938e+02, 2.88524750e+02, 1.40670593e+02,
    2.87513123e+02, 1.75950394e+02, 2.86335205e+02, 2.10718765e+02,
    2.57570068e+02, 6.82958374e+01, 2.56159454e+02, 1.03434555e+02,
    2.55075668e+02, 1.38568237e+02, 2.54197495e+02, 1.73463974e+02,
    2.53590759e+02, 2.08490967e+02 ]
