%YAML:1.0
---
points: [ 2.13483292e+02, 4.09153557e+01, 2.14248001e+02, 7.65172577e+01,
    2.15481369e+02, 1.12344353e+02, 2.14815720e+02, 1.46992752e+02,
    2.14403946e+02, 1.82065811e+02, 1.90384872e+02, 4.56482430e+01,
    1.91682098e+02, 8.11786194e+01, 1.92758865e+02, 1.16108810e+02,
    1.92445328e+02, 1.50554810e+02, 1.91372559e+02, 1.84994141e+02,
    1.68240494e+02, 5.04707756e+01, 1.69500870e+02, 8.53694611e+01,
    1.70464172e+02, 1.19700493e+02, 1.70586075e+02, 1.54245255e+02,
    1.69595657e+02, 1.88068497e+02, 1.46804810e+02, 5.52923470e+01,
    1.47479691e+02, 8.94296799e+01, 1.48981171e+02, 1.23585602e+02,
    1.49263214e+02, 1.57467026e+02, 1.48205597e+02, 1.91084915e+02,
    1.26475967e+02, 6.02012062e+01, 1.26526123e+02, 9.35231247e+01,
    1.27717407e+02, 1.27468994e+02, 1.28325943e+02, 1.60900772e+02,
    1.28341019e+02, 1.94204559e+02, 1.05838593e+02, 6.44954224e+01,
    1.06242767e+02, 9.75721207e+01, 1.06434074e+02, 1.30702957e+02,
    1.07485115e+02, 1.64219925e+02, 1.07854675e+02, 1.97081833e+02,
    8.55562286e+01, 6.87269135e+01, 8.58095551e+01, 1.01478043e+02,
    8.63872299e+01, 1.34396301e+02, 8.72150803e+01, 1.66945114e+02,
    8.83876343e+01, 1.99847931e+02 ]
