%YAML:1.0
---
points: [ 1.16705811e+02, 6.58773422e+01, 1.15412476e+02, 7.66208878e+01,
    1.13871559e+02, 8.71762695e+01, 1.12777557e+02, 9.78139877e+01,
    1.11595596e+02, 1.08447380e+02, 1.07577080e+02, 6.16935463e+01,
    1.05920937e+02, 7.24582443e+01, 1.04513351e+02, 8.34345398e+01,
    1.03216469e+02, 9.42272110e+01, 1.02113869e+02, 1.05156708e+02,
    9.78144455e+01, 5.71643753e+01, 9.62588959e+01, 6.83431244e+01,
    9.46826935e+01, 7.93848114e+01, 9.32468338e+01, 9.05256882e+01,
    9.20642014e+01, 1.01684952e+02, 8.78714371e+01, 5.27525101e+01,
    8.61626892e+01, 6.39149513e+01, 8.43866119e+01, 7.52756653e+01,
    8.28823776e+01, 8.66532135e+01, 8.16104355e+01, 9.81034698e+01,
    7.71910934e+01, 4.80059357e+01, 7.56702271e+01, 5.96177444e+01,
    7.37792206e+01, 7.10783920e+01, 7.21048431e+01, 8.26544113e+01,
    7.05528793e+01, 9.43142090e+01, 6.65722427e+01, 4.34375267e+01,
    6.45881882e+01, 5.49401169e+01, 6.28490677e+01, 6.67229080e+01,
    6.09893684e+01, 7.85657425e+01, 5.91858635e+01, 9.04345245e+01,
    5.53579140e+01, 3.84147568e+01, 5.35240364e+01, 5.03917274e+01,
    5.13992958e+01, 6.22161026e+01, 4.94051704e+01, 7.43765640e+01,
    4.74201202e+01, 8.64867401e+01 ]
