%YAML:1.0
---
points: [ 2.75861359e+02, 6.93447037e+01, 2.75137573e+02, 1.02769485e+02,
    2.74302856e+02, 1.36277267e+02, 2.72879059e+02, 1.69341934e+02,
    2.71598511e+02, 2.02279617e+02, 2.38173325e+02, 6.34732552e+01,
    2.37405380e+02, 9.74226379e+01, 2.36568863e+02, 1.31239273e+02,
    2.35304489e+02, 1.64578735e+02, 2.33672287e+02, 1.97530685e+02,
    1.99979156e+02, 5.77993431e+01, 1.99140198e+02, 9.21567307e+01,
    1.98294495e+02, 1.25966400e+02, 1.97111053e+02, 1.59772751e+02,
    1.95585648e+02, 1.93004257e+02, 1.61143112e+02, 5.22088776e+01,
    1.60279312e+02, 8.65419159e+01, 1.59625656e+02, 1.20853157e+02,
    1.58497604e+02, 1.54946747e+02, 1.56748032e+02, 1.88523453e+02,
    1.22353348e+02, 4.67669334e+01, 1.21078896e+02, 8.13001175e+01,
    1.20280647e+02, 1.15741066e+02, 1.19168343e+02, 1.50171021e+02,
    1.17886520e+02, 1.84384033e+02, 8.22934189e+01, 4.09456635e+01,
    8.12506561e+01, 7.58015137e+01, 8.02818451e+01, 1.10463295e+02,
    7.94055710e+01, 1.45240021e+02, 7.81972656e+01, 1.79847046e+02,
    4.15360527e+01, 3.49069023e+01, 4.03854103e+01, 7.02434692e+01,
    3.95579987e+01, 1.05205658e+02, 3.87496071e+01, 1.40251663e+02,
    3.82746277e+01, 1.75390594e+02 ]
