%YAML:1.0
---
points: [ 2.90600647e+02, 8.43304062e+01, 2.88780975e+02, 1.18988571e+02,
    2.86778015e+02, 1.52286087e+02, 2.85496399e+02, 1.85406403e+02,
    2.84010132e+02, 2.17328629e+02, 2.49997757e+02, 7.76353226e+01,
    2.48611435e+02, 1.13127083e+02, 2.47281509e+02, 1.47179764e+02,
    2.46232330e+02, 1.80862396e+02, 2.45356674e+02, 2.13688889e+02,
    2.07409073e+02, 7.09479370e+01, 2.06673630e+02, 1.07249077e+02,
    2.06225052e+02, 1.42198029e+02, 2.05583099e+02, 1.76452057e+02,
    2.05336075e+02, 2.10047180e+02, 1.63347595e+02, 6.37947006e+01,
    1.63425873e+02, 1.01263000e+02, 1.63220474e+02, 1.36741058e+02,
    1.63305054e+02, 1.71722733e+02, 1.63498825e+02, 2.06438400e+02,
    1.17162468e+02, 5.62924957e+01, 1.17826576e+02, 9.46455917e+01,
    1.18472389e+02, 1.31425278e+02, 1.19163490e+02, 1.67109680e+02,
    1.19804764e+02, 2.02072601e+02, 6.89532852e+01, 4.87262344e+01,
    7.04790497e+01, 8.79898834e+01, 7.20623779e+01, 1.26054764e+02,
    7.34584885e+01, 1.62464706e+02, 7.48875122e+01, 1.97969528e+02,
    1.82743893e+01, 4.06862755e+01, 2.09460087e+01, 8.14439774e+01,
    2.34188652e+01, 1.20247833e+02, 2.56723824e+01, 1.57687759e+02,
    2.79062538e+01, 1.93814255e+02 ]
