%YAML:1.0
---
points: [ 4.93035126e+02, 3.13662201e+02, 4.92347076e+02, 3.25449371e+02,
    4.91407745e+02, 3.37609802e+02, 4.90551239e+02, 3.49326660e+02,
    4.89674194e+02, 3.61420319e+02, 4.80693970e+02, 3.12907745e+02,
    4.79878784e+02, 3.25077423e+02, 4.78984497e+02, 3.36871948e+02,
    4.78335693e+02, 3.49033966e+02, 4.77525299e+02, 3.60826813e+02,
    4.67789154e+02, 3.12668030e+02, 4.67205078e+02, 3.24580872e+02,
    4.66680664e+02, 3.36690674e+02, 4.65797302e+02, 3.48513947e+02,
    4.65205566e+02, 3.60562195e+02, 4.54924927e+02, 3.11748016e+02,
    4.54448181e+02, 3.23970642e+02, 4.53748901e+02, 3.35771118e+02,
    4.53218201e+02, 3.47902344e+02, 4.52546936e+02, 3.59722931e+02,
    4.41926880e+02, 3.10965332e+02, 4.41725922e+02, 3.23265411e+02,
    4.41090668e+02, 3.35133270e+02, 4.40557770e+02, 3.46865662e+02,
    4.39960052e+02, 3.58872772e+02, 4.29102112e+02, 3.10403137e+02,
    4.28789612e+02, 3.22481232e+02, 4.28471405e+02, 3.34531433e+02,
    4.27938721e+02, 3.46247223e+02, 4.27399475e+02, 3.57955444e+02,
    4.16304565e+02, 3.09693756e+02, 4.16014954e+02, 3.21631989e+02,
    4.15801147e+02, 3.33629974e+02, 4.15352936e+02, 3.45477936e+02,
    4.14884949e+02, 3.57088196e+02 ]
