%YAML:1.0
---
points: [ 1.58907275e+03, 8.41268738e+02, 1.58865625e+03, 8.77828369e+02,
    1.58778076e+03, 9.14109314e+02, 1.58774475e+03, 9.51059143e+02,
    1.58749060e+03, 9.87887146e+02, 1.54862720e+03, 8.38714478e+02,
    1.54827136e+03, 8.75084351e+02, 1.54762109e+03, 9.11258484e+02,
    1.54743445e+03, 9.47605164e+02, 1.54748389e+03, 9.84512329e+02,
    1.50862415e+03, 8.36140686e+02, 1.50823706e+03, 8.72080017e+02,
    1.50772192e+03, 9.07996399e+02, 1.50750464e+03, 9.44137512e+02,
    1.50748584e+03, 9.80758057e+02, 1.46936755e+03, 8.33508484e+02,
    1.46925574e+03, 8.69445435e+02, 1.46863965e+03, 9.04750916e+02,
    1.46839819e+03, 9.40538330e+02, 1.46831409e+03, 9.76831787e+02,
    1.43036133e+03, 8.30690063e+02, 1.43024792e+03, 8.66422668e+02,
    1.42987988e+03, 9.01798523e+02, 1.42949597e+03, 9.37289978e+02,
    1.42930408e+03, 9.72749329e+02, 1.39216016e+03, 8.28318848e+02,
    1.39212634e+03, 8.63593933e+02, 1.39185950e+03, 8.98744446e+02,
    1.39156787e+03, 9.33894592e+02, 1.39128235e+03, 9.69390381e+02,
    1.35465686e+03, 8.25669128e+02, 1.35460095e+03, 8.60823181e+02,
    1.35450537e+03, 8.96021240e+02, 1.35424463e+03, 9.30643005e+02,
    1.35388635e+03, 9.65566650e+02 ]
