%YAML:1.0
---
points: [ 1.58902100e+03, 8.41168274e+02, 1.58864026e+03, 8.77769104e+02,
    1.58775769e+03, 9.14025757e+02, 1.58771387e+03, 9.50950867e+02,
    1.58745459e+03, 9.87839172e+02, 1.54862463e+03, 8.38636108e+02,
    1.54826379e+03, 8.75049316e+02, 1.54759253e+03, 9.11154419e+02,
    1.54747302e+03, 9.47560059e+02, 1.54744934e+03, 9.84467163e+02,
    1.50862122e+03, 8.36032104e+02, 1.50826062e+03, 8.71895264e+02,
    1.50770081e+03, 9.07963379e+02, 1.50748645e+03, 9.44068787e+02,
    1.50749438e+03, 9.80712708e+02, 1.46938208e+03, 8.33501221e+02,
    1.46925244e+03, 8.69382629e+02, 1.46863257e+03, 9.04668518e+02,
    1.46839417e+03, 9.40487122e+02, 1.46832495e+03, 9.76774475e+02,
    1.43034058e+03, 8.30654602e+02, 1.43025146e+03, 8.66386597e+02,
    1.42978503e+03, 9.01741150e+02, 1.42949084e+03, 9.37203186e+02,
    1.42930640e+03, 9.72660461e+02, 1.39216797e+03, 8.28270020e+02,
    1.39207727e+03, 8.63551331e+02, 1.39191821e+03, 8.98704712e+02,
    1.39156580e+03, 9.33878418e+02, 1.39127808e+03, 9.69287598e+02,
    1.35464880e+03, 8.25608704e+02, 1.35459644e+03, 8.60762573e+02,
    1.35446460e+03, 8.95902222e+02, 1.35425012e+03, 9.30590454e+02,
    1.35390454e+03, 9.65541687e+02 ]
