%YAML:1.0
---
points: [ 1.48145679e+03, 8.16625916e+02, 1.49310950e+03, 8.49614624e+02,
    1.50424487e+03, 8.82383240e+02, 1.51661353e+03, 9.15494568e+02,
    1.52874438e+03, 9.48629395e+02, 1.45060266e+03, 8.30642212e+02,
    1.46208887e+03, 8.63557617e+02, 1.47355884e+03, 8.96375916e+02,
    1.48563049e+03, 9.29636902e+02, 1.49838757e+03, 9.63109009e+02,
    1.41939636e+03, 8.44573486e+02, 1.43087317e+03, 8.77655823e+02,
    1.44248254e+03, 9.10676270e+02, 1.45453662e+03, 9.43849548e+02,
    1.46727368e+03, 9.77497437e+02, 1.38765540e+03, 8.58593933e+02,
    1.39982715e+03, 8.92096069e+02, 1.41126868e+03, 9.25080811e+02,
    1.42339539e+03, 9.58323120e+02, 1.43593970e+03, 9.91902893e+02,
    1.35558887e+03, 8.72628174e+02, 1.36809241e+03, 9.06302002e+02,
    1.37969897e+03, 9.39553284e+02, 1.39165686e+03, 9.72813171e+02,
    1.40390442e+03, 1.00629773e+03, 1.32354639e+03, 8.86997620e+02,
    1.33595801e+03, 9.20759827e+02, 1.34840808e+03, 9.54442078e+02,
    1.36027612e+03, 9.87730042e+02, 1.37234155e+03, 1.02124573e+03,
    1.29149609e+03, 9.01562378e+02, 1.30417944e+03, 9.35552795e+02,
    1.31647302e+03, 9.69349792e+02, 1.32852478e+03, 1.00276501e+03,
    1.34044824e+03, 1.03610925e+03 ]
