%YAML:1.0
---
points: [ 1.00140997e+03, 8.27259766e+02, 1.00165955e+03, 8.61831787e+02,
    1.00188605e+03, 8.96815369e+02, 1.00229285e+03, 9.32443176e+02,
    1.00247821e+03, 9.68196716e+02, 9.66864014e+02, 8.27505493e+02,
    9.67251160e+02, 8.62241272e+02, 9.67465332e+02, 8.97141602e+02,
    9.67740906e+02, 9.32557068e+02, 9.67875366e+02, 9.68511414e+02,
    9.32545044e+02, 8.27709412e+02, 9.32714233e+02, 8.62469360e+02,
    9.32972595e+02, 8.97419189e+02, 9.33202454e+02, 9.32789490e+02,
    9.33260071e+02, 9.68638550e+02, 8.98113647e+02, 8.27953918e+02,
    8.98317749e+02, 8.62849121e+02, 8.98489990e+02, 8.97677185e+02,
    8.98585266e+02, 9.33195374e+02, 8.98523804e+02, 9.68824219e+02,
    8.63703430e+02, 8.28212219e+02, 8.63788208e+02, 8.63248047e+02,
    8.63963013e+02, 8.98124146e+02, 8.64023315e+02, 9.33331177e+02,
    8.63989990e+02, 9.68797180e+02, 8.29208374e+02, 8.28478271e+02,
    8.29259216e+02, 8.63525879e+02, 8.29264587e+02, 8.98650635e+02,
    8.29299988e+02, 9.33686462e+02, 8.29230591e+02, 9.69253967e+02,
    7.94624084e+02, 8.28821167e+02, 7.94616333e+02, 8.64129089e+02,
    7.94658386e+02, 8.99224976e+02, 7.94570923e+02, 9.34308533e+02,
    7.94642090e+02, 9.69514282e+02 ]
