%YAML:1.0
---
points: [ 8.94528809e+02, 8.20908508e+02, 9.09025024e+02, 8.51186096e+02,
    9.23215027e+02, 8.80768250e+02, 9.37472900e+02, 9.10883850e+02,
    9.51648865e+02, 9.40811218e+02, 8.63440247e+02, 8.39009277e+02,
    8.78192383e+02, 8.69202576e+02, 8.92504272e+02, 8.99190918e+02,
    9.07048401e+02, 9.29345886e+02, 9.21612854e+02, 9.59585754e+02,
    8.31576721e+02, 8.57380310e+02, 8.46555176e+02, 8.87638489e+02,
    8.61417114e+02, 9.17759521e+02, 8.76169373e+02, 9.48009033e+02,
    8.90859436e+02, 9.78487366e+02, 7.99321167e+02, 8.75850586e+02,
    8.14607056e+02, 9.06630188e+02, 8.29602112e+02, 9.36755859e+02,
    8.44619995e+02, 9.67198914e+02, 8.59601807e+02, 9.97700806e+02,
    7.66162781e+02, 8.94615723e+02, 7.81913696e+02, 9.25835693e+02,
    7.97350220e+02, 9.56295288e+02, 8.12430237e+02, 9.86552917e+02,
    8.27606689e+02, 1.01689087e+03, 7.32466675e+02, 9.14196716e+02,
    7.48494080e+02, 9.45451111e+02, 7.64327087e+02, 9.76429504e+02,
    7.79741882e+02, 1.00663684e+03, 7.95223206e+02, 1.03698328e+03,
    6.98242798e+02, 9.34088745e+02, 7.14553467e+02, 9.65571289e+02,
    7.30725830e+02, 9.96609131e+02, 7.46609253e+02, 1.02722852e+03,
    7.62340454e+02, 1.05725037e+03 ]
