%YAML:1.0
---
points: [ 1.10345068e+03, 9.05389465e+02, 1.08631323e+03, 9.37371460e+02,
    1.06920605e+03, 9.69431030e+02, 1.05138489e+03, 1.00170978e+03,
    1.03349023e+03, 1.03427405e+03, 1.07342407e+03, 8.84823120e+02,
    1.05666394e+03, 9.16318726e+02, 1.03977832e+03, 9.47821716e+02,
    1.02238831e+03, 9.79548584e+02, 1.00444336e+03, 1.01152423e+03,
    1.04459424e+03, 8.65166443e+02, 1.02803333e+03, 8.96026672e+02,
    1.01136810e+03, 9.27122925e+02, 9.94298462e+02, 9.58180176e+02,
    9.76628418e+02, 9.89489258e+02, 1.01665417e+03, 8.46024658e+02,
    1.00020099e+03, 8.76492004e+02, 9.83767212e+02, 9.06857056e+02,
    9.67043640e+02, 9.37405212e+02, 9.49580200e+02, 9.68206238e+02,
    9.89775269e+02, 8.27540222e+02, 9.73372314e+02, 8.57409424e+02,
    9.57160522e+02, 8.87405334e+02, 9.40590759e+02, 9.17368225e+02,
    9.23798340e+02, 9.47620178e+02, 9.63553467e+02, 8.09632996e+02,
    9.47373474e+02, 8.38945129e+02, 9.30890503e+02, 8.68375977e+02,
    9.14780273e+02, 8.97966248e+02, 8.98327271e+02, 9.27697266e+02,
    9.37931458e+02, 7.92305359e+02, 9.21766724e+02, 8.21059753e+02,
    9.05716003e+02, 8.50197449e+02, 8.89633972e+02, 8.79205322e+02,
    8.73704956e+02, 9.08466858e+02 ]
