%YAML:1.0
---
points: [ 4.30077301e+02, 8.54595398e+02, 4.29616089e+02, 8.91856506e+02,
    4.29681915e+02, 9.29207458e+02, 4.28063568e+02, 9.66711731e+02,
    4.26546265e+02, 1.00474152e+03, 4.00719604e+02, 8.50749512e+02,
    4.00974243e+02, 8.87531006e+02, 4.00931885e+02, 9.24346252e+02,
    3.99590424e+02, 9.61520813e+02, 3.97511841e+02, 9.99188538e+02,
    3.72495667e+02, 8.47126892e+02, 3.72639496e+02, 8.83450806e+02,
    3.72554260e+02, 9.19749084e+02, 3.71547363e+02, 9.56369019e+02,
    3.69670746e+02, 9.93497620e+02, 3.44974121e+02, 8.43472290e+02,
    3.44572693e+02, 8.79554260e+02, 3.44902161e+02, 9.15367981e+02,
    3.44382568e+02, 9.51471191e+02, 3.42585358e+02, 9.87895081e+02,
    3.18638397e+02, 8.39536377e+02, 3.17759521e+02, 8.75522034e+02,
    3.17837738e+02, 9.10842957e+02, 3.17597931e+02, 9.46427246e+02,
    3.16692383e+02, 9.82291077e+02, 2.92268524e+02, 8.36017761e+02,
    2.91638336e+02, 8.71449219e+02, 2.90917480e+02, 9.06876099e+02,
    2.90895782e+02, 9.41817200e+02, 2.90554749e+02, 9.77111877e+02,
    2.66187622e+02, 8.32755981e+02, 2.65490814e+02, 8.67539917e+02,
    2.65247406e+02, 9.02683350e+02, 2.65065491e+02, 9.37461426e+02,
    2.65316010e+02, 9.71843811e+02 ]
