%YAML:1.0
---
points: [ 4.72846527e+02, 8.32159668e+02, 4.72402985e+02, 8.66662109e+02,
    4.71852753e+02, 9.01407532e+02, 4.71549438e+02, 9.36403259e+02,
    4.71123230e+02, 9.71553162e+02, 4.34287262e+02, 8.36840881e+02,
    4.33790558e+02, 8.71815857e+02, 4.33438782e+02, 9.07246399e+02,
    4.33074677e+02, 9.42698120e+02, 4.32632233e+02, 9.78612244e+02,
    3.94553101e+02, 8.41593933e+02, 3.93969879e+02, 8.77361023e+02,
    3.93532593e+02, 9.13239746e+02, 3.93183594e+02, 9.49331543e+02,
    3.92688324e+02, 9.85635315e+02, 3.53288055e+02, 8.46502563e+02,
    3.52896362e+02, 8.83043823e+02, 3.52516785e+02, 9.19254883e+02,
    3.52152405e+02, 9.55733398e+02, 3.51577057e+02, 9.92765076e+02,
    3.10687469e+02, 8.51458801e+02, 3.10430420e+02, 8.88708496e+02,
    3.10024933e+02, 9.25589294e+02, 3.09587372e+02, 9.62667297e+02,
    3.09244843e+02, 9.99972961e+02, 2.66712921e+02, 8.56699280e+02,
    2.66495453e+02, 8.94569397e+02, 2.66170013e+02, 9.32504639e+02,
    2.65753113e+02, 9.70028625e+02, 2.65517639e+02, 1.00761188e+03,
    2.21612411e+02, 8.61989563e+02, 2.21402405e+02, 9.00714233e+02,
    2.21219849e+02, 9.38991272e+02, 2.20921402e+02, 9.77096497e+02,
    2.20734192e+02, 1.01520282e+03 ]
