%YAML:1.0
---
points: [ 5.26254822e+02, 9.01322998e+02, 5.17520020e+02, 9.30994934e+02,
    5.08635681e+02, 9.59808411e+02, 5.00290344e+02, 9.89585571e+02,
    4.91786194e+02, 1.01866748e+03, 4.86547668e+02, 9.00730530e+02,
    4.78085236e+02, 9.30520447e+02, 4.69631409e+02, 9.60061584e+02,
    4.61251068e+02, 9.89933167e+02, 4.53228424e+02, 1.01984113e+03,
    4.45552063e+02, 8.99858398e+02, 4.37423004e+02, 9.30339905e+02,
    4.29047394e+02, 9.60343262e+02, 4.21133545e+02, 9.90483337e+02,
    4.13064514e+02, 1.02069092e+03, 4.03251923e+02, 8.98647644e+02,
    3.95386749e+02, 9.30323608e+02, 3.87374268e+02, 9.60427551e+02,
    3.79661530e+02, 9.90711792e+02, 3.71854004e+02, 1.02149548e+03,
    3.59460175e+02, 8.97356873e+02, 3.51646667e+02, 9.29676392e+02,
    3.44228363e+02, 9.60529419e+02, 3.36843628e+02, 9.91118225e+02,
    3.29451660e+02, 1.02145172e+03, 3.13914551e+02, 8.96466003e+02,
    3.06725433e+02, 9.29121216e+02, 2.99534302e+02, 9.61057434e+02,
    2.92510651e+02, 9.91750549e+02, 2.85774536e+02, 1.02241968e+03,
    2.67155182e+02, 8.95379395e+02, 2.60272980e+02, 9.28690918e+02,
    2.53700546e+02, 9.60954468e+02, 2.47191147e+02, 9.92459351e+02,
    2.40669693e+02, 1.02283563e+03 ]
