%YAML:1.0
---
cameraMatrix: !!opencv-matrix
   rows: 3
   cols: 3
   dt: d
   data: [ 3.6802243896239366e+02, 0., 2.5274842752840590e+02, 0.,
       3.6860102926709357e+02, 2.0933509406033835e+02, 0., 0., 1. ]
distortionCoefficients: !!opencv-matrix
   rows: 1
   cols: 5
   dt: d
   data: [ 1.2068356895118514e-01, -3.1817888324966653e-01,
       -4.6488440583463938e-05, -5.9012127236092861e-04,
       1.2689811524649827e-01 ]
rotation: !!opencv-matrix
   rows: 3
   cols: 3
   dt: d
   data: [ 1., 0., 0., 0., 1., 0., 0., 0., 1. ]
projection: !!opencv-matrix
   rows: 4
   cols: 4
   dt: d
   data: [ 3.6802243896239366e+02, 0., 2.5274842752840590e+02, 0., 0.,
       3.6860102926709357e+02, 2.0933509406033835e+02, 0., 0., 0., 1.,
       0., 0., 0., 0., 1. ]
