%YAML:1.0
points: [ 1.34438086e+03, 6.84546387e+02, 1.33607776e+03, 7.06647522e+02,
    1.32785840e+03, 7.28947083e+02, 1.31942371e+03, 7.51231018e+02,
    1.31108923e+03, 7.73421265e+02, 1.32218201e+03, 6.75697083e+02,
    1.31358655e+03, 6.97773560e+02, 1.30543250e+03, 7.19836304e+02,
    1.29680566e+03, 7.42108826e+02, 1.28855945e+03, 7.64406860e+02,
    1.29981848e+03, 6.67107910e+02, 1.29138232e+03, 6.89034485e+02,
    1.28282581e+03, 7.10924011e+02, 1.27450671e+03, 7.33197998e+02,
    1.26633911e+03, 7.55542358e+02, 1.27798535e+03, 6.58306213e+02,
    1.26926208e+03, 6.80229187e+02, 1.26053674e+03, 7.02253540e+02,
    1.25232666e+03, 7.24422485e+02, 1.24405164e+03, 7.46601318e+02,
    1.25586255e+03, 6.49466553e+02, 1.24691235e+03, 6.71403137e+02,
    1.23842017e+03, 6.93443726e+02, 1.23005798e+03, 7.15466248e+02,
    1.22181702e+03, 7.37674622e+02, 1.23377271e+03, 6.40738525e+02,
    1.22486084e+03, 6.62628784e+02, 1.21627869e+03, 6.84536926e+02,
    1.20795374e+03, 7.06545715e+02, 1.19956665e+03, 7.28825378e+02,
    1.21160962e+03, 6.31905762e+02, 1.20278857e+03, 6.53833801e+02,
    1.19429968e+03, 6.75694092e+02, 1.18586572e+03, 6.97774231e+02,
    1.17738928e+03, 7.19935669e+02 ]
