%YAML:1.0
points: [ 1.01234668e+03, 5.13592285e+02, 1.01240784e+03, 5.33438843e+02,
    1.01248346e+03, 5.53137878e+02, 1.01265686e+03, 5.72721741e+02,
    1.01284723e+03, 5.92541443e+02, 9.92659058e+02, 5.13666199e+02,
    9.92640747e+02, 5.33530518e+02, 9.92731201e+02, 5.53255005e+02,
    9.92870361e+02, 5.72911865e+02, 9.93187500e+02, 5.92598267e+02,
    9.73097778e+02, 5.13759827e+02, 9.73111389e+02, 5.33624695e+02,
    9.73167725e+02, 5.53356873e+02, 9.73419922e+02, 5.73025513e+02,
    9.73386230e+02, 5.92686462e+02, 9.53319519e+02, 5.13863525e+02,
    9.53378235e+02, 5.33641602e+02, 9.53450134e+02, 5.53501770e+02,
    9.53530457e+02, 5.73122864e+02, 9.53647949e+02, 5.92992615e+02,
    9.33513550e+02, 5.14078979e+02, 9.33510742e+02, 5.33755920e+02,
    9.33588074e+02, 5.53567810e+02, 9.33714233e+02, 5.73313049e+02,
    9.33981506e+02, 5.93070740e+02, 9.13817261e+02, 5.14151550e+02,
    9.13884338e+02, 5.33780273e+02, 9.13919495e+02, 5.53684021e+02,
    9.14048096e+02, 5.73421448e+02, 9.14360168e+02, 5.93241699e+02,
    8.94350708e+02, 5.14281616e+02, 8.94313599e+02, 5.33988220e+02,
    8.94362183e+02, 5.53715088e+02, 8.94433838e+02, 5.73480713e+02,
    8.94599792e+02, 5.93296875e+02 ]
