%YAML:1.0
points: [ 4.06893677e+02, 1.05453445e+02, 4.10381958e+02, 1.12671844e+02,
    4.13914032e+02, 1.20037514e+02, 4.17423676e+02, 1.27313004e+02,
    4.20881866e+02, 1.34745972e+02, 3.99539978e+02, 1.08739014e+02,
    4.03045807e+02, 1.16157677e+02, 4.06477234e+02, 1.23327278e+02,
    4.10053772e+02, 1.30686600e+02, 4.13554718e+02, 1.38067184e+02,
    3.92265045e+02, 1.12117104e+02, 3.95643005e+02, 1.19502350e+02,
    3.99101898e+02, 1.26831024e+02, 4.02533844e+02, 1.34087296e+02,
    4.06161591e+02, 1.41483475e+02, 3.84997681e+02, 1.15387749e+02,
    3.88285919e+02, 1.22834915e+02, 3.91619476e+02, 1.30183121e+02,
    3.95216980e+02, 1.37469772e+02, 3.98765259e+02, 1.44821442e+02,
    3.77607056e+02, 1.18758430e+02, 3.80872681e+02, 1.26217705e+02,
    3.84295441e+02, 1.33566574e+02, 3.87744598e+02, 1.40875580e+02,
    3.91282379e+02, 1.48240097e+02, 3.70054443e+02, 1.22129570e+02,
    3.73382324e+02, 1.29645096e+02, 3.76800812e+02, 1.36983078e+02,
    3.80280609e+02, 1.44317261e+02, 3.83832397e+02, 1.51611511e+02,
    3.62675903e+02, 1.25593132e+02, 3.65975861e+02, 1.32931290e+02,
    3.69370514e+02, 1.40326752e+02, 3.72787048e+02, 1.47677917e+02,
    3.76274750e+02, 1.55074280e+02 ]
