%YAML:1.0
points: [ 1.26208777e+03, 6.14278503e+02, 1.24232849e+03, 6.14332825e+02,
    1.22247729e+03, 6.14368347e+02, 1.20275220e+03, 6.14484802e+02,
    1.18329028e+03, 6.14605225e+02, 1.26184521e+03, 5.94527832e+02,
    1.24214978e+03, 5.94540283e+02, 1.22228345e+03, 5.94647705e+02,
    1.20252600e+03, 5.94799927e+02, 1.18276941e+03, 5.94908142e+02,
    1.26181140e+03, 5.74812195e+02, 1.24172083e+03, 5.74868958e+02,
    1.22196606e+03, 5.74888245e+02, 1.20240015e+03, 5.75142090e+02,
    1.18247742e+03, 5.75262878e+02, 1.26144482e+03, 5.55173096e+02,
    1.24161987e+03, 5.55194580e+02, 1.22178687e+03, 5.55240845e+02,
    1.20216638e+03, 5.55260681e+02, 1.18226929e+03, 5.55460022e+02,
    1.26107434e+03, 5.35339478e+02, 1.24156165e+03, 5.35377930e+02,
    1.22157593e+03, 5.35408936e+02, 1.20207837e+03, 5.35506104e+02,
    1.18212524e+03, 5.35702148e+02, 1.26102222e+03, 5.15618164e+02,
    1.24131543e+03, 5.15707947e+02, 1.22149854e+03, 5.15759216e+02,
    1.20163940e+03, 5.15875549e+02, 1.18206299e+03, 5.16130676e+02,
    1.26096289e+03, 4.95945343e+02, 1.24112048e+03, 4.96095886e+02,
    1.22134094e+03, 4.96185577e+02, 1.20153723e+03, 4.96262909e+02,
    1.18171069e+03, 4.96513580e+02 ]
