%YAML:1.0
points: [ 2.08294785e+02, 2.39811356e+02, 2.08737000e+02, 2.46822662e+02,
    2.08740234e+02, 2.53798965e+02, 2.09092316e+02, 2.60831116e+02,
    2.09527634e+02, 2.67830414e+02, 2.01457916e+02, 2.40273560e+02,
    2.01694992e+02, 2.47310364e+02, 2.01808350e+02, 2.54332626e+02,
    2.02299881e+02, 2.61352753e+02, 2.02750168e+02, 2.68467255e+02,
    1.94410446e+02, 2.40790253e+02, 1.94658508e+02, 2.47827347e+02,
    1.94865616e+02, 2.54894577e+02, 1.95282532e+02, 2.62003632e+02,
    1.95593872e+02, 2.69260162e+02, 1.87226883e+02, 2.41239227e+02,
    1.87618530e+02, 2.48344528e+02, 1.87795944e+02, 2.55490570e+02,
    1.88116867e+02, 2.62732056e+02, 1.88442581e+02, 2.69798859e+02,
    1.80079575e+02, 2.41772934e+02, 1.80367477e+02, 2.48915115e+02,
    1.80607544e+02, 2.56013885e+02, 1.80848312e+02, 2.63335114e+02,
    1.81174957e+02, 2.70512115e+02, 1.72678696e+02, 2.42102158e+02,
    1.72998627e+02, 2.49520828e+02, 1.73336792e+02, 2.56704590e+02,
    1.73615982e+02, 2.63956573e+02, 1.73796417e+02, 2.71179901e+02,
    1.65324097e+02, 2.42796143e+02, 1.65596970e+02, 2.49915421e+02,
    1.65848099e+02, 2.57431183e+02, 1.66113785e+02, 2.64638092e+02,
    1.66371307e+02, 2.72027222e+02 ]
