%YAML:1.0
points: [ 6.52346558e+02, 4.93468872e+02, 6.72291687e+02, 4.93718903e+02,
    6.92072144e+02, 4.94095642e+02, 7.12032410e+02, 4.94619080e+02,
    7.31678772e+02, 4.95070526e+02, 6.51951721e+02, 5.13184753e+02,
    6.71738708e+02, 5.13490479e+02, 6.91589111e+02, 5.13889648e+02,
    7.11538147e+02, 5.14342712e+02, 7.31382629e+02, 5.14722229e+02,
    6.51470154e+02, 5.32923645e+02, 6.71343140e+02, 5.33318909e+02,
    6.91313171e+02, 5.33628235e+02, 7.11073242e+02, 5.34047485e+02,
    7.31017639e+02, 5.34489197e+02, 6.50972961e+02, 5.52676636e+02,
    6.70763428e+02, 5.53134216e+02, 6.90882324e+02, 5.53448303e+02,
    7.10632690e+02, 5.53719421e+02, 7.30475525e+02, 5.54345276e+02,
    6.50452271e+02, 5.72462341e+02, 6.70411377e+02, 5.72665100e+02,
    6.90473450e+02, 5.73204041e+02, 7.10310181e+02, 5.73500671e+02,
    7.29829773e+02, 5.73983826e+02, 6.50056763e+02, 5.92292969e+02,
    6.69884033e+02, 5.92504883e+02, 6.90068542e+02, 5.92880005e+02,
    7.09743042e+02, 5.93302185e+02, 7.29449524e+02, 5.93651550e+02,
    6.49380066e+02, 6.12169189e+02, 6.69546631e+02, 6.12460876e+02,
    6.89601685e+02, 6.12613708e+02, 7.09183350e+02, 6.13112366e+02,
    7.29171570e+02, 6.13439148e+02 ]
