%YAML:1.0
points: [ 1.70222412e+02, 1.05713104e+02, 1.74657318e+02, 1.12386063e+02,
    1.79097610e+02, 1.19015991e+02, 1.83720154e+02, 1.25853889e+02,
    1.88235474e+02, 1.32468781e+02, 1.63399780e+02, 1.10283119e+02,
    1.67998871e+02, 1.17009438e+02, 1.72448914e+02, 1.23594391e+02,
    1.77053635e+02, 1.30309113e+02, 1.81487167e+02, 1.36959824e+02,
    1.56759750e+02, 1.14747826e+02, 1.61276688e+02, 1.21469475e+02,
    1.65758347e+02, 1.28188736e+02, 1.70266418e+02, 1.34886780e+02,
    1.74711609e+02, 1.41567581e+02, 1.49868561e+02, 1.19261772e+02,
    1.54377274e+02, 1.26049232e+02, 1.59020523e+02, 1.32755417e+02,
    1.63525452e+02, 1.39397354e+02, 1.68141205e+02, 1.46110184e+02,
    1.43145996e+02, 1.23712471e+02, 1.47685944e+02, 1.30464249e+02,
    1.52255386e+02, 1.37276611e+02, 1.56792206e+02, 1.44003708e+02,
    1.61275452e+02, 1.50625427e+02, 1.36311172e+02, 1.28265656e+02,
    1.40898636e+02, 1.35082138e+02, 1.45384552e+02, 1.41671280e+02,
    1.50011810e+02, 1.48436310e+02, 1.54566147e+02, 1.55159424e+02,
    1.29623337e+02, 1.32772644e+02, 1.34092987e+02, 1.39452225e+02,
    1.38672607e+02, 1.46239685e+02, 1.43120132e+02, 1.53010330e+02,
    1.47751846e+02, 1.59697357e+02 ]
