%YAML:1.0
points: [ 3.66074158e+02, 2.41177887e+02, 3.59884827e+02, 2.44882050e+02,
    3.54047577e+02, 2.48198959e+02, 3.47681854e+02, 2.52270493e+02,
    3.41570068e+02, 2.55692474e+02, 3.61306549e+02, 2.35295532e+02,
    3.55625183e+02, 2.38817551e+02, 3.49790039e+02, 2.42467545e+02,
    3.43840759e+02, 2.45982910e+02, 3.38026154e+02, 2.49818848e+02,
    3.57515869e+02, 2.29488419e+02, 3.51585632e+02, 2.32965424e+02,
    3.45518524e+02, 2.36497406e+02, 3.39642303e+02, 2.40114929e+02,
    3.34010223e+02, 2.43416214e+02, 3.52909149e+02, 2.23520462e+02,
    3.47372589e+02, 2.26962051e+02, 3.41440399e+02, 2.30647125e+02,
    3.35636047e+02, 2.34200943e+02, 3.30086823e+02, 2.37894775e+02,
    3.49441467e+02, 2.17609879e+02, 3.43366486e+02, 2.21252609e+02,
    3.37540588e+02, 2.24835403e+02, 3.31661163e+02, 2.28337799e+02,
    3.25824799e+02, 2.31686371e+02, 3.44806732e+02, 2.11933350e+02,
    3.39343567e+02, 2.15464432e+02, 3.33306396e+02, 2.19244751e+02,
    3.27648315e+02, 2.22554260e+02, 3.22243958e+02, 2.26141907e+02,
    3.41335236e+02, 2.06740829e+02, 3.36027374e+02, 2.09616852e+02,
    3.29505951e+02, 2.14072113e+02, 3.23889496e+02, 2.16635483e+02,
    3.17732574e+02, 2.20687973e+02 ]
