%YAML:1.0
points: [ 3.51990784e+02, 1.35438004e+02, 3.54989960e+02, 1.41308197e+02,
    3.57870483e+02, 1.47974365e+02, 3.61071045e+02, 1.54391953e+02,
    3.63893311e+02, 1.60369385e+02, 3.45234924e+02, 1.38819931e+02,
    3.48353760e+02, 1.44936569e+02, 3.51188049e+02, 1.51227020e+02,
    3.54235962e+02, 1.57202408e+02, 3.57205109e+02, 1.63408630e+02,
    3.38882019e+02, 1.41482269e+02, 3.41352631e+02, 1.47957733e+02,
    3.44466980e+02, 1.54259415e+02, 3.47399902e+02, 1.60450424e+02,
    3.50333344e+02, 1.66266205e+02, 3.32292114e+02, 1.45440216e+02,
    3.35200378e+02, 1.51846786e+02, 3.38158051e+02, 1.57853363e+02,
    3.40817780e+02, 1.63656891e+02, 3.44171875e+02, 1.69582825e+02,
    3.25371857e+02, 1.48066895e+02, 3.28287262e+02, 1.54050903e+02,
    3.31540863e+02, 1.60684036e+02, 3.34382965e+02, 1.66774506e+02,
    3.36837830e+02, 1.72443497e+02, 3.19524078e+02, 1.52043900e+02,
    3.22187256e+02, 1.57852325e+02, 3.25057953e+02, 1.64241211e+02,
    3.27975677e+02, 1.69867416e+02, 3.31199768e+02, 1.75561584e+02,
    3.13528503e+02, 1.54612762e+02, 3.15431305e+02, 1.60357895e+02,
    3.19183624e+02, 1.67210236e+02, 3.21359100e+02, 1.72700562e+02,
    3.24552582e+02, 1.78490128e+02 ]
