%YAML:1.0
points: [ 1.05037927e+03, 3.22961853e+02, 1.05087280e+03, 3.42685974e+02,
    1.05139331e+03, 3.62300659e+02, 1.05197693e+03, 3.81777893e+02,
    1.05264990e+03, 4.01436859e+02, 1.03092322e+03, 3.23506287e+02,
    1.03131714e+03, 3.43264740e+02, 1.03175488e+03, 3.62731354e+02,
    1.03238330e+03, 3.82427765e+02, 1.03276514e+03, 4.01894897e+02,
    1.01125171e+03, 3.23802917e+02, 1.01160840e+03, 3.43724182e+02,
    1.01219403e+03, 3.63244324e+02, 1.01259320e+03, 3.82664429e+02,
    1.01312769e+03, 4.02440308e+02, 9.91543823e+02, 3.24398193e+02,
    9.92167542e+02, 3.44118896e+02, 9.92473083e+02, 3.63756927e+02,
    9.92948669e+02, 3.83259430e+02, 9.93549927e+02, 4.02857544e+02,
    9.71955383e+02, 3.24793274e+02, 9.72445984e+02, 3.44526825e+02,
    9.72897461e+02, 3.64294647e+02, 9.73429504e+02, 3.83625916e+02,
    9.73836975e+02, 4.03375610e+02, 9.52441284e+02, 3.25326691e+02,
    9.52765930e+02, 3.44903473e+02, 9.53351318e+02, 3.64601898e+02,
    9.53702393e+02, 3.84196350e+02, 9.54278381e+02, 4.03704407e+02,
    9.32705017e+02, 3.25607819e+02, 9.33223938e+02, 3.45403015e+02,
    9.33534424e+02, 3.65089478e+02, 9.34048401e+02, 3.84695923e+02,
    9.34474731e+02, 4.04300110e+02 ]
