%YAML:1.0
points: [ 6.35480225e+02, 6.73178284e+02, 6.53478271e+02, 6.88376465e+02,
    6.71618042e+02, 7.03407410e+02, 6.89774353e+02, 7.18513123e+02,
    7.08198792e+02, 7.33700012e+02, 6.20331665e+02, 6.91454102e+02,
    6.38493408e+02, 7.06617859e+02, 6.56520874e+02, 7.21658020e+02,
    6.74597473e+02, 7.36956543e+02, 6.92848816e+02, 7.52058411e+02,
    6.05085754e+02, 7.09883301e+02, 6.23369385e+02, 7.24873413e+02,
    6.41422974e+02, 7.40126648e+02, 6.59595642e+02, 7.55392334e+02,
    6.77667419e+02, 7.70609436e+02, 5.89486145e+02, 7.28318542e+02,
    6.07955444e+02, 7.43371033e+02, 6.26304688e+02, 7.58501770e+02,
    6.44361267e+02, 7.73710266e+02, 6.62562317e+02, 7.89060852e+02,
    5.74206299e+02, 7.46804382e+02, 5.92646729e+02, 7.61954712e+02,
    6.10787659e+02, 7.77069458e+02, 6.29290222e+02, 7.92156128e+02,
    6.47252686e+02, 8.07523926e+02, 5.58744995e+02, 7.65361267e+02,
    5.77166382e+02, 7.80553833e+02, 5.95315430e+02, 7.95633728e+02,
    6.13745422e+02, 8.10805420e+02, 6.32210999e+02, 8.25959045e+02,
    5.43468323e+02, 7.83761475e+02, 5.61693420e+02, 7.99034729e+02,
    5.80151672e+02, 8.14278687e+02, 5.98459656e+02, 8.29404968e+02,
    6.16628845e+02, 8.44530518e+02 ]
