%YAML:1.0
points: [ 1.01006360e+03, 5.65967529e+02, 9.86624573e+02, 5.69517761e+02,
    9.63438232e+02, 5.72551819e+02, 9.39938354e+02, 5.76049622e+02,
    9.16785400e+02, 5.79284851e+02, 1.00658533e+03, 5.42715698e+02,
    9.83292725e+02, 5.46010803e+02, 9.59974915e+02, 5.49459167e+02,
    9.36778259e+02, 5.52630127e+02, 9.13331848e+02, 5.55887939e+02,
    1.00321973e+03, 5.19465454e+02, 9.79983398e+02, 5.22927246e+02,
    9.56638428e+02, 5.26236023e+02, 9.33412964e+02, 5.29384644e+02,
    9.10103394e+02, 5.32690002e+02, 9.99986084e+02, 4.96271301e+02,
    9.76511902e+02, 4.99579041e+02, 9.53385986e+02, 5.02812866e+02,
    9.30071838e+02, 5.06361053e+02, 9.06749084e+02, 5.09352783e+02,
    9.96556030e+02, 4.72771088e+02, 9.73328552e+02, 4.76322540e+02,
    9.49892212e+02, 4.79682556e+02, 9.26756775e+02, 4.82848602e+02,
    9.03489075e+02, 4.86408875e+02, 9.93236755e+02, 4.49698151e+02,
    9.69989685e+02, 4.53138092e+02, 9.46606079e+02, 4.56289368e+02,
    9.23455078e+02, 4.59721344e+02, 9.00326660e+02, 4.62914490e+02,
    9.90122375e+02, 4.26399536e+02, 9.66486389e+02, 4.29757446e+02,
    9.43426086e+02, 4.33258575e+02, 9.20180664e+02, 4.36487610e+02,
    8.96838806e+02, 4.39832672e+02 ]
