%YAML:1.0
points: [ 2.90670013e+02, 2.18993118e+02, 2.82637573e+02, 2.20109177e+02,
    2.74583191e+02, 2.21214142e+02, 2.66570892e+02, 2.22350845e+02,
    2.58411530e+02, 2.23313583e+02, 2.89625397e+02, 2.10930557e+02,
    2.81553070e+02, 2.12048462e+02, 2.73544983e+02, 2.13151947e+02,
    2.65435486e+02, 2.14140808e+02, 2.57439301e+02, 2.15258224e+02,
    2.88463348e+02, 2.02893677e+02, 2.80364349e+02, 2.04090530e+02,
    2.72377747e+02, 2.05155075e+02, 2.64398773e+02, 2.06320282e+02,
    2.56324280e+02, 2.07238785e+02, 2.87402283e+02, 1.94875351e+02,
    2.79315491e+02, 1.96011826e+02, 2.71325867e+02, 1.97103409e+02,
    2.63313202e+02, 1.98212448e+02, 2.55248566e+02, 1.99313705e+02,
    2.86334167e+02, 1.86848923e+02, 2.78229248e+02, 1.87996353e+02,
    2.70257233e+02, 1.89133270e+02, 2.62228638e+02, 1.90227600e+02,
    2.54169754e+02, 1.91218506e+02, 2.85234802e+02, 1.78861664e+02,
    2.77144592e+02, 1.79981400e+02, 2.69141327e+02, 1.81103256e+02,
    2.61104401e+02, 1.82199524e+02, 2.53062393e+02, 1.83280457e+02,
    2.84123871e+02, 1.70821152e+02, 2.76022491e+02, 1.71912888e+02,
    2.68090240e+02, 1.73049988e+02, 2.59975006e+02, 1.74176514e+02,
    2.52035294e+02, 1.75282104e+02 ]
