%YAML:1.0
points: [ 1.18839050e+03, 6.23619019e+02, 1.20801624e+03, 6.23682190e+02,
    1.22803564e+03, 6.23726562e+02, 1.24805286e+03, 6.23771057e+02,
    1.26784106e+03, 6.23772522e+02, 1.18849023e+03, 6.43512390e+02,
    1.20808313e+03, 6.43493835e+02, 1.22795422e+03, 6.43628784e+02,
    1.24809766e+03, 6.43625916e+02, 1.26779993e+03, 6.43652710e+02,
    1.18854053e+03, 6.63264099e+02, 1.20819885e+03, 6.63183777e+02,
    1.22815710e+03, 6.63381958e+02, 1.24833691e+03, 6.63516235e+02,
    1.26792566e+03, 6.63424561e+02, 1.18859326e+03, 6.83006104e+02,
    1.20846631e+03, 6.83113037e+02, 1.22808533e+03, 6.83066101e+02,
    1.24827759e+03, 6.83269958e+02, 1.26811890e+03, 6.83169495e+02,
    1.18855347e+03, 7.02714600e+02, 1.20853674e+03, 7.02869080e+02,
    1.22837756e+03, 7.02951111e+02, 1.24837463e+03, 7.03083252e+02,
    1.26835901e+03, 7.03114563e+02, 1.18864954e+03, 7.22626831e+02,
    1.20856128e+03, 7.22784546e+02, 1.22837878e+03, 7.22743042e+02,
    1.24848230e+03, 7.22974487e+02, 1.26844214e+03, 7.22952454e+02,
    1.18877759e+03, 7.42512329e+02, 1.20875867e+03, 7.42557861e+02,
    1.22855969e+03, 7.42725952e+02, 1.24865723e+03, 7.42756042e+02,
    1.26855212e+03, 7.42999634e+02 ]
