%YAML:1.0
points: [ 3.68873657e+02, 1.96039932e+02, 3.68194000e+02, 2.04136887e+02,
    3.67472321e+02, 2.12341949e+02, 3.66836945e+02, 2.20484848e+02,
    3.66153046e+02, 2.28667191e+02, 3.60685974e+02, 1.95348740e+02,
    3.60039459e+02, 2.03568665e+02, 3.59385101e+02, 2.11621857e+02,
    3.58706116e+02, 2.19766785e+02, 3.58037811e+02, 2.27852631e+02,
    3.52616913e+02, 1.94680252e+02, 3.51847839e+02, 2.02815781e+02,
    3.51159912e+02, 2.10887726e+02, 3.50499756e+02, 2.18984634e+02,
    3.49819763e+02, 2.27161758e+02, 3.44421051e+02, 1.93888321e+02,
    3.43762390e+02, 2.02078659e+02, 3.43027374e+02, 2.10102814e+02,
    3.42313141e+02, 2.18329590e+02, 3.41722473e+02, 2.26450562e+02,
    3.36362671e+02, 1.93278107e+02, 3.35636536e+02, 2.01384277e+02,
    3.34857941e+02, 2.09479858e+02, 3.34187073e+02, 2.17600616e+02,
    3.33471802e+02, 2.25745560e+02, 3.28191711e+02, 1.92598511e+02,
    3.27516815e+02, 2.00693054e+02, 3.26828400e+02, 2.08783035e+02,
    3.26069946e+02, 2.16898026e+02, 3.25346222e+02, 2.24975937e+02,
    3.20105682e+02, 1.91878754e+02, 3.19456604e+02, 1.99920776e+02,
    3.18739624e+02, 2.08199081e+02, 3.18053589e+02, 2.16117432e+02,
    3.17228577e+02, 2.24265945e+02 ]
