%YAML:1.0
points: [ 2.92023010e+02, 2.00106964e+02, 2.91653290e+02, 2.08216507e+02,
    2.91050140e+02, 2.16381912e+02, 2.90627625e+02, 2.24453690e+02,
    2.90114532e+02, 2.32620636e+02, 2.84061707e+02, 1.99672073e+02,
    2.83603821e+02, 2.07769135e+02, 2.82962860e+02, 2.15794998e+02,
    2.82599426e+02, 2.23829071e+02, 2.81953949e+02, 2.31974686e+02,
    2.75858337e+02, 1.99059128e+02, 2.75512726e+02, 2.07201080e+02,
    2.74898773e+02, 2.15274948e+02, 2.74526459e+02, 2.23355331e+02,
    2.73822845e+02, 2.31601685e+02, 2.67852020e+02, 1.98600464e+02,
    2.67484039e+02, 2.06701172e+02, 2.66864319e+02, 2.14782562e+02,
    2.66318268e+02, 2.22882324e+02, 2.65807007e+02, 2.30879257e+02,
    2.59762329e+02, 1.97957275e+02, 2.59306000e+02, 2.06117004e+02,
    2.58819092e+02, 2.14256470e+02, 2.58360382e+02, 2.22316742e+02,
    2.57749237e+02, 2.30518417e+02, 2.51822021e+02, 1.97522903e+02,
    2.51283447e+02, 2.05693665e+02, 2.50692261e+02, 2.13707184e+02,
    2.50146500e+02, 2.21858475e+02, 2.49675034e+02, 2.29901688e+02,
    2.43659073e+02, 1.97032639e+02, 2.43138779e+02, 2.05127594e+02,
    2.42701752e+02, 2.13225082e+02, 2.42102127e+02, 2.21316208e+02,
    2.41633469e+02, 2.29462250e+02 ]
