%YAML:1.0
points: [ 6.38872070e+02, 6.25581970e+02, 6.58930298e+02, 6.26688049e+02,
    6.78862000e+02, 6.27754150e+02, 6.98484619e+02, 6.28671509e+02,
    7.18210876e+02, 6.29500244e+02, 6.37847046e+02, 6.45481812e+02,
    6.57844604e+02, 6.46371155e+02, 6.77694946e+02, 6.47482666e+02,
    6.97384460e+02, 6.48512939e+02, 7.17313843e+02, 6.49491821e+02,
    6.36597473e+02, 6.65475525e+02, 6.56743774e+02, 6.66320618e+02,
    6.76604370e+02, 6.67248718e+02, 6.96328796e+02, 6.68269958e+02,
    7.16298645e+02, 6.69327332e+02, 6.35543274e+02, 6.85271606e+02,
    6.55489075e+02, 6.86326294e+02, 6.75574890e+02, 6.87134155e+02,
    6.95257507e+02, 6.88132202e+02, 7.15276672e+02, 6.88962341e+02,
    6.34426147e+02, 7.04800964e+02, 6.54169556e+02, 7.06137939e+02,
    6.74444214e+02, 7.07046570e+02, 6.94269043e+02, 7.07841736e+02,
    7.13968140e+02, 7.08822021e+02, 6.33362244e+02, 7.24751160e+02,
    6.53356750e+02, 7.25960327e+02, 6.73339966e+02, 7.26750305e+02,
    6.93018921e+02, 7.27864868e+02, 7.12856018e+02, 7.28824097e+02,
    6.32184387e+02, 7.44828491e+02, 6.52179504e+02, 7.45711853e+02,
    6.71951355e+02, 7.46776245e+02, 6.91947632e+02, 7.47737549e+02,
    7.11779968e+02, 7.48737610e+02 ]
