%YAML:1.0
points: [ 2.75896240e+02, 2.54838989e+02, 2.75787476e+02, 2.62840942e+02,
    2.75748413e+02, 2.71048584e+02, 2.75770630e+02, 2.79261414e+02,
    2.75685883e+02, 2.87693451e+02, 2.67837921e+02, 2.54695541e+02,
    2.67786896e+02, 2.62891144e+02, 2.67689209e+02, 2.70944916e+02,
    2.67661682e+02, 2.79170258e+02, 2.67554504e+02, 2.87490540e+02,
    2.59762238e+02, 2.54613174e+02, 2.59720306e+02, 2.62741852e+02,
    2.59695923e+02, 2.70860046e+02, 2.59554138e+02, 2.79049225e+02,
    2.59421814e+02, 2.87314880e+02, 2.51607803e+02, 2.54410980e+02,
    2.51633148e+02, 2.62645325e+02, 2.51517548e+02, 2.70776672e+02,
    2.51315445e+02, 2.78958862e+02, 2.51106323e+02, 2.87203888e+02,
    2.43643951e+02, 2.54370987e+02, 2.43431808e+02, 2.62523560e+02,
    2.43242844e+02, 2.70689880e+02, 2.43036835e+02, 2.78858307e+02,
    2.42917557e+02, 2.87065033e+02, 2.35306183e+02, 2.54279037e+02,
    2.35265152e+02, 2.62471619e+02, 2.35032120e+02, 2.70666931e+02,
    2.34919708e+02, 2.78823883e+02, 2.34796768e+02, 2.86975861e+02,
    2.27213745e+02, 2.54147385e+02, 2.26956757e+02, 2.62372253e+02,
    2.26872192e+02, 2.70553131e+02, 2.26742142e+02, 2.78824646e+02,
    2.26682434e+02, 2.86986267e+02 ]
