%YAML:1.0
points: [ 3.83321625e+02, 1.05123459e+02, 3.91101349e+02, 1.07556831e+02,
    3.98784729e+02, 1.10156471e+02, 4.06529358e+02, 1.12567986e+02,
    4.14320251e+02, 1.15108398e+02, 3.81042877e+02, 1.12773209e+02,
    3.88670776e+02, 1.15305275e+02, 3.96359161e+02, 1.17816383e+02,
    4.04156982e+02, 1.20180412e+02, 4.12086731e+02, 1.22572281e+02,
    3.78585052e+02, 1.20456764e+02, 3.86298401e+02, 1.23031837e+02,
    3.94080261e+02, 1.25426102e+02, 4.01771912e+02, 1.27884590e+02,
    4.09734375e+02, 1.30282684e+02, 3.76180908e+02, 1.28222000e+02,
    3.83930115e+02, 1.30653915e+02, 3.91622803e+02, 1.33186249e+02,
    3.99450317e+02, 1.35567795e+02, 4.07308624e+02, 1.38013748e+02,
    3.73801941e+02, 1.35833267e+02, 3.81498077e+02, 1.38380142e+02,
    3.89268799e+02, 1.40877899e+02, 3.97014679e+02, 1.43288528e+02,
    4.04820099e+02, 1.45697250e+02, 3.71294891e+02, 1.43674347e+02,
    3.79138184e+02, 1.46081024e+02, 3.86893005e+02, 1.48544083e+02,
    3.94644135e+02, 1.51014313e+02, 4.02394012e+02, 1.53473648e+02,
    3.68904358e+02, 1.51387924e+02, 3.76729401e+02, 1.53835480e+02,
    3.84559601e+02, 1.56271072e+02, 3.92295837e+02, 1.58726410e+02,
    4.00059387e+02, 1.61243103e+02 ]
