%YAML:1.0
points: [ 2.94292542e+02, 1.02615646e+02, 2.95242615e+02, 1.10736931e+02,
    2.96139343e+02, 1.18880081e+02, 2.97046631e+02, 1.26969521e+02,
    2.97949799e+02, 1.35024734e+02, 2.86240875e+02, 1.03630043e+02,
    2.87217285e+02, 1.11719002e+02, 2.88150421e+02, 1.19779129e+02,
    2.89079651e+02, 1.27866882e+02, 2.89895782e+02, 1.35950531e+02,
    2.78246429e+02, 1.04469849e+02, 2.79137726e+02, 1.12682526e+02,
    2.80111603e+02, 1.20753372e+02, 2.80978943e+02, 1.28803329e+02,
    2.81870148e+02, 1.36914749e+02, 2.70202820e+02, 1.05313759e+02,
    2.71157410e+02, 1.13616394e+02, 2.72036896e+02, 1.21700264e+02,
    2.72969940e+02, 1.29734833e+02, 2.73856842e+02, 1.37774673e+02,
    2.62180695e+02, 1.06250374e+02, 2.63086273e+02, 1.14406715e+02,
    2.64006500e+02, 1.22632149e+02, 2.64868134e+02, 1.30710800e+02,
    2.65805298e+02, 1.38800415e+02, 2.54118073e+02, 1.07173546e+02,
    2.55070023e+02, 1.15416046e+02, 2.56015472e+02, 1.23426399e+02,
    2.56891907e+02, 1.31581985e+02, 2.57734650e+02, 1.39688339e+02,
    2.46039703e+02, 1.08175056e+02, 2.47044403e+02, 1.16179512e+02,
    2.47886383e+02, 1.24266754e+02, 2.48867828e+02, 1.32453201e+02,
    2.49776978e+02, 1.40615646e+02 ]
