%YAML:1.0
points: [ 1.01812701e+03, 2.29521255e+02, 1.02100934e+03, 2.52726410e+02,
    1.02358234e+03, 2.76324951e+02, 1.02663928e+03, 2.99376709e+02,
    1.02932385e+03, 3.22785950e+02, 9.95028198e+02, 2.32443314e+02,
    9.97623840e+02, 2.55670013e+02, 1.00060706e+03, 2.78821655e+02,
    1.00335278e+03, 3.02397064e+02, 1.00621686e+03, 3.25432861e+02,
    9.71573364e+02, 2.35021713e+02, 9.74541565e+02, 2.58567139e+02,
    9.77276794e+02, 2.81884949e+02, 9.80135071e+02, 3.05143738e+02,
    9.82808228e+02, 3.28431000e+02, 9.48552734e+02, 2.37670059e+02,
    9.51255066e+02, 2.61235718e+02, 9.54103638e+02, 2.84710785e+02,
    9.56838440e+02, 3.07903076e+02, 9.59598633e+02, 3.31122131e+02,
    9.25126526e+02, 2.40292267e+02, 9.28043518e+02, 2.63848572e+02,
    9.30751465e+02, 2.87338928e+02, 9.33529236e+02, 3.10683075e+02,
    9.36503357e+02, 3.34061371e+02, 9.01740112e+02, 2.43171021e+02,
    9.04665833e+02, 2.66465332e+02, 9.07518921e+02, 2.90046753e+02,
    9.10414429e+02, 3.13340881e+02, 9.13074585e+02, 3.36700256e+02,
    8.78561890e+02, 2.45691177e+02, 8.81420044e+02, 2.69354248e+02,
    8.84412048e+02, 2.92484528e+02, 8.87050720e+02, 3.16089294e+02,
    8.89962708e+02, 3.39460358e+02 ]
