%YAML:1.0
points: [ 1.61043045e+02, 9.57305450e+01, 1.67113708e+02, 1.01341515e+02,
    1.73054657e+02, 1.06889153e+02, 1.79002762e+02, 1.12438316e+02,
    1.84886734e+02, 1.17917053e+02, 1.55476593e+02, 1.01698883e+02,
    1.61510635e+02, 1.07301933e+02, 1.67520416e+02, 1.12873131e+02,
    1.73488312e+02, 1.18358070e+02, 1.79386536e+02, 1.23776505e+02,
    1.49973465e+02, 1.07646690e+02, 1.55975632e+02, 1.13201622e+02,
    1.61976303e+02, 1.18757019e+02, 1.67885971e+02, 1.24251503e+02,
    1.73777313e+02, 1.29770798e+02, 1.44314529e+02, 1.13526779e+02,
    1.50371887e+02, 1.19103622e+02, 1.56368362e+02, 1.24663750e+02,
    1.62333801e+02, 1.30184326e+02, 1.68271942e+02, 1.35602295e+02,
    1.38783752e+02, 1.19409561e+02, 1.44800354e+02, 1.24965538e+02,
    1.50827866e+02, 1.30579025e+02, 1.56819321e+02, 1.36104492e+02,
    1.62766296e+02, 1.41707230e+02, 1.33103653e+02, 1.25360298e+02,
    1.39158218e+02, 1.30925049e+02, 1.45202209e+02, 1.36432571e+02,
    1.51213394e+02, 1.42053406e+02, 1.57244415e+02, 1.47546585e+02,
    1.27668129e+02, 1.31319611e+02, 1.33502350e+02, 1.36766266e+02,
    1.39587250e+02, 1.42337280e+02, 1.45572968e+02, 1.47871887e+02,
    1.51688782e+02, 1.53520752e+02 ]
