%YAML:1.0
points: [ 1.93367065e+02, 1.99721130e+02, 1.92059509e+02, 2.08075775e+02,
    1.90614197e+02, 2.15742508e+02, 1.89071686e+02, 2.24099899e+02,
    1.87742722e+02, 2.31862625e+02, 1.85318649e+02, 1.98427338e+02,
    1.83961258e+02, 2.06402069e+02, 1.82498901e+02, 2.14574707e+02,
    1.81073700e+02, 2.22532639e+02, 1.79636200e+02, 2.30624268e+02,
    1.77256058e+02, 1.97070251e+02, 1.75915268e+02, 2.05103287e+02,
    1.74500992e+02, 2.13232224e+02, 1.73004318e+02, 2.21159393e+02,
    1.71511780e+02, 2.29192673e+02, 1.69187531e+02, 1.95663666e+02,
    1.67814209e+02, 2.03654694e+02, 1.66395889e+02, 2.11725235e+02,
    1.64984604e+02, 2.19748779e+02, 1.63460434e+02, 2.27819458e+02,
    1.61047729e+02, 1.94251129e+02, 1.59677979e+02, 2.02320099e+02,
    1.58343521e+02, 2.10300369e+02, 1.56869522e+02, 2.18374405e+02,
    1.55403824e+02, 2.26387558e+02, 1.52898300e+02, 1.92836533e+02,
    1.51547699e+02, 2.00926605e+02, 1.50158997e+02, 2.08931381e+02,
    1.48759796e+02, 2.17024414e+02, 1.47356766e+02, 2.25054886e+02,
    1.44787369e+02, 1.91444046e+02, 1.43391693e+02, 1.99475037e+02,
    1.42058380e+02, 2.07435333e+02, 1.40640594e+02, 2.15642349e+02,
    1.39206253e+02, 2.23546707e+02 ]
