%YAML:1.0
points: [ 1.00660004e+03, 4.93580048e+02, 1.00646545e+03, 5.17276978e+02,
    1.00634485e+03, 5.40565796e+02, 1.00634735e+03, 5.64264343e+02,
    1.00632843e+03, 5.87633484e+02, 9.83203796e+02, 4.93429260e+02,
    9.82995789e+02, 5.17052429e+02, 9.82854736e+02, 5.40448181e+02,
    9.82744019e+02, 5.64119385e+02, 9.82661255e+02, 5.87522705e+02,
    9.59678528e+02, 4.93298096e+02, 9.59544617e+02, 5.16944519e+02,
    9.59463562e+02, 5.40385437e+02, 9.59356384e+02, 5.63953735e+02,
    9.59293579e+02, 5.87437195e+02, 9.36317261e+02, 4.93313690e+02,
    9.36143738e+02, 5.16861633e+02, 9.35976257e+02, 5.40268982e+02,
    9.35767883e+02, 5.63799561e+02, 9.35707153e+02, 5.87384338e+02,
    9.12764954e+02, 4.93180878e+02, 9.12569763e+02, 5.16686707e+02,
    9.12484680e+02, 5.40085571e+02, 9.12414612e+02, 5.63665649e+02,
    9.12304993e+02, 5.87289368e+02, 8.89485168e+02, 4.92928741e+02,
    8.89255432e+02, 5.16614746e+02, 8.89077393e+02, 5.40020996e+02,
    8.88814514e+02, 5.63542053e+02, 8.88859741e+02, 5.87141174e+02,
    8.65923645e+02, 4.92718109e+02, 8.65627502e+02, 5.16489929e+02,
    8.65497131e+02, 5.39820618e+02, 8.65388733e+02, 5.63446838e+02,
    8.65327148e+02, 5.87020935e+02 ]
