%YAML:1.0
points: [ 3.31391357e+02, 1.89300461e+02, 3.31048523e+02, 1.96602600e+02,
    3.30790741e+02, 2.03735672e+02, 3.30633209e+02, 2.10885193e+02,
    3.30229340e+02, 2.17995911e+02, 3.23901398e+02, 1.89014725e+02,
    3.23796417e+02, 1.96289352e+02, 3.23578857e+02, 2.03634140e+02,
    3.23166809e+02, 2.10659378e+02, 3.22921661e+02, 2.17852341e+02,
    3.16822296e+02, 1.88870392e+02, 3.16571106e+02, 1.95996063e+02,
    3.16218811e+02, 2.03266220e+02, 3.15969391e+02, 2.10409378e+02,
    3.15696472e+02, 2.17581131e+02, 3.09619537e+02, 1.88778076e+02,
    3.09390289e+02, 1.95837769e+02, 3.08969696e+02, 2.02925644e+02,
    3.08797455e+02, 2.09943253e+02, 3.08631561e+02, 2.17228622e+02,
    3.02503967e+02, 1.88649033e+02, 3.02153229e+02, 1.95753189e+02,
    3.01921783e+02, 2.02798798e+02, 3.01759949e+02, 2.09767853e+02,
    3.01522461e+02, 2.16882324e+02, 2.95582642e+02, 1.88526611e+02,
    2.95183044e+02, 1.95690308e+02, 2.94890564e+02, 2.02705353e+02,
    2.94723022e+02, 2.09673416e+02, 2.94670776e+02, 2.16647369e+02,
    2.88639221e+02, 1.88380661e+02, 2.88235504e+02, 1.95543137e+02,
    2.87830750e+02, 2.02330750e+02, 2.87789368e+02, 2.09506454e+02,
    2.87615906e+02, 2.16264313e+02 ]
