%YAML:1.0
points: [ 1.32341644e+02, 2.66640869e+02, 1.40566010e+02, 2.67009491e+02,
    1.48801407e+02, 2.67482910e+02, 1.57049698e+02, 2.68032135e+02,
    1.65127487e+02, 2.68588745e+02, 1.31706787e+02, 2.74810760e+02,
    1.40040710e+02, 2.75286377e+02, 1.48274094e+02, 2.75745300e+02,
    1.56461411e+02, 2.76206085e+02, 1.64547333e+02, 2.76839203e+02,
    1.31142838e+02, 2.82965302e+02, 1.39440826e+02, 2.83489044e+02,
    1.47665009e+02, 2.83884735e+02, 1.55770142e+02, 2.84507690e+02,
    1.63899734e+02, 2.85056610e+02, 1.30573898e+02, 2.91223114e+02,
    1.38781326e+02, 2.91759064e+02, 1.47070496e+02, 2.92118530e+02,
    1.55219894e+02, 2.92713837e+02, 1.63385666e+02, 2.93201538e+02,
    1.29911102e+02, 2.99593201e+02, 1.38219421e+02, 2.99845795e+02,
    1.46530670e+02, 3.00449677e+02, 1.54713272e+02, 3.00862091e+02,
    1.62859100e+02, 3.01460999e+02, 1.29434525e+02, 3.07768524e+02,
    1.37635666e+02, 3.08235626e+02, 1.45846039e+02, 3.08733368e+02,
    1.54098022e+02, 3.09152802e+02, 1.62303726e+02, 3.09722748e+02,
    1.28823959e+02, 3.15877106e+02, 1.36981186e+02, 3.16570831e+02,
    1.45236740e+02, 3.16890137e+02, 1.53527649e+02, 3.17463684e+02,
    1.61696808e+02, 3.17866730e+02 ]
