%YAML:1.0
points: [ 2.24014450e+02, 2.31175156e+02, 2.29045334e+02, 2.36222824e+02,
    2.33460739e+02, 2.40661713e+02, 2.38896469e+02, 2.45808075e+02,
    2.43281815e+02, 2.50254456e+02, 2.19415436e+02, 2.36239258e+02,
    2.24406036e+02, 2.40737595e+02, 2.28883545e+02, 2.45655334e+02,
    2.34545502e+02, 2.50508926e+02, 2.39434921e+02, 2.54724716e+02,
    2.15153214e+02, 2.40948441e+02, 2.19764481e+02, 2.45627853e+02,
    2.24588547e+02, 2.50603409e+02, 2.29561554e+02, 2.55214645e+02,
    2.34580246e+02, 2.60313812e+02, 2.09545013e+02, 2.45890427e+02,
    2.14595566e+02, 2.50830429e+02, 2.19610626e+02, 2.55606949e+02,
    2.24678329e+02, 2.60640533e+02, 2.29822189e+02, 2.64970917e+02,
    2.04870743e+02, 2.50963516e+02, 2.09615997e+02, 2.55759598e+02,
    2.14680817e+02, 2.60712280e+02, 2.20001099e+02, 2.65558105e+02,
    2.24671875e+02, 2.70601990e+02, 1.99306595e+02, 2.56270355e+02,
    2.04552002e+02, 2.61013397e+02, 2.09631271e+02, 2.65906128e+02,
    2.14841141e+02, 2.70844116e+02, 2.20059006e+02, 2.75515717e+02,
    1.94695145e+02, 2.61343842e+02, 1.99430145e+02, 2.65830200e+02,
    2.04908234e+02, 2.71296478e+02, 2.09577866e+02, 2.75913269e+02,
    2.15022919e+02, 2.81407532e+02 ]
