%YAML:1.0
points: [ 5.65418945e+02, 4.20569672e+02, 5.89324951e+02, 4.22051331e+02,
    6.13062500e+02, 4.23378448e+02, 6.36658875e+02, 4.24433197e+02,
    6.60289673e+02, 4.25495575e+02, 5.64174316e+02, 4.44221191e+02,
    5.88133118e+02, 4.45408234e+02, 6.11837158e+02, 4.46622528e+02,
    6.35211548e+02, 4.47972290e+02, 6.59083130e+02, 4.49144043e+02,
    5.62718689e+02, 4.67521912e+02, 5.86636414e+02, 4.68956848e+02,
    6.10623108e+02, 4.70327515e+02, 6.33955811e+02, 4.71226776e+02,
    6.58051819e+02, 4.72455811e+02, 5.61359436e+02, 4.91289734e+02,
    5.85415833e+02, 4.92387268e+02, 6.09322388e+02, 4.93613983e+02,
    6.32869202e+02, 4.94909821e+02, 6.56711060e+02, 4.96114471e+02,
    5.60259216e+02, 5.14564575e+02, 5.84192505e+02, 5.16011902e+02,
    6.07979248e+02, 5.17192505e+02, 6.31691162e+02, 5.18332214e+02,
    6.55420776e+02, 5.19378052e+02, 5.59007690e+02, 5.38345520e+02,
    5.82862732e+02, 5.39468262e+02, 6.06720825e+02, 5.40506897e+02,
    6.30399780e+02, 5.41672607e+02, 6.54225159e+02, 5.42948242e+02,
    5.57564758e+02, 5.61744812e+02, 5.81488647e+02, 5.63021729e+02,
    6.05461792e+02, 5.64327148e+02, 6.28953735e+02, 5.65308777e+02,
    6.53125793e+02, 5.66466492e+02 ]
