%YAML:1.0
points: [ 1.01077417e+03, 7.24226257e+02, 1.01110309e+03, 7.47905273e+02,
    1.01140735e+03, 7.71447937e+02, 1.01170563e+03, 7.95495117e+02,
    1.01232568e+03, 8.19311523e+02, 9.87257080e+02, 7.24553894e+02,
    9.87459961e+02, 7.48349426e+02, 9.87713440e+02, 7.71863403e+02,
    9.88236267e+02, 7.95755554e+02, 9.88649597e+02, 8.19462219e+02,
    9.63782532e+02, 7.24954468e+02, 9.63944702e+02, 7.48614441e+02,
    9.64347351e+02, 7.72188110e+02, 9.64604919e+02, 7.96124634e+02,
    9.64998108e+02, 8.19611694e+02, 9.40174011e+02, 7.25153809e+02,
    9.40374329e+02, 7.48955017e+02, 9.40649658e+02, 7.72503418e+02,
    9.41051208e+02, 7.96503906e+02, 9.41495056e+02, 8.20070312e+02,
    9.16676025e+02, 7.25499634e+02, 9.16937134e+02, 7.49321228e+02,
    9.17262329e+02, 7.72875305e+02, 9.17514038e+02, 7.96710754e+02,
    9.17875916e+02, 8.20549194e+02, 8.93083984e+02, 7.25863586e+02,
    8.93269348e+02, 7.49560059e+02, 8.93641052e+02, 7.73253113e+02,
    8.93927490e+02, 7.97140991e+02, 8.94370972e+02, 8.20995056e+02,
    8.69612366e+02, 7.26304871e+02, 8.69720703e+02, 7.50068909e+02,
    8.69988403e+02, 7.73544922e+02, 8.70354980e+02, 7.97403137e+02,
    8.70617188e+02, 8.21273621e+02 ]
