%YAML:1.0
points: [ 2.77238281e+02, 1.54384628e+02, 2.73070740e+02, 1.60065765e+02,
    2.70137939e+02, 1.66324310e+02, 2.65997101e+02, 1.72041077e+02,
    2.62682648e+02, 1.77618805e+02, 2.71102814e+02, 1.50632568e+02,
    2.67384521e+02, 1.56719864e+02, 2.64058441e+02, 1.62856064e+02,
    2.60506378e+02, 1.69183075e+02, 2.57109467e+02, 1.74924927e+02,
    2.65064423e+02, 1.47414093e+02, 2.61337402e+02, 1.53204590e+02,
    2.57852814e+02, 1.59310120e+02, 2.54400452e+02, 1.65321564e+02,
    2.51319473e+02, 1.71173706e+02, 2.59047028e+02, 1.43632385e+02,
    2.55417023e+02, 1.49816238e+02, 2.51973602e+02, 1.55779251e+02,
    2.48335098e+02, 1.61994522e+02, 2.45023636e+02, 1.67514984e+02,
    2.53084930e+02, 1.40436203e+02, 2.49383667e+02, 1.46234726e+02,
    2.45870056e+02, 1.52398926e+02, 2.42540543e+02, 1.58412796e+02,
    2.38913574e+02, 1.64136978e+02, 2.46670532e+02, 1.36180496e+02,
    2.43247299e+02, 1.42549973e+02, 2.39778198e+02, 1.48745773e+02,
    2.36222763e+02, 1.55071533e+02, 2.32965103e+02, 1.60667526e+02,
    2.40298920e+02, 1.33005844e+02, 2.37300903e+02, 1.39092941e+02,
    2.33354034e+02, 1.45386124e+02, 2.30515015e+02, 1.51072113e+02,
    2.26408310e+02, 1.57261230e+02 ]
