%YAML:1.0
points: [ 3.30513245e+02, 1.66558365e+02, 3.36138428e+02, 1.72550323e+02,
    3.41707397e+02, 1.78439667e+02, 3.47337646e+02, 1.84375214e+02,
    3.52845154e+02, 1.90322052e+02, 3.24620972e+02, 1.72170380e+02,
    3.30156616e+02, 1.78091949e+02, 3.35710663e+02, 1.83985474e+02,
    3.41327393e+02, 1.89933105e+02, 3.46973267e+02, 1.95859100e+02,
    3.18720825e+02, 1.77597778e+02, 3.24212830e+02, 1.83606384e+02,
    3.29716980e+02, 1.89519501e+02, 3.35268585e+02, 1.95477066e+02,
    3.40955719e+02, 2.01429489e+02, 3.12796875e+02, 1.83172562e+02,
    3.18288696e+02, 1.89137039e+02, 3.23779907e+02, 1.95057037e+02,
    3.29362518e+02, 2.00986099e+02, 3.35027802e+02, 2.06926926e+02,
    3.06871704e+02, 1.88664062e+02, 3.12307098e+02, 1.94593567e+02,
    3.17805481e+02, 2.00545624e+02, 3.23365326e+02, 2.06474136e+02,
    3.29049438e+02, 2.12450333e+02, 3.00863678e+02, 1.94184402e+02,
    3.06373810e+02, 2.00138901e+02, 3.11836761e+02, 2.06113235e+02,
    3.17453766e+02, 2.12028503e+02, 3.23118378e+02, 2.17948990e+02,
    2.95012177e+02, 1.99664749e+02, 3.00374115e+02, 2.05574738e+02,
    3.06036041e+02, 2.11616074e+02, 3.11501068e+02, 2.17476242e+02,
    3.17245697e+02, 2.23608704e+02 ]
