%YAML:1.0
points: [ 3.70377045e+02, 1.87491913e+02, 3.64571777e+02, 1.92726395e+02,
    3.59491730e+02, 1.97467545e+02, 3.53886993e+02, 2.02328339e+02,
    3.48994843e+02, 2.06224808e+02, 3.64980499e+02, 1.82730103e+02,
    3.59467407e+02, 1.87719238e+02, 3.54329193e+02, 1.92630981e+02,
    3.49027191e+02, 1.97631073e+02, 3.44342102e+02, 2.02193039e+02,
    3.59948456e+02, 1.77911072e+02, 3.54520325e+02, 1.82841415e+02,
    3.49221710e+02, 1.87738754e+02, 3.43991730e+02, 1.92595184e+02,
    3.38712494e+02, 1.97302933e+02, 3.54597687e+02, 1.72860291e+02,
    3.49444336e+02, 1.77995987e+02, 3.44152740e+02, 1.82756042e+02,
    3.38991974e+02, 1.87671570e+02, 3.34318726e+02, 1.92599030e+02,
    3.49750458e+02, 1.68322647e+02, 3.44299255e+02, 1.72969788e+02,
    3.39095398e+02, 1.77980194e+02, 3.34015198e+02, 1.82929245e+02,
    3.28865387e+02, 1.87421021e+02, 3.44193390e+02, 1.62906769e+02,
    3.39177887e+02, 1.68320541e+02, 3.34019104e+02, 1.73082336e+02,
    3.28809601e+02, 1.78593872e+02, 3.24298950e+02, 1.82859299e+02,
    3.39341461e+02, 1.58538193e+02, 3.34380157e+02, 1.63030304e+02,
    3.28881989e+02, 1.68758484e+02, 3.24325256e+02, 1.72965500e+02,
    3.18745880e+02, 1.78585785e+02 ]
