%YAML:1.0
points: [ 1.24348584e+03, 4.73869537e+02, 1.22837537e+03, 4.88310730e+02,
    1.21325183e+03, 5.02401123e+02, 1.19846558e+03, 5.16305603e+02,
    1.18386401e+03, 5.30018066e+02, 1.22867834e+03, 4.59613983e+02,
    1.21354126e+03, 4.74145721e+02, 1.19860730e+03, 4.88297058e+02,
    1.18403735e+03, 5.02322174e+02, 1.16953284e+03, 5.16154663e+02,
    1.21372498e+03, 4.45629150e+02, 1.19874365e+03, 4.59862762e+02,
    1.18385962e+03, 4.74287781e+02, 1.16933679e+03, 4.88447845e+02,
    1.15507080e+03, 5.02456421e+02, 1.19891736e+03, 4.31502167e+02,
    1.18391602e+03, 4.45944031e+02, 1.16926453e+03, 4.60237976e+02,
    1.15478821e+03, 4.74451843e+02, 1.14056726e+03, 4.88578613e+02,
    1.18393408e+03, 4.17366272e+02, 1.16926038e+03, 4.31770386e+02,
    1.15464307e+03, 4.46332184e+02, 1.14033069e+03, 4.60447205e+02,
    1.12620630e+03, 4.74645264e+02, 1.16914343e+03, 4.03220215e+02,
    1.15446497e+03, 4.17832062e+02, 1.13989087e+03, 4.32438232e+02,
    1.12566785e+03, 4.46716156e+02, 1.11165454e+03, 4.60840118e+02,
    1.15434790e+03, 3.89075653e+02, 1.13968921e+03, 4.03825378e+02,
    1.12538989e+03, 4.18317505e+02, 1.11134033e+03, 4.32741760e+02,
    1.09738293e+03, 4.47185181e+02 ]
