%YAML:1.0
points: [ 1.03465308e+03, 2.26638641e+02, 1.03509802e+03, 2.50317078e+02,
    1.03539026e+03, 2.73662384e+02, 1.03591895e+03, 2.96970398e+02,
    1.03648511e+03, 3.20314728e+02, 1.01144037e+03, 2.27075195e+02,
    1.01162982e+03, 2.50601898e+02, 1.01213818e+03, 2.74171906e+02,
    1.01247681e+03, 2.97449310e+02, 1.01296997e+03, 3.20835327e+02,
    9.87978027e+02, 2.27394470e+02, 9.88403015e+02, 2.51124146e+02,
    9.88729553e+02, 2.74578186e+02, 9.89301941e+02, 2.97669220e+02,
    9.89622986e+02, 3.21259247e+02, 9.64612122e+02, 2.27964508e+02,
    9.64960083e+02, 2.51344193e+02, 9.65386902e+02, 2.75014038e+02,
    9.65641113e+02, 2.98236328e+02, 9.66213074e+02, 3.21677002e+02,
    9.41250488e+02, 2.28356247e+02, 9.41611267e+02, 2.51795380e+02,
    9.41961731e+02, 2.75425598e+02, 9.42500366e+02, 2.98574341e+02,
    9.42883972e+02, 3.22161377e+02, 9.17721313e+02, 2.28656906e+02,
    9.18125366e+02, 2.52190414e+02, 9.18517395e+02, 2.75666687e+02,
    9.18913269e+02, 2.99003723e+02, 9.19447021e+02, 3.22538330e+02,
    8.94502808e+02, 2.28904800e+02, 8.94835754e+02, 2.52510284e+02,
    8.95231445e+02, 2.76041046e+02, 8.95531677e+02, 2.99414246e+02,
    8.96027588e+02, 3.22865997e+02 ]
