%YAML:1.0
points: [ 1.35479065e+03, 1.84436661e+02, 1.37154102e+03, 2.00895920e+02,
    1.38819958e+03, 2.17487839e+02, 1.40533386e+03, 2.33761292e+02,
    1.42238916e+03, 2.50063309e+02, 1.33849817e+03, 2.01048172e+02,
    1.35495300e+03, 2.17700775e+02, 1.37167371e+03, 2.34257645e+02,
    1.38863989e+03, 2.50518280e+02, 1.40560254e+03, 2.66883392e+02,
    1.32201904e+03, 2.17793091e+02, 1.33847400e+03, 2.34488831e+02,
    1.35514062e+03, 2.51003769e+02, 1.37234778e+03, 2.67161438e+02,
    1.38900928e+03, 2.83760498e+02, 1.30536987e+03, 2.34640900e+02,
    1.32211060e+03, 2.51291916e+02, 1.33849536e+03, 2.67808350e+02,
    1.35569116e+03, 2.84018280e+02, 1.37244458e+03, 3.00506531e+02,
    1.28868896e+03, 2.51493805e+02, 1.30555066e+03, 2.67918945e+02,
    1.32204395e+03, 2.84520996e+02, 1.33912451e+03, 3.00644745e+02,
    1.35581042e+03, 3.17318237e+02, 1.27231384e+03, 2.68103516e+02,
    1.28891479e+03, 2.84691040e+02, 1.30562659e+03, 3.01252930e+02,
    1.32244958e+03, 3.17601105e+02, 1.33924646e+03, 3.34064301e+02,
    1.25566846e+03, 2.84829376e+02, 1.27244873e+03, 3.01439850e+02,
    1.28907104e+03, 3.17943024e+02, 1.30584583e+03, 3.34440125e+02,
    1.32270410e+03, 3.50787720e+02 ]
