%YAML:1.0
points: [ 1.18554663e+03, 3.04182434e+02, 1.19850415e+03, 3.20684143e+02,
    1.21159900e+03, 3.37404602e+02, 1.22478796e+03, 3.54180023e+02,
    1.23809937e+03, 3.70848053e+02, 1.16872717e+03, 3.18172943e+02,
    1.18167651e+03, 3.34674622e+02, 1.19454248e+03, 3.51296387e+02,
    1.20760913e+03, 3.67857269e+02, 1.22067065e+03, 3.84451080e+02,
    1.15229236e+03, 3.32106079e+02, 1.16515002e+03, 3.48405548e+02,
    1.17785864e+03, 3.64799194e+02, 1.19073401e+03, 3.81316101e+02,
    1.20361633e+03, 3.97848969e+02, 1.13597485e+03, 3.45672272e+02,
    1.14863599e+03, 3.61955414e+02, 1.16152283e+03, 3.78239349e+02,
    1.17415393e+03, 3.94539276e+02, 1.18688733e+03, 4.10887726e+02,
    1.12004163e+03, 3.59093323e+02, 1.13262659e+03, 3.75226898e+02,
    1.14530298e+03, 3.91334015e+02, 1.15798901e+03, 4.07466309e+02,
    1.17051819e+03, 4.23866516e+02, 1.10429688e+03, 3.72229034e+02,
    1.11672864e+03, 3.88319244e+02, 1.12922168e+03, 4.04320862e+02,
    1.14168103e+03, 4.20369843e+02, 1.15451648e+03, 4.36446960e+02,
    1.08892090e+03, 3.85031097e+02, 1.10130078e+03, 4.01024048e+02,
    1.11364868e+03, 4.16842010e+02, 1.12608252e+03, 4.32806091e+02,
    1.13853040e+03, 4.48897125e+02 ]
