%YAML:1.0
points: [ 3.26044586e+02, 1.51746033e+02, 3.29072113e+02, 1.59338516e+02,
    3.32181671e+02, 1.67116287e+02, 3.35342194e+02, 1.74776291e+02,
    3.38570648e+02, 1.82551880e+02, 3.18031250e+02, 1.54918686e+02,
    3.21079742e+02, 1.62551193e+02, 3.24219452e+02, 1.70227615e+02,
    3.27277039e+02, 1.77942230e+02, 3.30435486e+02, 1.85624664e+02,
    3.10171814e+02, 1.58061752e+02, 3.13151489e+02, 1.65679321e+02,
    3.16178040e+02, 1.73369247e+02, 3.19283569e+02, 1.81036667e+02,
    3.22384583e+02, 1.88745773e+02, 3.02283295e+02, 1.61037231e+02,
    3.05231964e+02, 1.68814056e+02, 3.08286621e+02, 1.76442688e+02,
    3.11264221e+02, 1.84137711e+02, 3.14446625e+02, 1.91831329e+02,
    2.94423126e+02, 1.64168381e+02, 2.97421051e+02, 1.71803314e+02,
    3.00402313e+02, 1.79522003e+02, 3.03343475e+02, 1.87214020e+02,
    3.06394684e+02, 1.94915024e+02, 2.86651947e+02, 1.67206268e+02,
    2.89582031e+02, 1.74893402e+02, 2.92565796e+02, 1.82587738e+02,
    2.95484467e+02, 1.90212021e+02, 2.98618439e+02, 1.97872742e+02,
    2.78959534e+02, 1.70264404e+02, 2.81814636e+02, 1.77859802e+02,
    2.84751526e+02, 1.85555832e+02, 2.87691498e+02, 1.93192108e+02,
    2.90587738e+02, 2.01027328e+02 ]
