%YAML:1.0
points: [ 2.81280487e+02, 2.71561737e+02, 2.74254517e+02, 2.73595093e+02,
    2.67396210e+02, 2.75631287e+02, 2.60184540e+02, 2.77970978e+02,
    2.53370636e+02, 2.79986938e+02, 2.79117950e+02, 2.64711823e+02,
    2.72244690e+02, 2.66996033e+02, 2.65162537e+02, 2.69028137e+02,
    2.58299927e+02, 2.71096680e+02, 2.51541626e+02, 2.73201080e+02,
    2.77153442e+02, 2.58251526e+02, 2.70343964e+02, 2.60127319e+02,
    2.63256012e+02, 2.61923859e+02, 2.56364288e+02, 2.64011597e+02,
    2.49970612e+02, 2.66599365e+02, 2.74746674e+02, 2.51073669e+02,
    2.68318176e+02, 2.53285950e+02, 2.61254791e+02, 2.54918167e+02,
    2.53121292e+02, 2.53786331e+02, 2.48072571e+02, 2.60089630e+02,
    2.73184723e+02, 2.45187683e+02, 2.66133057e+02, 2.46395569e+02,
    2.59322693e+02, 2.48296783e+02, 2.52368530e+02, 2.50059357e+02,
    2.46397598e+02, 2.53478973e+02, 2.70028931e+02, 2.35585709e+02,
    2.63529449e+02, 2.37654266e+02, 2.56664154e+02, 2.39662338e+02,
    2.51480881e+02, 2.43844742e+02, 2.43824905e+02, 2.43938705e+02,
    2.70028870e+02, 2.35585648e+02, 2.63390717e+02, 2.32903214e+02,
    2.56663910e+02, 2.39662201e+02, 2.54018143e+02, 2.40894882e+02,
    2.43816055e+02, 2.43935165e+02 ]
