%YAML:1.0
points: [ 9.88240234e+02, 7.17499084e+02, 9.68122253e+02, 7.23946777e+02,
    9.48097595e+02, 7.30404297e+02, 9.27782593e+02, 7.37100403e+02,
    9.07837769e+02, 7.43584290e+02, 9.82172363e+02, 6.97550598e+02,
    9.62341797e+02, 7.04146667e+02, 9.42336548e+02, 7.10581238e+02,
    9.22364807e+02, 7.16959717e+02, 9.02453796e+02, 7.23510010e+02,
    9.76225159e+02, 6.78133362e+02, 9.56372742e+02, 6.84553772e+02,
    9.36641785e+02, 6.90933777e+02, 9.16841125e+02, 6.97374023e+02,
    8.97007568e+02, 7.03986023e+02, 9.70265564e+02, 6.58718262e+02,
    9.50489563e+02, 6.65371399e+02, 9.31129944e+02, 6.71663330e+02,
    9.11393677e+02, 6.77795837e+02, 8.91832886e+02, 6.84560547e+02,
    9.64464600e+02, 6.39555847e+02, 9.44754883e+02, 6.46248657e+02,
    9.25457764e+02, 6.52637512e+02, 9.06241577e+02, 6.59128235e+02,
    8.86483154e+02, 6.65464722e+02, 9.58584412e+02, 6.20923096e+02,
    9.39258362e+02, 6.27492310e+02, 9.20024658e+02, 6.33641235e+02,
    9.00695312e+02, 6.40289001e+02, 8.81385986e+02, 6.46553528e+02,
    9.53020874e+02, 6.02631165e+02, 9.33626282e+02, 6.09081055e+02,
    9.14697693e+02, 6.15493958e+02, 8.95619690e+02, 6.21763916e+02,
    8.76453003e+02, 6.28285767e+02 ]
