%YAML:1.0
points: [ 2.24532211e+02, 2.25813248e+02, 2.27023682e+02, 2.33752945e+02,
    2.29513885e+02, 2.41605713e+02, 2.32121658e+02, 2.49456131e+02,
    2.34453491e+02, 2.57413300e+02, 2.16442474e+02, 2.28424561e+02,
    2.19104523e+02, 2.36332718e+02, 2.21584473e+02, 2.44197830e+02,
    2.24100082e+02, 2.52166702e+02, 2.26620880e+02, 2.59981720e+02,
    2.08419159e+02, 2.31125656e+02, 2.10945251e+02, 2.38958618e+02,
    2.13515030e+02, 2.46886368e+02, 2.16120102e+02, 2.54758804e+02,
    2.18655838e+02, 2.62625000e+02, 2.00168427e+02, 2.33704285e+02,
    2.02925659e+02, 2.41670303e+02, 2.05495987e+02, 2.49452667e+02,
    2.08032089e+02, 2.57470337e+02, 2.10550049e+02, 2.65385223e+02,
    1.92134766e+02, 2.36377243e+02, 1.94696793e+02, 2.44291321e+02,
    1.97300415e+02, 2.52208664e+02, 1.99882111e+02, 2.60126038e+02,
    2.02459000e+02, 2.68064301e+02, 1.83802536e+02, 2.39091385e+02,
    1.86503372e+02, 2.47034790e+02, 1.89124588e+02, 2.54969955e+02,
    1.91768509e+02, 2.62809753e+02, 1.94436676e+02, 2.70742096e+02,
    1.75573730e+02, 2.41656830e+02, 1.78174835e+02, 2.49739731e+02,
    1.80899902e+02, 2.57682251e+02, 1.83551346e+02, 2.65585846e+02,
    1.86155640e+02, 2.73483856e+02 ]
