%YAML:1.0
points: [ 1.97338394e+02, 1.35868408e+02, 2.03599411e+02, 1.40315475e+02,
    2.09779343e+02, 1.43941483e+02, 2.16377289e+02, 1.47963165e+02,
    2.22205109e+02, 1.51475983e+02, 1.94101456e+02, 1.42152481e+02,
    2.00227051e+02, 1.46224670e+02, 2.06506531e+02, 1.50152878e+02,
    2.12911438e+02, 1.53847763e+02, 2.19272736e+02, 1.57541489e+02,
    1.90783188e+02, 1.48521210e+02, 1.97022064e+02, 1.52309784e+02,
    2.03180695e+02, 1.56170166e+02, 2.09386505e+02, 1.60017578e+02,
    2.15236908e+02, 1.63901794e+02, 1.87194458e+02, 1.54953995e+02,
    1.93495499e+02, 1.58443802e+02, 1.99994293e+02, 1.62120911e+02,
    2.06153519e+02, 1.65971603e+02, 2.12162460e+02, 1.69775864e+02,
    1.84248611e+02, 1.60657303e+02, 1.90271042e+02, 1.64626404e+02,
    1.96647583e+02, 1.68189911e+02, 2.02637360e+02, 1.72002747e+02,
    2.08434021e+02, 1.75964005e+02, 1.80637070e+02, 1.67179153e+02,
    1.86716019e+02, 1.70622223e+02, 1.93452301e+02, 1.74007248e+02,
    1.99466034e+02, 1.77931244e+02, 2.05707962e+02, 1.81551865e+02,
    1.77810852e+02, 1.73180679e+02, 1.83808792e+02, 1.75834534e+02,
    1.90424698e+02, 1.80470276e+02, 1.96467087e+02, 1.83027954e+02,
    2.02145355e+02, 1.87184875e+02 ]
