%YAML:1.0
points: [ 1.16734192e+03, 3.34341339e+02, 1.17564331e+03, 3.53991516e+02,
    1.18413281e+03, 3.73592163e+02, 1.19251404e+03, 3.92961426e+02,
    1.20097571e+03, 4.12231964e+02, 1.14739771e+03, 3.43317719e+02,
    1.15583667e+03, 3.62886292e+02, 1.16428796e+03, 3.82270111e+02,
    1.17261536e+03, 4.01502716e+02, 1.18119397e+03, 4.20592041e+02,
    1.12778894e+03, 3.52435730e+02, 1.13640112e+03, 3.71557892e+02,
    1.14466565e+03, 3.90723480e+02, 1.15317395e+03, 4.09762604e+02,
    1.16154211e+03, 4.28785370e+02, 1.10856482e+03, 3.61352539e+02,
    1.11707959e+03, 3.80376709e+02, 1.12556494e+03, 3.99301239e+02,
    1.13394897e+03, 4.18262665e+02, 1.14233679e+03, 4.36857422e+02,
    1.08952722e+03, 3.69842804e+02, 1.09813623e+03, 3.88782806e+02,
    1.10654529e+03, 4.07577148e+02, 1.11504919e+03, 4.26325989e+02,
    1.12333167e+03, 4.44871674e+02, 1.07085913e+03, 3.78545929e+02,
    1.07943652e+03, 3.97320496e+02, 1.08780322e+03, 4.15885132e+02,
    1.09622888e+03, 4.34322723e+02, 1.10477185e+03, 4.52663239e+02,
    1.05242517e+03, 3.86790192e+02, 1.06099573e+03, 4.05523895e+02,
    1.06944006e+03, 4.23849426e+02, 1.07790527e+03, 4.42230286e+02,
    1.08640112e+03, 4.60572784e+02 ]
