%YAML:1.0
points: [ 8.93474243e+02, 2.91408936e+02, 9.14180481e+02, 2.91993317e+02,
    9.35196289e+02, 2.92468933e+02, 9.56128357e+02, 2.92880219e+02,
    9.77306152e+02, 2.93374878e+02, 8.93573669e+02, 3.12556549e+02,
    9.14322815e+02, 3.13052917e+02, 9.35024902e+02, 3.13641754e+02,
    9.55933167e+02, 3.14273743e+02, 9.76750854e+02, 3.14571014e+02,
    8.93759644e+02, 3.33560516e+02, 9.14299805e+02, 3.33918091e+02,
    9.35105957e+02, 3.34500671e+02, 9.55594666e+02, 3.35119385e+02,
    9.76270142e+02, 3.35648254e+02, 8.93790894e+02, 3.54230713e+02,
    9.14353333e+02, 3.54642365e+02, 9.34773926e+02, 3.55192657e+02,
    9.55319092e+02, 3.55665802e+02, 9.75870300e+02, 3.56287109e+02,
    8.93992188e+02, 3.74577332e+02, 9.14248291e+02, 3.74820129e+02,
    9.34640320e+02, 3.75476349e+02, 9.55085083e+02, 3.76048889e+02,
    9.75516357e+02, 3.76577637e+02, 8.93986816e+02, 3.94446075e+02,
    9.14288513e+02, 3.94858582e+02, 9.34484863e+02, 3.95424713e+02,
    9.54682556e+02, 3.96169312e+02, 9.75166382e+02, 3.96681976e+02,
    8.94265259e+02, 4.14157623e+02, 9.14245361e+02, 4.14683044e+02,
    9.34333008e+02, 4.15242249e+02, 9.54463135e+02, 4.15836639e+02,
    9.74640686e+02, 4.16377686e+02 ]
