%YAML:1.0
points: [ 7.49023376e+02, 7.07181396e+02, 7.29044922e+02, 7.12234009e+02,
    7.09482117e+02, 7.17010803e+02, 6.89959106e+02, 7.21653015e+02,
    6.70689636e+02, 7.26700073e+02, 7.45139526e+02, 6.86350281e+02,
    7.25593750e+02, 6.91204529e+02, 7.06024902e+02, 6.96197144e+02,
    6.86558899e+02, 7.00945312e+02, 6.67259521e+02, 7.06049988e+02,
    7.41439819e+02, 6.65607300e+02, 7.22061951e+02, 6.70478088e+02,
    7.02632629e+02, 6.75488647e+02, 6.83171082e+02, 6.80367554e+02,
    6.64028381e+02, 6.85455017e+02, 7.37408264e+02, 6.45088745e+02,
    7.17901672e+02, 6.49884460e+02, 6.98832581e+02, 6.54907593e+02,
    6.79656311e+02, 6.59956787e+02, 6.60332886e+02, 6.65087708e+02,
    7.33609619e+02, 6.24374634e+02, 7.14312927e+02, 6.29555786e+02,
    6.95432739e+02, 6.34506348e+02, 6.76086609e+02, 6.39688538e+02,
    6.56883667e+02, 6.44863342e+02, 7.29745300e+02, 6.04303894e+02,
    7.10871521e+02, 6.09414856e+02, 6.91372864e+02, 6.14414062e+02,
    6.72623657e+02, 6.19442383e+02, 6.53690979e+02, 6.24512146e+02,
    7.26315552e+02, 5.84296448e+02, 7.07034912e+02, 5.89531555e+02,
    6.88295166e+02, 5.94526062e+02, 6.69446106e+02, 5.99645935e+02,
    6.50471802e+02, 6.04791565e+02 ]
