%YAML:1.0
points: [ 1.30982837e+03, 7.30168518e+02, 1.29274084e+03, 7.42611206e+02,
    1.27566687e+03, 7.55063538e+02, 1.25845581e+03, 7.67640076e+02,
    1.24149609e+03, 7.80338135e+02, 1.29555994e+03, 7.12897461e+02,
    1.27857996e+03, 7.25404846e+02, 1.26154749e+03, 7.37742981e+02,
    1.24467249e+03, 7.50313782e+02, 1.22768872e+03, 7.62776367e+02,
    1.28153589e+03, 6.96015747e+02, 1.26441174e+03, 7.08398254e+02,
    1.24772156e+03, 7.20796021e+02, 1.23087488e+03, 7.33163818e+02,
    1.21410364e+03, 7.45523499e+02, 1.26759277e+03, 6.79277405e+02,
    1.25079895e+03, 6.91640625e+02, 1.23408740e+03, 7.03913086e+02,
    1.21744519e+03, 7.16293091e+02, 1.20081970e+03, 7.28563171e+02,
    1.25402771e+03, 6.62862427e+02, 1.23731042e+03, 6.75190552e+02,
    1.22063782e+03, 6.87448486e+02, 1.20424670e+03, 6.99577515e+02,
    1.18772583e+03, 7.11774292e+02, 1.24053540e+03, 6.46651367e+02,
    1.22407178e+03, 6.58996277e+02, 1.20762048e+03, 6.71113098e+02,
    1.19120044e+03, 6.83328735e+02, 1.17477209e+03, 6.95399170e+02,
    1.22728455e+03, 6.30813904e+02, 1.21089978e+03, 6.42974487e+02,
    1.19458557e+03, 6.54901855e+02, 1.17837463e+03, 6.67071045e+02,
    1.16220825e+03, 6.79112610e+02 ]
