%YAML:1.0
points: [ 8.30689941e+02, 6.44870483e+02, 8.16514893e+02, 6.27951233e+02,
    8.02330627e+02, 6.11355103e+02, 7.88023376e+02, 5.94757935e+02,
    7.73573608e+02, 5.78439819e+02, 8.45874939e+02, 6.33240417e+02,
    8.31627014e+02, 6.16743347e+02, 8.17646973e+02, 6.00280029e+02,
    8.03509949e+02, 5.84010498e+02, 7.89351685e+02, 5.67678284e+02,
    8.60687012e+02, 6.21669006e+02, 8.46531250e+02, 6.05609985e+02,
    8.32536194e+02, 5.89508545e+02, 8.18737671e+02, 5.73309937e+02,
    8.04787415e+02, 5.57106812e+02, 8.75394653e+02, 6.10292053e+02,
    8.61264587e+02, 5.94556152e+02, 8.47234436e+02, 5.78754211e+02,
    8.33557251e+02, 5.62789001e+02, 8.19829102e+02, 5.46794067e+02,
    8.89518738e+02, 5.99376526e+02, 8.75402710e+02, 5.83912354e+02,
    8.61576599e+02, 5.68463013e+02, 8.47897156e+02, 5.52630920e+02,
    8.34501526e+02, 5.36818054e+02, 9.03254272e+02, 5.88851440e+02,
    8.89293640e+02, 5.73542480e+02, 8.75650269e+02, 5.58234192e+02,
    8.62193176e+02, 5.42673584e+02, 8.48816956e+02, 5.27106079e+02,
    9.16432312e+02, 5.78625732e+02, 9.02954468e+02, 5.63347961e+02,
    8.89311584e+02, 5.48268616e+02, 8.76109741e+02, 5.32738220e+02,
    8.62530762e+02, 5.17743408e+02 ]
