%YAML:1.0
points: [ 8.98702148e+02, 5.79164001e+02, 9.16341980e+02, 5.81817993e+02,
    9.33048218e+02, 5.84434631e+02, 9.49459351e+02, 5.86743103e+02,
    9.65539490e+02, 5.88920898e+02, 8.92391052e+02, 5.99471069e+02,
    9.09657532e+02, 6.01731506e+02, 9.26767944e+02, 6.04089172e+02,
    9.43187195e+02, 6.06310425e+02, 9.59616333e+02, 6.08456116e+02,
    8.86436951e+02, 6.19613525e+02, 9.03380066e+02, 6.21531921e+02,
    9.20393616e+02, 6.23600342e+02, 9.37336243e+02, 6.25645325e+02,
    9.53341919e+02, 6.27707886e+02, 8.80697144e+02, 6.40155090e+02,
    8.97591003e+02, 6.41524048e+02, 9.14174011e+02, 6.43178406e+02,
    9.31041321e+02, 6.44929199e+02, 9.47596619e+02, 6.46733521e+02,
    8.74729065e+02, 6.60086548e+02, 8.91474609e+02, 6.61282349e+02,
    9.08319092e+02, 6.62561890e+02, 9.24818848e+02, 6.64245728e+02,
    9.41406982e+02, 6.65757996e+02, 8.68650818e+02, 6.80014954e+02,
    8.85457581e+02, 6.80837158e+02, 9.02307007e+02, 6.81801575e+02,
    9.18934143e+02, 6.83321228e+02, 9.35443237e+02, 6.84562500e+02,
    8.62421631e+02, 6.99446167e+02, 8.79708008e+02, 7.00475952e+02,
    8.96402588e+02, 7.01363525e+02, 9.13069519e+02, 7.02278137e+02,
    9.29420166e+02, 7.03254089e+02 ]
