%YAML:1.0
points: [ 8.25895264e+02, 5.01036285e+02, 8.08104675e+02, 5.09190735e+02,
    7.89946289e+02, 5.17412537e+02, 7.71823303e+02, 5.25590820e+02,
    7.53334534e+02, 5.33819885e+02, 8.17251831e+02, 4.83090454e+02,
    7.99290588e+02, 4.91265381e+02, 7.81169800e+02, 4.99403168e+02,
    7.62762573e+02, 5.07463074e+02, 7.44456055e+02, 5.15503906e+02,
    8.08454956e+02, 4.65231079e+02, 7.90403076e+02, 4.73265747e+02,
    7.72286865e+02, 4.81320343e+02, 7.53964722e+02, 4.89296631e+02,
    7.35413818e+02, 4.97190338e+02, 7.99638977e+02, 4.47423126e+02,
    7.81626892e+02, 4.55305176e+02, 7.63355652e+02, 4.63216339e+02,
    7.45070068e+02, 4.71121307e+02, 7.26306519e+02, 4.78846039e+02,
    7.90759338e+02, 4.29568665e+02, 7.72814270e+02, 4.37289032e+02,
    7.54527771e+02, 4.45142853e+02, 7.35919128e+02, 4.52859985e+02,
    7.17317444e+02, 4.60653198e+02, 7.82183167e+02, 4.11550659e+02,
    7.63985291e+02, 4.19331757e+02, 7.45682312e+02, 4.26891235e+02,
    7.27025085e+02, 4.34587036e+02, 7.08352417e+02, 4.42419434e+02,
    7.73301819e+02, 3.93827789e+02, 7.55239929e+02, 4.01231384e+02,
    7.36710022e+02, 4.08711578e+02, 7.18168274e+02, 4.16421509e+02,
    6.99254150e+02, 4.24260925e+02 ]
