%YAML:1.0
cameraMatrix: !!opencv-matrix
   rows: 3
   cols: 3
   dt: d
   data: [ 1.1250959140154021e+03, 0., 9.6672771271106933e+02, 0.,
       1.1272812316455802e+03, 5.2777953035539770e+02, 0., 0., 1. ]
distortionCoefficients: !!opencv-matrix
   rows: 1
   cols: 5
   dt: d
   data: [ 4.2238261453601121e-02, 3.4276693624668120e-01,
       -5.1397183270400128e-03, 3.9596427797466884e-03,
       -1.0406684150255741e+00 ]
rotation: !!opencv-matrix
   rows: 3
   cols: 3
   dt: d
   data: [ 1., 0., 0., 0., 1., 0., 0., 0., 1. ]
projection: !!opencv-matrix
   rows: 4
   cols: 4
   dt: d
   data: [ 1.1250959140154021e+03, 0., 9.6672771271106933e+02, 0., 0.,
       1.1272812316455802e+03, 5.2777953035539770e+02, 0., 0., 0., 1.,
       0., 0., 0., 0., 1. ]
