%YAML:1.0
cameraMatrix: !!opencv-matrix
   rows: 3
   cols: 3
   dt: d
   data: [ 4.2110882397837912e+02, 0., 2.5449898735715107e+02, 0.,
       4.2364694942985722e+02, 2.0568250961165083e+02, 0., 0., 1. ]
distortionCoefficients: !!opencv-matrix
   rows: 1
   cols: 5
   dt: d
   data: [ 1.9227825442212232e-01, 4.4206398945472908e-01,
       -1.4299796146015016e-02, -3.1065383200487777e-03,
       -2.2495587454758059e+00 ]
rotation: !!opencv-matrix
   rows: 3
   cols: 3
   dt: d
   data: [ 1., 0., 0., 0., 1., 0., 0., 0., 1. ]
projection: !!opencv-matrix
   rows: 4
   cols: 4
   dt: d
   data: [ 4.2110882397837912e+02, 0., 2.5449898735715107e+02, 0., 0.,
       4.2364694942985722e+02, 2.0568250961165083e+02, 0., 0., 0., 1.,
       0., 0., 0., 0., 1. ]
