%YAML:1.0
rotation: !!opencv-matrix
   rows: 3
   cols: 3
   dt: d
   data: [ 9.9991071037926460e-01, 7.3180961822900768e-03,
       -1.1181088368358327e-02, -7.3536273113676900e-03,
       9.9996803181234228e-01, -3.1399870566576329e-03,
       1.1157752201935373e-02, 3.2219282452006382e-03,
       9.9993255959798755e-01 ]
translation: !!opencv-matrix
   rows: 3
   cols: 1
   dt: d
   data: [ -6.2408671569365491e-02, 4.3815582642111181e-03,
       -1.4403968998858810e-01 ]
essential: !!opencv-matrix
   rows: 3
   cols: 3
   dt: d
   data: [ -1.0103258568506068e-03, 1.4404920236707783e-01,
       3.9289800079511938e-03, -1.4333048824667521e-01,
       -8.5302004372894398e-04, 6.4014983205779141e-02,
       -3.9222369248168142e-03, -6.2438741142047102e-02,
       2.4495301109426007e-04 ]
fundamental: !!opencv-matrix
   rows: 3
   cols: 3
   dt: d
   data: [ -1.1588831730582835e-07, 1.6424013949748543e-05,
       -3.1588581140946028e-03, -1.6408694921261817e-05,
       -9.7069983216746956e-08, 7.2820720953227207e-03,
       8.2660297344092255e-03, -2.3835941964145055e-02, 1. ]
