%YAML:1.0
---
points: [ 1.65083875e+03, 1.91930557e+02, 1.64409888e+03, 3.95177979e+02,
    1.63552271e+03, 5.94126099e+02, 1.63309705e+03, 7.90499268e+02,
    1.62882202e+03, 9.84879944e+02, 1.45379248e+03, 1.88452255e+02,
    1.44649158e+03, 3.94455505e+02, 1.44019458e+03, 5.93967712e+02,
    1.43835620e+03, 7.91743896e+02, 1.43769958e+03, 9.89637695e+02,
    1.25169458e+03, 1.87238678e+02, 1.24712524e+03, 3.93623810e+02,
    1.24327905e+03, 5.94382202e+02, 1.24137842e+03, 7.91822571e+02,
    1.24190271e+03, 9.91543030e+02, 1.04815723e+03, 1.85628723e+02,
    1.04684436e+03, 3.92712891e+02, 1.04533435e+03, 5.94501160e+02,
    1.04437158e+03, 7.92793213e+02, 1.04395264e+03, 9.92851013e+02,
    8.42581360e+02, 1.84364639e+02, 8.43660706e+02, 3.91954865e+02,
    8.44594116e+02, 5.94763733e+02, 8.45184326e+02, 7.93876587e+02,
    8.44975891e+02, 9.93157288e+02, 6.34046692e+02, 1.81114609e+02,
    6.37571716e+02, 3.90521790e+02, 6.39904053e+02, 5.95659119e+02,
    6.42641174e+02, 7.96411316e+02, 6.43424683e+02, 9.96141296e+02,
    4.21317474e+02, 1.77154144e+02, 4.26166870e+02, 3.88601196e+02,
    4.30798645e+02, 5.95989014e+02, 4.35433777e+02, 7.99319702e+02,
    4.40520905e+02, 9.98126099e+02 ]
