%YAML:1.0
---
points: [ 1.04936072e+03, 3.20859100e+02, 1.05328101e+03, 4.03137482e+02,
    1.05673059e+03, 4.85345184e+02, 1.06069702e+03, 5.67397034e+02,
    1.06459839e+03, 6.50314758e+02, 9.67426636e+02, 3.23836548e+02,
    9.71041321e+02, 4.06484741e+02, 9.74642700e+02, 4.88612488e+02,
    9.78363831e+02, 5.71053711e+02, 9.81804382e+02, 6.54174988e+02,
    8.85175476e+02, 3.27166656e+02, 8.88955994e+02, 4.09552673e+02,
    8.92381348e+02, 4.92138794e+02, 8.95876526e+02, 5.74675293e+02,
    8.99009338e+02, 6.57767273e+02, 8.02621582e+02, 3.30293823e+02,
    8.06353943e+02, 4.12828888e+02, 8.10086182e+02, 4.95628143e+02,
    8.13221680e+02, 5.78117676e+02, 8.16132751e+02, 6.61353943e+02,
    7.19788086e+02, 3.33782288e+02, 7.23293396e+02, 4.16249817e+02,
    7.27133667e+02, 4.98944427e+02, 7.30294373e+02, 5.81750610e+02,
    7.33256348e+02, 6.65010559e+02, 6.36370422e+02, 3.36542023e+02,
    6.39652649e+02, 4.19380859e+02, 6.43068848e+02, 5.02395691e+02,
    6.46471497e+02, 5.85515625e+02, 6.49292236e+02, 6.68903137e+02,
    5.51841980e+02, 3.39353180e+02, 5.55199158e+02, 4.22511566e+02,
    5.58555420e+02, 5.05753693e+02, 5.61696411e+02, 5.89127197e+02,
    5.65185303e+02, 6.72633667e+02 ]
