%YAML:1.0
---
points: [ 1.09858850e+03, 4.14551788e+02, 1.09636401e+03, 4.75185455e+02,
    1.09375598e+03, 5.39054260e+02, 1.09153674e+03, 6.04820435e+02,
    1.08919714e+03, 6.75289307e+02, 1.03133545e+03, 4.07483429e+02,
    1.02714636e+03, 4.68408569e+02, 1.02261572e+03, 5.32112915e+02,
    1.01828491e+03, 5.98043701e+02, 1.01354565e+03, 6.67509644e+02,
    9.63732666e+02, 4.00735596e+02, 9.57880371e+02, 4.61375519e+02,
    9.51742249e+02, 5.24840881e+02, 9.45222778e+02, 5.91211853e+02,
    9.38274719e+02, 6.60543823e+02, 8.96348450e+02, 3.94133514e+02,
    8.88868164e+02, 4.54179169e+02, 8.80753479e+02, 5.17867920e+02,
    8.72321350e+02, 5.84012207e+02, 8.63134705e+02, 6.53364441e+02,
    8.28804321e+02, 3.88064270e+02, 8.19516479e+02, 4.47395203e+02,
    8.09839722e+02, 5.10626770e+02, 7.99386780e+02, 5.76759766e+02,
    7.87931946e+02, 6.46463928e+02, 7.61254578e+02, 3.81415405e+02,
    7.50206970e+02, 4.40512726e+02, 7.38437439e+02, 5.02830566e+02,
    7.26065430e+02, 5.69441895e+02, 7.12537354e+02, 6.39203552e+02,
    6.93390076e+02, 3.74105652e+02, 6.80573547e+02, 4.33200439e+02,
    6.66784546e+02, 4.95615448e+02, 6.52552124e+02, 5.61652954e+02,
    6.37377197e+02, 6.31897766e+02 ]
