%YAML:1.0
---
points: [ 3.48391388e+02, 1.66693115e+02, 3.48610474e+02, 1.87685425e+02,
    3.48533936e+02, 2.09748047e+02, 3.49105743e+02, 2.32637848e+02,
    3.49421600e+02, 2.56868988e+02, 3.25093384e+02, 1.64279648e+02,
    3.24482788e+02, 1.85296524e+02, 3.23880371e+02, 2.07226944e+02,
    3.23445587e+02, 2.30007935e+02, 3.23221313e+02, 2.53937439e+02,
    3.01773987e+02, 1.61835556e+02, 3.00596130e+02, 1.82804016e+02,
    2.99332397e+02, 2.04662918e+02, 2.98233582e+02, 2.27419479e+02,
    2.97004456e+02, 2.51285889e+02, 2.78523590e+02, 1.59421448e+02,
    2.76863251e+02, 1.80141556e+02, 2.74996216e+02, 2.01985764e+02,
    2.72969666e+02, 2.24743118e+02, 2.71242981e+02, 2.48620239e+02,
    2.55231125e+02, 1.57278442e+02, 2.52950195e+02, 1.77716705e+02,
    2.50579941e+02, 1.99431564e+02, 2.48094452e+02, 2.22189346e+02,
    2.45167252e+02, 2.46138321e+02, 2.31988113e+02, 1.54784424e+02,
    2.29180145e+02, 1.75207474e+02, 2.26153351e+02, 1.96630127e+02,
    2.22797165e+02, 2.19383698e+02, 2.19294525e+02, 2.43444748e+02,
    2.08682510e+02, 1.52128418e+02, 2.05278229e+02, 1.72422958e+02,
    2.01491318e+02, 1.93872086e+02, 1.97621140e+02, 2.16709045e+02,
    1.93351639e+02, 2.40764450e+02 ]
