%YAML:1.0
---
points: [ 1.62340125e+03, 2.31908112e+02, 1.61309070e+03, 4.15934113e+02,
    1.60055359e+03, 5.96894958e+02, 1.59521228e+03, 7.75418335e+02,
    1.58922888e+03, 9.53469910e+02, 1.46741296e+03, 2.15459442e+02,
    1.45491101e+03, 4.08240326e+02, 1.44383752e+03, 5.95804688e+02,
    1.43855054e+03, 7.81751831e+02, 1.43549146e+03, 9.68161621e+02,
    1.29525806e+03, 1.99171768e+02, 1.28456384e+03, 3.99600281e+02,
    1.27521167e+03, 5.95090088e+02, 1.26916846e+03, 7.87617004e+02,
    1.26658557e+03, 9.82281250e+02, 1.10835291e+03, 1.81280594e+02,
    1.10126099e+03, 3.90425568e+02, 1.09292334e+03, 5.93964478e+02,
    1.08707751e+03, 7.94627930e+02, 1.08338745e+03, 9.96945557e+02,
    9.03847717e+02, 1.62178238e+02, 8.99614441e+02, 3.80260651e+02,
    8.93805908e+02, 5.93237000e+02, 8.88469849e+02, 8.02374390e+02,
    8.84117310e+02, 1.01214117e+03, 6.80482971e+02, 1.39008041e+02,
    6.78232056e+02, 3.68372375e+02, 6.75039978e+02, 5.92691956e+02,
    6.71073486e+02, 8.12510925e+02, 6.66285889e+02, 1.03107227e+03,
    4.32126373e+02, 1.12560822e+02, 4.31566498e+02, 3.54783691e+02,
    4.30638580e+02, 5.91651306e+02, 4.28816711e+02, 8.24129578e+02,
    4.28531738e+02, 1.05080042e+03 ]
