%YAML:1.0
---
points: [ 3.16601746e+02, 1.68101120e+02, 3.15399963e+02, 1.90881134e+02,
    3.14119690e+02, 2.13341278e+02, 3.13796234e+02, 2.35666702e+02,
    3.13321594e+02, 2.58208618e+02, 3.04583313e+02, 1.66316986e+02,
    3.03136627e+02, 1.90208939e+02, 3.01766388e+02, 2.13706512e+02,
    3.01247925e+02, 2.37212799e+02, 3.01176910e+02, 2.60711578e+02,
    2.91106293e+02, 1.64451508e+02, 2.89696289e+02, 1.89540497e+02,
    2.88416046e+02, 2.14276947e+02, 2.87637421e+02, 2.38851059e+02,
    2.87462708e+02, 2.63636108e+02, 2.76045105e+02, 1.62258606e+02,
    2.75042786e+02, 1.88637482e+02, 2.73500519e+02, 2.14824982e+02,
    2.72546326e+02, 2.40792236e+02, 2.72201263e+02, 2.66749512e+02,
    2.58927368e+02, 1.59952682e+02, 2.58184479e+02, 1.87815308e+02,
    2.56792206e+02, 2.15497696e+02, 2.55669098e+02, 2.42936340e+02,
    2.54952515e+02, 2.70394775e+02, 2.40123108e+02, 1.57142944e+02,
    2.39369370e+02, 1.86850388e+02, 2.38446060e+02, 2.16314041e+02,
    2.37120178e+02, 2.45426666e+02, 2.36153702e+02, 2.74470245e+02,
    2.18936890e+02, 1.54055786e+02, 2.18273895e+02, 1.85751450e+02,
    2.17305817e+02, 2.17169296e+02, 2.16040329e+02, 2.48193542e+02,
    2.14596832e+02, 2.79094971e+02 ]
