%YAML:1.0
---
points: [ 1.85951587e+03, 1.14092621e+02, 1.86888171e+03, 3.54891449e+02,
    1.87638123e+03, 5.88989502e+02, 1.88485828e+03, 8.23424316e+02,
    1.89302844e+03, 1.05552869e+03, 1.58628149e+03, 1.62012939e+02,
    1.59657788e+03, 3.80190033e+02, 1.60541345e+03, 5.93290955e+02,
    1.61451868e+03, 8.05122559e+02, 1.62244006e+03, 1.01737335e+03,
    1.35667395e+03, 2.03817383e+02, 1.36676270e+03, 4.02027649e+02,
    1.37705298e+03, 5.96511841e+02, 1.38634180e+03, 7.88750183e+02,
    1.39515552e+03, 9.83128479e+02, 1.16512952e+03, 2.39632019e+02,
    1.17525330e+03, 4.20713806e+02, 1.18655359e+03, 5.98398682e+02,
    1.19621106e+03, 7.75068542e+02, 1.20384985e+03, 9.53195557e+02,
    1.00444049e+03, 2.70090027e+02, 1.01411743e+03, 4.36223846e+02,
    1.02533655e+03, 6.00741272e+02, 1.03509900e+03, 7.63216675e+02,
    1.04371826e+03, 9.26523010e+02, 8.66087463e+02, 2.95257080e+02,
    8.75736694e+02, 4.49588318e+02, 8.85356018e+02, 6.02724915e+02,
    8.96164001e+02, 7.53957581e+02, 9.05107910e+02, 9.05006409e+02,
    7.45264282e+02, 3.16723755e+02, 7.54906433e+02, 4.61118713e+02,
    7.64729370e+02, 6.04227539e+02, 7.75159485e+02, 7.45720886e+02,
    7.85570190e+02, 8.86389648e+02 ]
