%YAML:1.0
---
points: [ 1.23780725e+03, 4.02601166e+02, 1.20735071e+03, 4.83170074e+02,
    1.17732703e+03, 5.59554260e+02, 1.15152075e+03, 6.34238464e+02,
    1.12638281e+03, 7.06352966e+02, 1.17841418e+03, 3.89208649e+02,
    1.14682739e+03, 4.73489594e+02, 1.11723523e+03, 5.53658386e+02,
    1.09104224e+03, 6.31623169e+02, 1.06681738e+03, 7.07286682e+02,
    1.11190784e+03, 3.74126282e+02, 1.08086462e+03, 4.62691010e+02,
    1.05154919e+03, 5.47325562e+02, 1.02485889e+03, 6.28666443e+02,
    1.00085718e+03, 7.07803833e+02, 1.03836694e+03, 3.56968384e+02,
    1.00857507e+03, 4.51440857e+02, 9.79114990e+02, 5.40170593e+02,
    9.52624756e+02, 6.25478027e+02, 9.28520447e+02, 7.08330994e+02,
    9.55423889e+02, 3.37850800e+02, 9.27211060e+02, 4.38460999e+02,
    8.98830627e+02, 5.32468750e+02, 8.72502136e+02, 6.22052002e+02,
    8.48281006e+02, 7.07864685e+02, 8.64109436e+02, 3.16866852e+02,
    8.36454773e+02, 4.23636383e+02, 8.10257141e+02, 5.24427795e+02,
    7.84445679e+02, 6.18708374e+02, 7.60380859e+02, 7.08937866e+02,
    7.60844971e+02, 2.92884186e+02, 7.34935608e+02, 4.07545044e+02,
    7.09936096e+02, 5.14609253e+02, 6.85678894e+02, 6.15190735e+02,
    6.62344055e+02, 7.09666382e+02 ]
