%YAML:1.0
---
points: [ 8.11457153e+02, 3.44597198e+02, 8.44440796e+02, 4.58661072e+02,
    8.76380676e+02, 5.63919434e+02, 9.01649292e+02, 6.64331787e+02,
    9.25782043e+02, 7.58303345e+02, 7.39414795e+02, 3.52137482e+02,
    7.74214050e+02, 4.57372284e+02, 8.05840576e+02, 5.55555969e+02,
    8.32531921e+02, 6.49189575e+02, 8.55656128e+02, 7.38454773e+02,
    6.78435608e+02, 3.58302307e+02, 7.12496887e+02, 4.56443298e+02,
    7.44309631e+02, 5.48696045e+02, 7.71487671e+02, 6.36062988e+02,
    7.95437683e+02, 7.20218689e+02, 6.25213501e+02, 3.63414642e+02,
    6.57651794e+02, 4.56107147e+02, 6.90072571e+02, 5.42377197e+02,
    7.17717102e+02, 6.24539917e+02, 7.41782837e+02, 7.03957642e+02,
    5.79303406e+02, 3.67444855e+02, 6.10223389e+02, 4.55233368e+02,
    6.41486572e+02, 5.36880127e+02, 6.69827820e+02, 6.14288086e+02,
    6.95594788e+02, 6.88647339e+02, 5.37175659e+02, 3.71637939e+02,
    5.67793884e+02, 4.54420929e+02, 5.96976685e+02, 5.32579956e+02,
    6.25706360e+02, 6.05865417e+02, 6.52060486e+02, 6.76272827e+02,
    4.99158173e+02, 3.75588867e+02, 5.29116150e+02, 4.54111481e+02,
    5.58080933e+02, 5.28247986e+02, 5.86079346e+02, 5.98112366e+02,
    6.13426392e+02, 6.64684937e+02 ]
