%YAML:1.0
---
points: [ 4.82329498e+02, 1.66056961e+02, 4.81358582e+02, 1.89430771e+02,
    4.79817810e+02, 2.13274948e+02, 4.79320404e+02, 2.36458374e+02,
    4.78575195e+02, 2.60308044e+02, 4.70720490e+02, 1.64346146e+02,
    4.69189270e+02, 1.89319458e+02, 4.67600433e+02, 2.13547745e+02,
    4.67021301e+02, 2.38099884e+02, 4.66868134e+02, 2.62113647e+02,
    4.57543518e+02, 1.63196289e+02, 4.56166504e+02, 1.88692810e+02,
    4.54576050e+02, 2.14305801e+02, 4.53583954e+02, 2.39354584e+02,
    4.53498199e+02, 2.64691711e+02, 4.43147369e+02, 1.61623184e+02,
    4.42109558e+02, 1.88423233e+02, 4.40196411e+02, 2.14727142e+02,
    4.39294861e+02, 2.40962051e+02, 4.38936981e+02, 2.66967224e+02,
    4.27171204e+02, 1.60179688e+02, 4.26244080e+02, 1.87852890e+02,
    4.24553894e+02, 2.15388275e+02, 4.23344147e+02, 2.42625031e+02,
    4.22588379e+02, 2.69752228e+02, 4.10005737e+02, 1.58595703e+02,
    4.08977142e+02, 1.87436111e+02, 4.08094269e+02, 2.16173935e+02,
    4.06523651e+02, 2.44531387e+02, 4.05393005e+02, 2.72490997e+02,
    3.91256653e+02, 1.56901566e+02, 3.90411163e+02, 1.86903641e+02,
    3.89238464e+02, 2.16963043e+02, 3.88018555e+02, 2.46447311e+02,
    3.86550018e+02, 2.75764984e+02 ]
