%YAML:1.0
---
points: [ 1.54252274e+02, 1.61731247e+02, 1.55287109e+02, 1.87612076e+02,
    1.56225983e+02, 2.13212540e+02, 1.56670609e+02, 2.38796829e+02,
    1.57083084e+02, 2.64157166e+02, 1.28426453e+02, 1.62090286e+02,
    1.29674683e+02, 1.88005798e+02, 1.30723648e+02, 2.13545456e+02,
    1.31249878e+02, 2.39071243e+02, 1.31642792e+02, 2.64528412e+02,
    1.02800682e+02, 1.62654175e+02, 1.04019829e+02, 1.88372299e+02,
    1.05132072e+02, 2.13948898e+02, 1.06024849e+02, 2.39337463e+02,
    1.06392540e+02, 2.64891327e+02, 7.74973221e+01, 1.62958786e+02,
    7.86972580e+01, 1.88836273e+02, 8.00399780e+01, 2.14341919e+02,
    8.09865189e+01, 2.39747833e+02, 8.15448380e+01, 2.64936157e+02,
    5.31752319e+01, 1.63577240e+02, 5.40295181e+01, 1.89267471e+02,
    5.52963028e+01, 2.14700455e+02, 5.65694733e+01, 2.39870819e+02,
    5.75070457e+01, 2.64944702e+02, 2.90633125e+01, 1.64362030e+02,
    2.98927307e+01, 1.89824707e+02, 3.09296074e+01, 2.14907745e+02,
    3.23296127e+01, 2.40079117e+02, 3.38339081e+01, 2.64805756e+02,
    2.90104842e+00, 1.64701950e+02, 3.30286598e+00, 1.90776520e+02,
    8.06253433e+00, 2.15290985e+02, 9.52064991e+00, 2.40165634e+02,
    1.13126230e+01, 2.64711792e+02 ]
