%YAML:1.0
---
points: [ 3.30619202e+02, 1.25110184e+02, 3.30500000e+02, 1.58250000e+02,
    331., 191., 3.29750000e+02, 2.24250000e+02, 3.32174896e+02,
    2.54311493e+02, 3.03384796e+02, 1.30151733e+02, 3.03605133e+02,
    1.61365524e+02, 3.03710358e+02, 1.92402176e+02, 3.03573334e+02,
    2.22401962e+02, 3.02998535e+02, 2.55098602e+02, 2.79794800e+02,
    1.34802551e+02, 2.80019745e+02, 1.64233368e+02, 2.80103577e+02,
    1.93478424e+02, 2.79689117e+02, 2.22623642e+02, 2.78617767e+02,
    2.51925369e+02, 2.58734680e+02, 1.38842850e+02, 2.58663055e+02,
    1.66703354e+02, 2.58976501e+02, 1.94358917e+02, 2.58666443e+02,
    2.21935760e+02, 2.57742218e+02, 2.49676437e+02, 2.40089188e+02,
    1.42549438e+02, 2.39697281e+02, 1.68826141e+02, 2.39908737e+02,
    1.95137604e+02, 2.39830658e+02, 2.21357590e+02, 2.39324326e+02,
    2.47709793e+02, 2.22748123e+02, 1.45730072e+02, 2.22604523e+02,
    1.70810532e+02, 2.22328278e+02, 1.95832016e+02, 2.22376465e+02,
    2.20850372e+02, 2.22207809e+02, 2.45938644e+02, 2.06974747e+02,
    1.48567200e+02, 2.06778412e+02, 1.72681915e+02, 2.06543716e+02,
    1.96356491e+02, 2.06631378e+02, 2.20473419e+02, 2.06695663e+02,
    2.44323380e+02 ]
