%YAML:1.0
---
points: [ 9.97706360e+02, 2.94982147e+02, 9.98290344e+02, 3.90582672e+02,
    9.99685547e+02, 4.86100800e+02, 9.97467712e+02, 5.81425049e+02,
    9.95590820e+02, 6.77526306e+02, 9.29594055e+02, 3.09664368e+02,
    9.31346252e+02, 3.99807953e+02, 9.32346313e+02, 4.89693359e+02,
    9.30938843e+02, 5.79574158e+02, 9.27687500e+02, 6.70001892e+02,
    8.69979797e+02, 3.23080414e+02, 8.71355164e+02, 4.08021149e+02,
    8.72302490e+02, 4.92868408e+02, 8.71460999e+02, 5.77655457e+02,
    8.68739624e+02, 6.63072388e+02, 8.16794739e+02, 3.34765472e+02,
    8.17086609e+02, 4.15272278e+02, 8.18710632e+02, 4.95837311e+02,
    8.18307251e+02, 5.76160095e+02, 8.15751587e+02, 6.56713257e+02,
    7.69724121e+02, 3.45604828e+02, 7.69197876e+02, 4.22043121e+02,
    7.70319275e+02, 4.98417908e+02, 7.70474670e+02, 5.74728699e+02,
    7.69571655e+02, 6.51091492e+02, 7.26145386e+02, 3.55341644e+02,
    7.25768860e+02, 4.28151978e+02, 7.25392639e+02, 5.00800781e+02,
    7.26266174e+02, 5.73502747e+02, 7.25958679e+02, 6.46323914e+02,
    6.85670532e+02, 3.63916382e+02, 6.85418701e+02, 4.33367859e+02,
    6.85413696e+02, 5.02712952e+02, 6.85721985e+02, 5.72312317e+02,
    6.86643127e+02, 6.41785645e+02 ]
