%YAML:1.0
---
points: [ 7.75656067e+02, 3.32151581e+02, 7.78616577e+02, 4.65412872e+02,
    7.81481567e+02, 5.96416138e+02, 7.82573364e+02, 7.26595215e+02,
    7.83621033e+02, 8.56965454e+02, 6.44355652e+02, 3.33832275e+02,
    6.49121155e+02, 4.66513916e+02, 6.52901062e+02, 5.96932739e+02,
    6.54555908e+02, 7.26382324e+02, 6.54603699e+02, 8.56606628e+02,
    5.14044800e+02, 3.35496948e+02, 5.19753967e+02, 4.67682953e+02,
    5.24453125e+02, 5.97583130e+02, 5.27069031e+02, 7.26440979e+02,
    5.27388428e+02, 8.55723083e+02, 3.85729645e+02, 3.37505737e+02,
    3.91058899e+02, 4.68923218e+02, 3.97433411e+02, 5.98304016e+02,
    4.00992493e+02, 7.26491577e+02, 4.01451721e+02, 8.55070374e+02,
    2.60444458e+02, 3.39818848e+02, 2.65000732e+02, 4.70310089e+02,
    2.71510712e+02, 5.98845947e+02, 2.76667542e+02, 7.26252686e+02,
    2.79790924e+02, 8.53096130e+02, 1.36684891e+02, 3.42155518e+02,
    1.41875397e+02, 4.71613678e+02, 1.47056168e+02, 5.99673157e+02,
    1.53913986e+02, 7.26016785e+02, 1.59241425e+02, 8.51247620e+02,
    1.57652273e+01, 3.44707916e+02, 2.08770962e+01, 4.73051605e+02,
    2.71265850e+01, 6.00178589e+02, 3.45234070e+01, 7.25505310e+02,
    4.28038902e+01, 8.49047119e+02 ]
