%YAML:1.0
---
points: [ 1.82181747e+02, 1.61804764e+02, 1.83244919e+02, 1.87673157e+02,
    1.84185684e+02, 2.13239716e+02, 1.84675415e+02, 2.38748154e+02,
    1.85169220e+02, 2.64206757e+02, 1.57169510e+02, 1.62472961e+02,
    1.58497391e+02, 1.88229141e+02, 1.59551392e+02, 2.13548080e+02,
    1.60075821e+02, 2.38902542e+02, 1.60506592e+02, 2.64187195e+02,
    1.32727066e+02, 1.63327667e+02, 1.34006027e+02, 1.88650742e+02,
    1.35101837e+02, 2.13941162e+02, 1.36023117e+02, 2.38925400e+02,
    1.36314087e+02, 2.64183990e+02, 1.08600822e+02, 1.63855026e+02,
    1.09786240e+02, 1.89322540e+02, 1.11211182e+02, 2.14296677e+02,
    1.12087700e+02, 2.39134384e+02, 1.12677170e+02, 2.64062012e+02,
    8.52756882e+01, 1.64750534e+02, 8.63005753e+01, 1.89698776e+02,
    8.77099304e+01, 2.14752136e+02, 8.88787766e+01, 2.39238159e+02,
    8.97033081e+01, 2.63843079e+02, 6.25869141e+01, 1.65702438e+02,
    6.36221085e+01, 1.90313705e+02, 6.46257782e+01, 2.14949188e+02,
    6.60199127e+01, 2.39453140e+02, 6.73079834e+01, 2.63772736e+02,
    4.03532295e+01, 1.66552963e+02, 4.14971428e+01, 1.90911057e+02,
    4.25732193e+01, 2.15282990e+02, 4.39376602e+01, 2.39470612e+02,
    4.56002388e+01, 2.63398682e+02 ]
