%YAML:1.0
---
points: [ 4.67191376e+02, 1.44679062e+02, 4.67722961e+02, 1.69577377e+02,
    4.67938629e+02, 1.94846924e+02, 4.68831390e+02, 2.19738174e+02,
    4.69449280e+02, 2.45307922e+02, 4.42738647e+02, 1.44700745e+02,
    4.43148926e+02, 1.69981567e+02, 4.43333618e+02, 1.95047867e+02,
    4.43910980e+02, 2.20405060e+02, 4.44768372e+02, 2.45692810e+02,
    4.17696381e+02, 1.45155014e+02, 4.17846985e+02, 1.70329941e+02,
    4.18252197e+02, 1.95666290e+02, 4.18718872e+02, 2.20735672e+02,
    4.19369537e+02, 2.46043793e+02, 3.92337341e+02, 1.45601410e+02,
    3.92749023e+02, 1.70738159e+02, 3.92858795e+02, 1.95959061e+02,
    3.93259521e+02, 2.21092514e+02, 3.94068298e+02, 2.46345383e+02,
    3.66838593e+02, 1.46253815e+02, 3.67276031e+02, 1.71372131e+02,
    3.67479675e+02, 1.96451416e+02, 3.67836700e+02, 2.21428040e+02,
    3.68304535e+02, 2.46423859e+02, 3.41467224e+02, 1.46815857e+02,
    3.41842926e+02, 1.71868515e+02, 3.42286163e+02, 1.96796219e+02,
    3.42591583e+02, 2.21789230e+02, 3.43003723e+02, 2.46803528e+02,
    3.16415039e+02, 1.47364594e+02, 3.16864594e+02, 1.72309219e+02,
    3.17303131e+02, 1.97307953e+02, 3.17502380e+02, 2.22234985e+02,
    3.17873322e+02, 2.47024826e+02 ]
