%YAML:1.0
---
points: [ 6.44113586e+02, 2.98096252e+02, 6.55264893e+02, 4.47014099e+02,
    6.67065796e+02, 5.93425842e+02, 6.73273010e+02, 7.39430969e+02,
    6.79188782e+02, 8.85896729e+02, 5.32828430e+02, 3.16291809e+02,
    5.45725037e+02, 4.56882965e+02, 5.57280640e+02, 5.95639099e+02,
    5.64346924e+02, 7.33480713e+02, 5.67985107e+02, 8.72487122e+02,
    4.34325531e+02, 3.32663879e+02, 4.46902008e+02, 4.66047150e+02,
    4.58272095e+02, 5.97524414e+02, 4.65837555e+02, 7.28360840e+02,
    4.69966003e+02, 8.59850281e+02, 3.46335663e+02, 3.47467529e+02,
    3.56580475e+02, 4.74250977e+02, 3.69195007e+02, 5.99261475e+02,
    3.77373535e+02, 7.23494141e+02, 3.81423981e+02, 8.48529419e+02,
    2.68488403e+02, 3.61201294e+02, 2.76713806e+02, 4.81602264e+02,
    2.88106415e+02, 6.00923828e+02, 2.97517334e+02, 7.19035767e+02,
    3.04189606e+02, 8.37311584e+02, 1.96201065e+02, 3.73557770e+02,
    2.04768951e+02, 4.88365967e+02, 2.13147125e+02, 6.02504028e+02,
    2.23671127e+02, 7.15340698e+02, 2.32376678e+02, 8.27684692e+02,
    1.29889755e+02, 3.84899780e+02, 1.37981796e+02, 4.94635406e+02,
    1.46717529e+02, 6.03662170e+02, 1.56684814e+02, 7.11820801e+02,
    1.67497452e+02, 8.18678894e+02 ]
