%YAML:1.0
---
points: [ 1.43641858e+03, 3.47001190e+02, 1.43761914e+03, 4.20183075e+02,
    1.43838354e+03, 4.93253571e+02, 1.44105066e+03, 5.66026062e+02,
    1.44348145e+03, 6.39361816e+02, 1.36276880e+03, 3.49036774e+02,
    1.36353516e+03, 4.22276184e+02, 1.36451514e+03, 4.95050293e+02,
    1.36658643e+03, 5.67545166e+02, 1.36944263e+03, 6.40537170e+02,
    1.28926379e+03, 3.51114685e+02, 1.29016833e+03, 4.24130829e+02,
    1.29127124e+03, 4.96759216e+02, 1.29299023e+03, 5.69284363e+02,
    1.29546094e+03, 6.41884094e+02, 1.21595190e+03, 3.53320831e+02,
    1.21743994e+03, 4.25795654e+02, 1.21842737e+03, 4.98416504e+02,
    1.22021155e+03, 5.70700562e+02, 1.22220618e+03, 6.43342957e+02,
    1.14291479e+03, 3.55497742e+02, 1.14462024e+03, 4.27836578e+02,
    1.14610461e+03, 5.00147644e+02, 1.14751587e+03, 5.72127686e+02,
    1.14912097e+03, 6.44484802e+02, 1.07044141e+03, 3.57364227e+02,
    1.07228259e+03, 4.29563446e+02, 1.07408447e+03, 5.01779297e+02,
    1.07535718e+03, 5.73810730e+02, 1.07672510e+03, 6.45905090e+02,
    9.98410522e+02, 3.59148865e+02, 1.00031403e+03, 4.31127197e+02,
    1.00182861e+03, 5.03268341e+02, 1.00337988e+03, 5.75422424e+02,
    1.00492169e+03, 6.47400513e+02 ]
