%YAML:1.0
---
points: [ 1.29947192e+03, 2.29795704e+01, 1.29729321e+03, 1.43941910e+02,
    1.29455383e+03, 2.63717957e+02, 1.29344519e+03, 3.80550201e+02,
    1.29241687e+03, 4.96950684e+02, 1.18027991e+03, 2.48830204e+01,
    1.17856494e+03, 1.46495483e+02, 1.17666370e+03, 2.65520630e+02,
    1.17577100e+03, 3.81682404e+02, 1.17530444e+03, 4.97114655e+02,
    1.06206458e+03, 2.78768406e+01, 1.06140076e+03, 1.48673248e+02,
    1.06060522e+03, 2.66876587e+02, 1.06016699e+03, 3.82457977e+02,
    1.05970935e+03, 4.97217590e+02, 9.45352783e+02, 3.06899471e+01,
    9.45664185e+02, 1.50203217e+02, 9.45996399e+02, 2.68228882e+02,
    9.45868530e+02, 3.83018311e+02, 9.45465088e+02, 4.97212769e+02,
    8.30189453e+02, 3.40258675e+01, 8.31252991e+02, 1.52063354e+02,
    8.32418884e+02, 2.69328583e+02, 8.32954224e+02, 3.83729248e+02,
    8.33011108e+02, 4.97303223e+02, 7.16011719e+02, 3.61208687e+01,
    7.17528625e+02, 1.53705688e+02, 7.18921936e+02, 2.69697845e+02,
    7.20617737e+02, 3.84220703e+02, 7.21585815e+02, 4.97394745e+02,
    6.02186157e+02, 3.77476959e+01, 6.04198792e+02, 1.54538193e+02,
    6.06537964e+02, 2.70281219e+02, 6.08764648e+02, 3.84511414e+02,
    6.11262329e+02, 4.97334534e+02 ]
