%YAML:1.0
---
points: [ 1.93654922e+02, 1.68636169e+02, 1.93245499e+02, 1.90846100e+02,
    1.92363556e+02, 2.13065109e+02, 1.92300323e+02, 2.34976013e+02,
    1.92136169e+02, 2.56980438e+02, 1.74266769e+02, 1.66978287e+02,
    1.73572723e+02, 1.90367767e+02, 1.72904327e+02, 2.13453812e+02,
    1.72643951e+02, 2.36424637e+02, 1.72644302e+02, 2.59379822e+02,
    1.52812347e+02, 1.65345535e+02, 1.52249100e+02, 1.89710297e+02,
    1.51703949e+02, 2.13939255e+02, 1.51354004e+02, 2.37956314e+02,
    1.51227753e+02, 2.62085754e+02, 1.29200211e+02, 1.63416397e+02,
    1.28952118e+02, 1.89055756e+02, 1.28271164e+02, 2.14479599e+02,
    1.27889961e+02, 2.39788910e+02, 1.27978828e+02, 2.64837097e+02,
    1.03141426e+02, 1.61401749e+02, 1.02988159e+02, 1.88344757e+02,
    1.02523842e+02, 2.15073944e+02, 1.02189819e+02, 2.41544617e+02,
    1.02044998e+02, 2.67932037e+02, 7.47321014e+01, 1.59139374e+02,
    7.46581345e+01, 1.87700668e+02, 7.45169220e+01, 2.15656784e+02,
    7.41306152e+01, 2.43766235e+02, 7.41068954e+01, 2.71194977e+02,
    4.39842529e+01, 1.56996994e+02, 4.39317398e+01, 1.86666000e+02,
    4.37773056e+01, 2.16731293e+02, 4.38142204e+01, 2.45659210e+02,
    4.38033333e+01, 2.74802582e+02 ]
