%YAML:1.0
---
points: [ 4.26796600e+02, 1.37379761e+02, 4.30992340e+02, 1.67943512e+02,
    4.35285522e+02, 1.98161545e+02, 4.38631165e+02, 2.28151443e+02,
    4.41815002e+02, 2.57915131e+02, 3.99618591e+02, 1.42649155e+02,
    4.04054108e+02, 1.71230087e+02, 4.08211365e+02, 1.99459030e+02,
    4.11603180e+02, 2.27568588e+02, 4.14565155e+02, 2.55146561e+02,
    3.75751495e+02, 1.47275360e+02, 3.79959534e+02, 1.74176422e+02,
    3.84064301e+02, 2.00582642e+02, 3.87605011e+02, 2.26810349e+02,
    3.90661224e+02, 2.52946945e+02, 3.54729218e+02, 1.51459549e+02,
    3.58545258e+02, 1.76790558e+02, 3.62732422e+02, 2.01595596e+02,
    3.66291138e+02, 2.26265350e+02, 3.69299591e+02, 2.50742233e+02,
    3.36304321e+02, 1.55143402e+02, 3.39740082e+02, 1.79058197e+02,
    3.43640381e+02, 2.02495697e+02, 3.47280243e+02, 2.25709305e+02,
    3.50732483e+02, 2.48725586e+02, 3.19506989e+02, 1.58625290e+02,
    3.22939484e+02, 1.81031250e+02, 3.26406403e+02, 2.03434860e+02,
    3.30027863e+02, 2.25225342e+02, 3.33573730e+02, 2.47056458e+02,
    3.04280762e+02, 1.61619888e+02, 3.07643646e+02, 1.83017136e+02,
    3.10996368e+02, 2.04136139e+02, 3.14605072e+02, 2.24972717e+02,
    3.18285004e+02, 2.45640671e+02 ]
