%YAML:1.0
---
points: [ 2.23924438e+02, 1.79830551e+02, 2.16981323e+02, 2.01227783e+02,
    2.09769760e+02, 2.23484161e+02, 2.01527298e+02, 2.46158707e+02,
    1.92786850e+02, 2.69993622e+02, 2.06454361e+02, 1.79351044e+02,
    1.99509628e+02, 2.00090256e+02, 1.92340561e+02, 2.21555557e+02,
    1.84080460e+02, 2.43453659e+02, 1.75133911e+02, 2.66205841e+02,
    1.90136612e+02, 1.78941269e+02, 1.83267654e+02, 1.98996658e+02,
    1.75950424e+02, 2.19653748e+02, 1.67850800e+02, 2.40903946e+02,
    1.58952026e+02, 2.62659851e+02, 1.75086411e+02, 1.78663940e+02,
    1.67776520e+02, 1.97918671e+02, 1.60680481e+02, 2.17957596e+02,
    1.52673981e+02, 2.38451630e+02, 1.43764648e+02, 2.59603394e+02,
    1.60942490e+02, 1.78568832e+02, 1.53616074e+02, 1.96962830e+02,
    1.46232712e+02, 2.16312836e+02, 1.38474533e+02, 2.36245193e+02,
    1.30020874e+02, 2.56729584e+02, 1.47554672e+02, 1.78226486e+02,
    1.40188950e+02, 1.96110077e+02, 1.32524887e+02, 2.14683304e+02,
    1.24797028e+02, 2.34042343e+02, 1.16707123e+02, 2.53837845e+02,
    1.34718414e+02, 1.77811707e+02, 1.27443542e+02, 1.95244553e+02,
    1.19926498e+02, 2.13145020e+02, 1.12252960e+02, 2.32054840e+02,
    1.04549248e+02, 2.51229309e+02 ]
