%YAML:1.0
---
points: [ 1.28656177e+03, 3.28539734e+02, 1.30039087e+03, 4.17303070e+02,
    1.31447339e+03, 5.04027893e+02, 1.32554675e+03, 5.90476135e+02,
    1.33677783e+03, 6.75825378e+02, 1.21761816e+03, 3.44549774e+02,
    1.23197729e+03, 4.27234772e+02, 1.24544287e+03, 5.08207550e+02,
    1.25676050e+03, 5.88563354e+02, 1.26663489e+03, 6.68764526e+02,
    1.15831091e+03, 3.58492950e+02, 1.17173218e+03, 4.35627441e+02,
    1.18503491e+03, 5.11998871e+02, 1.19637720e+03, 5.87251160e+02,
    1.20634033e+03, 6.62352661e+02, 1.10611938e+03, 3.70601044e+02,
    1.11825244e+03, 4.43645050e+02, 1.13180371e+03, 5.14906128e+02,
    1.14316016e+03, 5.86092651e+02, 1.15279797e+03, 6.56594788e+02,
    1.06024609e+03, 3.81486359e+02, 1.07131836e+03, 4.50321808e+02,
    1.08409692e+03, 5.18041504e+02, 1.09566980e+03, 5.84882568e+02,
    1.10634167e+03, 6.51297363e+02, 1.01834393e+03, 3.91231110e+02,
    1.02935864e+03, 4.56232758e+02, 1.04040527e+03, 5.20693909e+02,
    1.05227307e+03, 5.84101807e+02, 1.06314270e+03, 6.46974609e+02,
    9.80304871e+02, 3.99768280e+02, 9.90854980e+02, 4.61711853e+02,
    1.00180444e+03, 5.23257202e+02, 1.01291223e+03, 5.83438293e+02,
    1.02454846e+03, 6.43175964e+02 ]
