%YAML:1.0
---
points: [ 1.43490283e+03, 1.41853516e+02, 1.41148108e+03, 2.31848526e+02,
    1.38677661e+03, 3.27645752e+02, 1.35904822e+03, 4.25228088e+02,
    1.32957959e+03, 5.29523987e+02, 1.32744043e+03, 1.57447830e+02,
    1.30315820e+03, 2.43497131e+02, 1.27725793e+03, 3.32981995e+02,
    1.24873889e+03, 4.24644226e+02, 1.21720349e+03, 5.20482788e+02,
    1.23287634e+03, 1.71980560e+02, 1.20780884e+03, 2.53227737e+02,
    1.18125916e+03, 3.37183197e+02, 1.15236450e+03, 4.23727386e+02,
    1.12052136e+03, 5.13436523e+02, 1.14898596e+03, 1.85448654e+02,
    1.12310632e+03, 2.61124969e+02, 1.09682532e+03, 3.40792206e+02,
    1.06784192e+03, 4.22651031e+02, 1.03548645e+03, 5.06824524e+02,
    1.07461768e+03, 1.97852509e+02, 1.04788696e+03, 2.68922424e+02,
    1.02124420e+03, 3.44062958e+02, 9.92663330e+02, 4.21673828e+02,
    9.61338501e+02, 5.02059357e+02, 1.00712555e+03, 2.08193146e+02,
    9.80530579e+02, 2.75888763e+02, 9.52703491e+02, 3.46162964e+02,
    9.24632935e+02, 4.20199768e+02, 8.94319031e+02, 4.96836121e+02,
    9.45603210e+02, 2.16854233e+02, 9.19171570e+02, 2.81393982e+02,
    8.91604736e+02, 3.48561188e+02, 8.63562622e+02, 4.18790192e+02,
    8.34427917e+02, 4.92323090e+02 ]
