%YAML:1.0
---
points: [ 5.57199524e+02, 3.78177795e+02, 5.57934692e+02, 4.44566681e+02,
    5.58583679e+02, 5.10785339e+02, 5.58515869e+02, 5.76677002e+02,
    5.58265625e+02, 6.43312988e+02, 4.85610138e+02, 3.75908447e+02,
    4.86634430e+02, 4.43495850e+02, 4.87396790e+02, 5.10583069e+02,
    4.87333313e+02, 5.77450867e+02, 4.86632385e+02, 6.44830261e+02,
    4.12269257e+02, 3.73777527e+02, 4.13310394e+02, 4.42258728e+02,
    4.14110107e+02, 5.10332886e+02, 4.14217743e+02, 5.78274353e+02,
    4.13460846e+02, 6.46480774e+02, 3.37159058e+02, 3.71543701e+02,
    3.37882202e+02, 4.40855896e+02, 3.39118378e+02, 5.10026520e+02,
    3.39256805e+02, 5.79056824e+02, 3.38429230e+02, 6.48304504e+02,
    2.60470337e+02, 3.69712067e+02, 2.60756653e+02, 4.39749298e+02,
    2.61765015e+02, 5.09770844e+02, 2.62437164e+02, 5.79695618e+02,
    2.62354279e+02, 6.49610901e+02, 1.81792816e+02, 3.67574493e+02,
    1.82248917e+02, 4.38687927e+02, 1.82487427e+02, 5.09568817e+02,
    1.83437180e+02, 5.80545532e+02, 1.83734375e+02, 6.51333557e+02,
    1.01647202e+02, 3.65613037e+02, 1.01848106e+02, 4.37603088e+02,
    1.02382050e+02, 5.09388885e+02, 1.03220322e+02, 5.81286133e+02,
    1.04502167e+02, 6.53051270e+02 ]
