%YAML:1.0
---
points: [ 2.80009338e+02, 3.00441498e+02, 2.85244751e+02, 3.18720642e+02,
    2.92355347e+02, 3.37581207e+02, 2.96474823e+02, 3.57646881e+02,
    3.03082947e+02, 3.78040192e+02, 2.71221710e+02, 3.00956024e+02,
    2.76243896e+02, 3.20474731e+02, 2.81610291e+02, 3.40758148e+02,
    2.87725067e+02, 3.61179077e+02, 2.94293457e+02, 3.82480072e+02,
    2.61444550e+02, 3.01842377e+02, 2.66515533e+02, 3.22235626e+02,
    2.71944427e+02, 3.43338593e+02, 2.77848114e+02, 3.64992950e+02,
    2.84645416e+02, 3.87248474e+02, 2.50705032e+02, 3.02845673e+02,
    2.56090179e+02, 3.24056366e+02, 2.61253082e+02, 3.46303253e+02,
    2.67224243e+02, 3.69211029e+02, 2.73884430e+02, 3.92779724e+02,
    2.38634445e+02, 3.03933807e+02, 2.44166046e+02, 3.26260712e+02,
    2.49565689e+02, 3.49634399e+02, 2.55269394e+02, 3.73878815e+02,
    2.61767792e+02, 3.98831970e+02, 2.25633438e+02, 3.05261322e+02,
    2.31053665e+02, 3.28720032e+02, 2.36797440e+02, 3.53224121e+02,
    2.42440109e+02, 3.78987122e+02, 2.48697571e+02, 4.05443787e+02,
    2.11118439e+02, 3.06666290e+02, 2.16680283e+02, 3.31250122e+02,
    2.22461548e+02, 3.57364838e+02, 2.28150314e+02, 3.84587585e+02,
    2.34143494e+02, 4.12626801e+02 ]
