%YAML:1.0
---
points: [ 1.08951062e+03, 2.95421326e+02, 1.10288806e+03, 3.55707489e+02,
    1.11643506e+03, 4.20494476e+02, 1.13394556e+03, 4.87238129e+02,
    1.15237976e+03, 5.59483887e+02, 1.03473633e+03, 2.69737854e+02,
    1.04615759e+03, 3.32827881e+02, 1.05863721e+03, 3.99516144e+02,
    1.07397803e+03, 4.69361359e+02, 1.09208643e+03, 5.43613953e+02,
    9.74648987e+02, 2.42575958e+02, 9.84576843e+02, 3.07655334e+02,
    9.95514221e+02, 3.76532684e+02, 1.00848999e+03, 4.49273163e+02,
    1.02439575e+03, 5.26470459e+02, 9.08587463e+02, 2.12871567e+02,
    9.17570801e+02, 2.79302917e+02, 9.25972656e+02, 3.51173187e+02,
    9.36630188e+02, 4.26897705e+02, 9.49994690e+02, 5.07480560e+02,
    8.35504272e+02, 1.80958740e+02, 8.42880615e+02, 2.48821045e+02,
    8.49229126e+02, 3.22924500e+02, 8.56622742e+02, 4.02292389e+02,
    8.65907227e+02, 4.87245575e+02, 7.55593323e+02, 1.44468567e+02,
    7.59759521e+02, 2.14832123e+02, 7.64453674e+02, 2.90633209e+02,
    7.68332642e+02, 3.73861938e+02, 7.73061157e+02, 4.63655304e+02,
    6.66994080e+02, 1.03258522e+02, 6.68157959e+02, 1.75697952e+02,
    6.68668213e+02, 2.54805649e+02, 6.68578064e+02, 3.41538177e+02,
    6.67974731e+02, 4.36981445e+02 ]
