%YAML:1.0
---
points: [ 5.03172943e+02, 3.12319977e+02, 5.01035889e+02, 3.36622528e+02,
    4.98532379e+02, 3.60153229e+02, 4.95687317e+02, 3.83586670e+02,
    4.92333740e+02, 4.06309296e+02, 4.77895660e+02, 3.10884979e+02,
    4.75907593e+02, 3.35136841e+02, 4.73811707e+02, 3.58614777e+02,
    4.71540497e+02, 3.82329498e+02, 4.68903900e+02, 4.05237091e+02,
    4.51898895e+02, 3.08970978e+02, 4.50391266e+02, 3.32991364e+02,
    4.48812775e+02, 3.56882538e+02, 4.46949402e+02, 3.80353790e+02,
    4.44892242e+02, 4.03558929e+02, 4.25947845e+02, 3.06720276e+02,
    4.24900513e+02, 3.30774231e+02, 4.23463745e+02, 3.54309021e+02,
    4.22060974e+02, 3.77828888e+02, 4.20126312e+02, 4.00895172e+02,
    4.00284882e+02, 3.04353333e+02, 3.99441223e+02, 3.28048889e+02,
    3.98496735e+02, 3.51528229e+02, 3.97189545e+02, 3.74736481e+02,
    3.95804535e+02, 3.97987213e+02, 3.75390686e+02, 3.01999176e+02,
    3.74610016e+02, 3.25435181e+02, 3.73762268e+02, 3.48725342e+02,
    3.72818573e+02, 3.71782562e+02, 3.71596313e+02, 3.94793213e+02,
    3.51193115e+02, 2.99586853e+02, 3.50591736e+02, 3.22853882e+02,
    3.49756104e+02, 3.45933716e+02, 3.48840454e+02, 3.68804535e+02,
    3.47930511e+02, 3.91240723e+02 ]
