%YAML:1.0
---
points: [ 4.48181396e+02, 2.98444702e+02, 4.50052124e+02, 3.18933838e+02,
    4.51740387e+02, 3.40237823e+02, 4.53721497e+02, 3.61077606e+02,
    4.55833069e+02, 3.82547729e+02, 4.38688049e+02, 2.99036163e+02,
    4.40386414e+02, 3.20761322e+02, 4.41839752e+02, 3.42409637e+02,
    4.44151520e+02, 3.64521637e+02, 4.46078552e+02, 3.86430878e+02,
    4.28164917e+02, 3.00108185e+02, 4.29774475e+02, 3.22377777e+02,
    4.31567993e+02, 3.45106750e+02, 4.33323944e+02, 3.67916321e+02,
    4.35800598e+02, 3.90994110e+02, 4.16670227e+02, 3.00880829e+02,
    4.18715698e+02, 3.24199219e+02, 4.20123932e+02, 3.47702393e+02,
    4.22039886e+02, 3.71742737e+02, 4.24005371e+02, 3.95648438e+02,
    4.03885986e+02, 3.01756012e+02, 4.06288177e+02, 3.25985077e+02,
    4.07848602e+02, 3.50809570e+02, 4.09451660e+02, 3.75584015e+02,
    4.11308014e+02, 4.00555481e+02, 3.90496796e+02, 3.02677399e+02,
    3.92749939e+02, 3.28054932e+02, 3.94867004e+02, 3.53952484e+02,
    3.96381409e+02, 3.79971222e+02, 3.97730530e+02, 4.06062805e+02,
    3.76035034e+02, 3.03842407e+02, 3.78342804e+02, 3.30207520e+02,
    3.80419617e+02, 3.57261353e+02, 3.81901764e+02, 3.84603027e+02,
    3.83052551e+02, 4.11774902e+02 ]
