%YAML:1.0
---
points: [ 1.77811569e+02, 1.60610016e+02, 1.75672333e+02, 1.83553223e+02,
    1.73189529e+02, 2.06347870e+02, 1.70749222e+02, 2.28813324e+02,
    1.68176453e+02, 2.51696945e+02, 1.54120209e+02, 1.57361328e+02,
    1.51756256e+02, 1.80761215e+02, 1.49302185e+02, 2.03802170e+02,
    1.46720337e+02, 2.26765823e+02, 1.44169647e+02, 2.49942764e+02,
    1.29334900e+02, 1.54036743e+02, 1.27204491e+02, 1.77730408e+02,
    1.24805244e+02, 2.01273117e+02, 1.22414139e+02, 2.24610168e+02,
    1.19747360e+02, 2.48256912e+02, 1.04230133e+02, 1.50725494e+02,
    1.01925934e+02, 1.74876740e+02, 9.96345520e+01, 1.98691391e+02,
    9.70208969e+01, 2.22329681e+02, 9.45288467e+01, 2.46021225e+02,
    7.84354935e+01, 1.47387527e+02, 7.60148163e+01, 1.71669144e+02,
    7.37304077e+01, 1.95917938e+02, 7.14765320e+01, 2.19921051e+02,
    6.90336685e+01, 2.43995987e+02, 5.25174904e+01, 1.44040802e+02,
    5.00630226e+01, 1.68664124e+02, 4.76025925e+01, 1.93212357e+02,
    4.54632988e+01, 2.17389313e+02, 4.33131104e+01, 2.41934326e+02,
    2.64615650e+01, 1.40830307e+02, 2.39675980e+01, 1.65722290e+02,
    2.15291615e+01, 1.90432800e+02, 1.93315678e+01, 2.15084915e+02,
    1.75914726e+01, 2.39489868e+02 ]
