%YAML:1.0
---
points: [ 7.72888000e+02, 1.66938309e+02, 7.66678528e+02, 2.48642166e+02,
    7.60159241e+02, 3.34421356e+02, 7.53319519e+02, 4.22426910e+02,
    7.45467407e+02, 5.15840881e+02, 6.77791931e+02, 1.52759872e+02,
    6.69552795e+02, 2.36344574e+02, 6.60407837e+02, 3.23436737e+02,
    6.50278381e+02, 4.13002228e+02, 6.39038574e+02, 5.07328796e+02,
    5.79380554e+02, 1.38716217e+02, 5.68430420e+02, 2.23399673e+02,
    5.56406128e+02, 3.11446716e+02, 5.43425049e+02, 4.03075500e+02,
    5.28327454e+02, 4.98869629e+02, 4.77753082e+02, 1.24501213e+02,
    4.63681824e+02, 2.09170578e+02, 4.48907623e+02, 2.99269348e+02,
    4.32328461e+02, 3.92446625e+02, 4.13168762e+02, 4.90196106e+02,
    3.73275482e+02, 1.11055656e+02, 3.55200470e+02, 1.95720673e+02,
    3.37050995e+02, 2.86565826e+02, 3.16993713e+02, 3.81741028e+02,
    2.94623169e+02, 4.81653717e+02, 2.65349304e+02, 9.63531952e+01,
    2.44045456e+02, 1.82206451e+02, 2.21148239e+02, 2.72845642e+02,
    1.97627899e+02, 3.70161591e+02, 1.71936661e+02, 4.72373566e+02,
    1.54745529e+02, 8.13562622e+01, 1.29425262e+02, 1.67606232e+02,
    1.02870407e+02, 2.60133881e+02, 7.54891434e+01, 3.58317902e+02,
    4.69701309e+01, 4.62991272e+02 ]
