%YAML:1.0
---
points: [ 1.26910568e+02, 2.88999634e+02, 1.27275650e+02, 3.08534058e+02,
    1.27651215e+02, 3.27888916e+02, 1.27686195e+02, 3.47406952e+02,
    1.28025894e+02, 3.67175964e+02, 1.06598274e+02, 2.89759857e+02,
    1.07093262e+02, 3.09176422e+02, 1.07629608e+02, 3.28742218e+02,
    1.07903503e+02, 3.48285706e+02, 1.08116165e+02, 3.67870361e+02,
    8.62086182e+01, 2.90275879e+02, 8.68160629e+01, 3.09878601e+02,
    8.73983459e+01, 3.29400085e+02, 8.79793015e+01, 3.48846558e+02,
    8.85174408e+01, 3.68239471e+02, 6.60832672e+01, 2.90818756e+02,
    6.66321564e+01, 3.10560150e+02, 6.75678787e+01, 3.29795868e+02,
    6.82745438e+01, 3.49193634e+02, 6.88192902e+01, 3.68698181e+02,
    4.61106834e+01, 2.91107758e+02, 4.67640038e+01, 3.10815582e+02,
    4.77435684e+01, 3.30264801e+02, 4.86766090e+01, 3.49423401e+02,
    4.99427071e+01, 3.68523895e+02, 2.65068455e+01, 2.91569031e+02,
    2.72478924e+01, 3.10943268e+02, 2.82912807e+01, 3.30553406e+02,
    2.97709198e+01, 3.49424133e+02, 3.10367222e+01, 3.68189789e+02,
    7.31376266e+00, 2.91422791e+02, 8.37633038e+00, 3.11125916e+02,
    9.69295025e+00, 3.30105499e+02, 1.11111965e+01, 3.49103333e+02,
    1.33099709e+01, 3.67485809e+02 ]
