%YAML:1.0
---
points: [ 1.73753967e+03, 3.30748329e+01, 1.74202185e+03, 1.45010956e+02,
    1.74522070e+03, 2.58536743e+02, 1.75253174e+03, 3.71549164e+02,
    1.75944043e+03, 4.86643982e+02, 1.63026196e+03, 2.86797028e+01,
    1.63297900e+03, 1.42477661e+02, 1.63565967e+03, 2.56876160e+02,
    1.64121582e+03, 3.71258301e+02, 1.64832349e+03, 4.86667908e+02,
    1.51968640e+03, 2.53134155e+01, 1.52172400e+03, 1.40386581e+02,
    1.52396106e+03, 2.55702194e+02, 1.52764404e+03, 3.70836578e+02,
    1.53356555e+03, 4.87011719e+02, 1.40665759e+03, 2.30367470e+01,
    1.40941675e+03, 1.38162781e+02, 1.41023486e+03, 2.54723282e+02,
    1.41265942e+03, 3.70707123e+02, 1.41743286e+03, 4.87331146e+02,
    1.29176318e+03, 2.15299397e+01, 1.29455225e+03, 1.36478653e+02,
    1.29538782e+03, 2.53963898e+02, 1.29678577e+03, 3.70612183e+02,
    1.29949414e+03, 4.87844604e+02, 1.17661023e+03, 1.88877621e+01,
    1.17836389e+03, 1.35344116e+02, 1.17982837e+03, 2.52306976e+02,
    1.18059900e+03, 3.70334656e+02, 1.18220361e+03, 4.88268097e+02,
    1.06022180e+03, 1.60530090e+01, 1.06155420e+03, 1.33240784e+02,
    1.06269397e+03, 2.51141556e+02, 1.06359729e+03, 3.69547333e+02,
    1.06434119e+03, 4.88488556e+02 ]
