%YAML:1.0
---
points: [ 3.28501709e+02, 4.02438011e+01, 3.28699280e+02, 6.47528763e+01,
    3.28622498e+02, 8.95681610e+01, 3.28848724e+02, 1.14004684e+02,
    3.28926941e+02, 1.38792450e+02, 3.04258118e+02, 3.84883652e+01,
    3.04288330e+02, 6.35638962e+01, 3.04128754e+02, 8.86580734e+01,
    3.04227081e+02, 1.13388893e+02, 3.04392944e+02, 1.38127380e+02,
    2.79694946e+02, 3.71782799e+01, 2.79686920e+02, 6.22403641e+01,
    2.79629913e+02, 8.75858688e+01, 2.79490417e+02, 1.12584259e+02,
    2.79529938e+02, 1.37613556e+02, 2.54820343e+02, 3.59215508e+01,
    2.54698288e+02, 6.09370689e+01, 2.54560883e+02, 8.63923035e+01,
    2.54416260e+02, 1.11776978e+02, 2.54318115e+02, 1.36857162e+02,
    2.29197601e+02, 3.45795212e+01, 2.29163834e+02, 5.95281334e+01,
    2.29074860e+02, 8.52311325e+01, 2.28971832e+02, 1.10718170e+02,
    2.28761536e+02, 1.36250229e+02, 2.03704346e+02, 3.32035713e+01,
    2.03361343e+02, 5.83337669e+01, 2.03172180e+02, 8.36851654e+01,
    2.03010773e+02, 1.09677238e+02, 2.02816208e+02, 1.35257065e+02,
    1.77275192e+02, 3.16501293e+01, 1.76985260e+02, 5.66997528e+01,
    1.76766632e+02, 8.24688187e+01, 1.76486984e+02, 1.08390274e+02,
    1.76321808e+02, 1.34546494e+02 ]
