%YAML:1.0
---
points: [ 3.85244293e+02, 5.45624781e+00, 3.87334656e+02, 2.75493546e+01,
    3.88708649e+02, 5.03123474e+01, 3.90119751e+02, 7.31717377e+01,
    3.91269073e+02, 9.63303604e+01, 3.61660309e+02, 9.14710617e+00,
    3.63082977e+02, 3.16753654e+01, 3.64469940e+02, 5.41164818e+01,
    3.65486420e+02, 7.68641434e+01, 3.66439392e+02, 9.95625076e+01,
    3.38371552e+02, 1.36800957e+01, 3.39840057e+02, 3.56399651e+01,
    3.40859863e+02, 5.80588264e+01, 3.41833862e+02, 8.04988708e+01,
    3.42574799e+02, 1.02883293e+02, 3.16218384e+02, 1.80827751e+01,
    3.17177216e+02, 3.95443611e+01, 3.18216400e+02, 6.18426552e+01,
    3.19071472e+02, 8.39598770e+01, 3.19747223e+02, 1.05895699e+02,
    2.94394012e+02, 2.24210968e+01, 2.95326630e+02, 4.36964722e+01,
    2.96291321e+02, 6.55995712e+01, 2.97126587e+02, 8.74123993e+01,
    2.97902374e+02, 1.09254234e+02, 2.73617126e+02, 2.67201767e+01,
    2.74335846e+02, 4.77576180e+01, 2.75109497e+02, 6.89910889e+01,
    2.75983551e+02, 9.06164551e+01, 2.76736969e+02, 1.12069313e+02,
    2.53104126e+02, 3.09192543e+01, 2.53984039e+02, 5.14317436e+01,
    2.54733429e+02, 7.24569550e+01, 2.55645798e+02, 9.36437988e+01,
    2.56517731e+02, 1.14792747e+02 ]
