%YAML:1.0
---
points: [ 1.52843591e+03, 2.74681366e+02, 1.55553784e+03, 3.29215271e+02,
    1.58461792e+03, 3.89576996e+02, 1.61881860e+03, 4.52863983e+02,
    1.65627954e+03, 5.23741455e+02, 1.44796594e+03, 2.77241791e+02,
    1.47073938e+03, 3.33004456e+02, 1.49604651e+03, 3.92781982e+02,
    1.52474744e+03, 4.57011749e+02, 1.55788464e+03, 5.26526550e+02,
    1.36745264e+03, 2.80760406e+02, 1.38652979e+03, 3.36254333e+02,
    1.40775891e+03, 3.96313019e+02, 1.43164099e+03, 4.60548431e+02,
    1.45885046e+03, 5.30426331e+02, 1.28779663e+03, 2.84531464e+02,
    1.30359558e+03, 3.39007294e+02, 1.32047046e+03, 3.99501373e+02,
    1.33951624e+03, 4.64267639e+02, 1.36158362e+03, 5.33628174e+02,
    1.20852881e+03, 2.88953217e+02, 1.22103687e+03, 3.42568298e+02,
    1.23392273e+03, 4.02716553e+02, 1.24840491e+03, 4.67607880e+02,
    1.26465796e+03, 5.38383057e+02, 1.13028748e+03, 2.92404968e+02,
    1.13880737e+03, 3.46083374e+02, 1.14837317e+03, 4.04644379e+02,
    1.15839429e+03, 4.70323944e+02, 1.16958838e+03, 5.41592346e+02,
    1.05257751e+03, 2.94979095e+02, 1.05781921e+03, 3.48500702e+02,
    1.06332739e+03, 4.07399231e+02, 1.06929919e+03, 4.72550659e+02,
    1.07559229e+03, 5.45004517e+02 ]
