%YAML:1.0
---
points: [ 3.39600067e+02, 4.48986435e+01, 3.44678955e+02, 6.13017502e+01,
    3.49565186e+02, 7.87291794e+01, 3.55233185e+02, 9.57430725e+01,
    3.60854645e+02, 1.13446335e+02, 3.26282043e+02, 4.08198853e+01,
    3.30852448e+02, 5.82116165e+01, 3.35732727e+02, 7.58486557e+01,
    3.41295410e+02, 9.36640549e+01, 3.47244385e+02, 1.11575401e+02,
    3.11570099e+02, 3.68290787e+01, 3.16522003e+02, 5.47469101e+01,
    3.21284943e+02, 7.29209518e+01, 3.26602356e+02, 9.12394943e+01,
    3.32433655e+02, 1.09872887e+02, 2.96253387e+02, 3.26973495e+01,
    3.01151886e+02, 5.07828331e+01, 3.05919281e+02, 6.98604050e+01,
    3.11016510e+02, 8.87224197e+01, 3.16804443e+02, 1.07995613e+02,
    2.79410950e+02, 2.83680820e+01, 2.84631561e+02, 4.69164696e+01,
    2.89339996e+02, 6.63100357e+01, 2.94344666e+02, 8.60912781e+01,
    2.99788513e+02, 1.06212807e+02, 2.61931183e+02, 2.35393047e+01,
    2.66719360e+02, 4.26471138e+01, 2.71901611e+02, 6.23791313e+01,
    2.76764862e+02, 8.30253143e+01, 2.81922516e+02, 1.04060562e+02,
    2.43024841e+02, 1.83514423e+01, 2.48038208e+02, 3.78806381e+01,
    2.52947372e+02, 5.84121132e+01, 2.57944275e+02, 7.97057114e+01,
    2.62721893e+02, 1.01685211e+02 ]
