%YAML:1.0
---
points: [ 2.98886261e+02, 7.63137589e+01, 3.01324738e+02, 9.46604919e+01,
    3.03448425e+02, 1.13620285e+02, 3.06260498e+02, 1.32566177e+02,
    3.09241913e+02, 1.52429596e+02, 2.83094177e+02, 6.98902817e+01,
    2.85014923e+02, 8.89222641e+01, 2.86952148e+02, 1.08467285e+02,
    2.89527283e+02, 1.28179276e+02, 2.92555206e+02, 1.48349899e+02,
    2.65794403e+02, 6.31229744e+01, 2.67658264e+02, 8.27791595e+01,
    2.69534332e+02, 1.02910896e+02, 2.71704224e+02, 1.23368980e+02,
    2.74379333e+02, 1.44259003e+02, 2.47408524e+02, 5.59021339e+01,
    2.49172699e+02, 7.58573380e+01, 2.50691254e+02, 9.68680725e+01,
    2.52638123e+02, 1.18044708e+02, 2.55018936e+02, 1.39632401e+02,
    2.27412384e+02, 4.83917236e+01, 2.29096039e+02, 6.87728882e+01,
    2.30445953e+02, 9.03104095e+01, 2.32015488e+02, 1.12307320e+02,
    2.33761749e+02, 1.34918884e+02, 2.06241455e+02, 4.03242683e+01,
    2.07385529e+02, 6.11077461e+01, 2.08705475e+02, 8.28673248e+01,
    2.09883286e+02, 1.05892578e+02, 2.11220795e+02, 1.29329971e+02,
    1.83381927e+02, 3.13918400e+01, 1.84329483e+02, 5.27094650e+01,
    1.85080414e+02, 7.52449951e+01, 1.85807755e+02, 9.87597809e+01,
    1.86564941e+02, 1.23460060e+02 ]
