%YAML:1.0
---
points: [ 4.65909332e+02, 1.00277824e+01, 4.71757141e+02, 2.72351780e+01,
    4.77752014e+02, 4.59283714e+01, 4.83066132e+02, 6.49059525e+01,
    4.88229767e+02, 8.52018280e+01, 4.47800751e+02, 2.15990906e+01,
    4.52829742e+02, 3.91983337e+01, 4.57723999e+02, 5.71346130e+01,
    4.62368408e+02, 7.61549759e+01, 4.66592102e+02, 9.54870758e+01,
    4.30073090e+02, 3.34462242e+01, 4.34504486e+02, 5.04047699e+01,
    4.38783844e+02, 6.84121399e+01, 4.42708771e+02, 8.66345444e+01,
    4.46367310e+02, 1.05600609e+02, 4.13465393e+02, 4.45819778e+01,
    4.16951996e+02, 6.15156975e+01, 4.20816376e+02, 7.88510513e+01,
    4.24253174e+02, 9.68136368e+01, 4.27286407e+02, 1.15220573e+02,
    3.97747894e+02, 5.56969681e+01, 4.00716370e+02, 7.17784882e+01,
    4.03918945e+02, 8.89136887e+01, 4.06938324e+02, 1.06249535e+02,
    4.09937286e+02, 1.24168533e+02, 3.82901093e+02, 6.57547302e+01,
    3.85457153e+02, 8.16764297e+01, 3.88012634e+02, 9.81282196e+01,
    3.90837036e+02, 1.14998604e+02, 3.93531921e+02, 1.32295547e+02,
    3.68872253e+02, 7.54216843e+01, 3.71071014e+02, 9.08744354e+01,
    3.73430084e+02, 1.06724960e+02, 3.75898834e+02, 1.23116417e+02,
    3.78512970e+02, 1.39844955e+02 ]
