%YAML:1.0
---
points: [ 1.26338684e+03, 4.95740356e+02, 1.27271021e+03, 6.40886536e+02,
    1.28231323e+03, 7.83746338e+02, 1.29098914e+03, 9.27217773e+02,
    1.29962573e+03, 1.07030286e+03, 1.11939978e+03, 5.04831329e+02,
    1.12992224e+03, 6.42384827e+02, 1.13972668e+03, 7.77406128e+02,
    1.14863208e+03, 9.13120300e+02, 1.15630933e+03, 1.05000696e+03,
    9.90425964e+02, 5.13334534e+02, 1.00123712e+03, 6.43846008e+02,
    1.01149304e+03, 7.72253052e+02, 1.02045410e+03, 9.00708740e+02,
    1.02789404e+03, 1.03056531e+03, 8.74009399e+02, 5.20734741e+02,
    8.84315918e+02, 6.45390930e+02, 8.95466187e+02, 7.67513916e+02,
    9.04711365e+02, 8.89738159e+02, 9.11658569e+02, 1.01349268e+03,
    7.68975098e+02, 5.27540039e+02, 7.78491028e+02, 6.46436829e+02,
    7.89486694e+02, 7.63561829e+02, 7.99086609e+02, 8.80096252e+02,
    8.07234680e+02, 9.97011536e+02, 6.71576050e+02, 5.33607300e+02,
    6.81531677e+02, 6.47522156e+02, 6.91005371e+02, 7.60487061e+02,
    7.01507385e+02, 8.71675842e+02, 7.10428894e+02, 9.83219360e+02,
    5.81424622e+02, 5.39373352e+02, 5.91161133e+02, 6.48897461e+02,
    6.01218323e+02, 7.57220825e+02, 6.11443298e+02, 8.64372803e+02,
    6.21942200e+02, 9.70454529e+02 ]
