%YAML:1.0
---
points: [ 1.31794006e+03, 5.06463684e+02, 1.31775989e+03, 6.28451294e+02,
    1.31722437e+03, 7.48828918e+02, 1.31947241e+03, 8.69414795e+02,
    1.32181836e+03, 9.90273560e+02, 1.20226733e+03, 5.08878204e+02,
    1.20210815e+03, 6.33388123e+02, 1.20223743e+03, 7.55540710e+02,
    1.20453796e+03, 8.78284546e+02, 1.20758459e+03, 1.00202728e+03,
    1.08142615e+03, 5.11826630e+02, 1.08238452e+03, 6.38505249e+02,
    1.08364893e+03, 7.63323120e+02, 1.08563782e+03, 8.87544434e+02,
    1.08883679e+03, 1.01371326e+03, 9.55673157e+02, 5.14534485e+02,
    9.58460999e+02, 6.44262878e+02, 9.60208496e+02, 7.71063477e+02,
    9.62616943e+02, 8.97764465e+02, 9.65422913e+02, 1.02618457e+03,
    8.24896362e+02, 5.17523254e+02, 8.28552002e+02, 6.49656799e+02,
    8.31709595e+02, 7.79537354e+02, 8.34375732e+02, 9.08483704e+02,
    8.37419678e+02, 1.03820496e+03, 6.88669495e+02, 5.20508789e+02,
    6.92930298e+02, 6.55430054e+02, 6.96891846e+02, 7.89112671e+02,
    7.00569519e+02, 9.20718140e+02, 7.03592529e+02, 1.05213000e+03,
    5.45052673e+02, 5.23712769e+02, 5.50338928e+02, 6.62111755e+02,
    5.55326111e+02, 7.98712219e+02, 5.59969604e+02, 9.33689575e+02,
    5.64845337e+02, 1.06624036e+03 ]
