%YAML:1.0
---
points: [ 4.65890259e+02, 1.00366726e+01, 4.71751709e+02, 2.72435169e+01,
    4.77723175e+02, 4.59008980e+01, 4.83000641e+02, 6.48924789e+01,
    4.88196106e+02, 8.51781387e+01, 4.47823425e+02, 2.15310154e+01,
    4.52832245e+02, 3.91705818e+01, 4.57715424e+02, 5.71045876e+01,
    4.62363159e+02, 7.61094513e+01, 4.66596619e+02, 9.54579010e+01,
    4.30025024e+02, 3.34318771e+01, 4.34514771e+02, 5.04116707e+01,
    4.38789398e+02, 6.84228516e+01, 4.42712952e+02, 8.66555786e+01,
    4.46366455e+02, 1.05603493e+02, 4.13449524e+02, 4.45833626e+01,
    4.16948730e+02, 6.15052185e+01, 4.20826172e+02, 7.88115311e+01,
    4.24259521e+02, 9.67678223e+01, 4.27262115e+02, 1.15176811e+02,
    3.97730682e+02, 5.57017326e+01, 4.00726990e+02, 7.18213882e+01,
    4.03912201e+02, 8.89151154e+01, 4.06960358e+02, 1.06241463e+02,
    4.09908966e+02, 1.24150864e+02, 3.82895233e+02, 6.57575607e+01,
    3.85481628e+02, 8.16682358e+01, 3.88029449e+02, 9.80838699e+01,
    3.90786591e+02, 1.15013062e+02, 3.93455688e+02, 1.32296997e+02,
    3.68857269e+02, 7.54202347e+01, 3.71051971e+02, 9.08597794e+01,
    3.73423096e+02, 1.06696098e+02, 3.75877808e+02, 1.23096947e+02,
    3.78517944e+02, 1.39809006e+02 ]
