%YAML:1.0
---
points: [ 1.50346399e+03, 4.33257790e+01, 1.50524817e+03, 1.14581772e+02,
    1.50610767e+03, 1.86856659e+02, 1.50908374e+03, 2.57960449e+02,
    1.51170166e+03, 3.30034393e+02, 1.43371082e+03, 4.04421806e+01,
    1.43445654e+03, 1.12970818e+02, 1.43537341e+03, 1.85541092e+02,
    1.43746655e+03, 2.57266846e+02, 1.44039111e+03, 3.29221069e+02,
    1.36300464e+03, 3.84086952e+01, 1.36353369e+03, 1.11272964e+02,
    1.36423828e+03, 1.83944611e+02, 1.36543713e+03, 2.56469604e+02,
    1.36777795e+03, 3.28798340e+02, 1.29135095e+03, 3.63502846e+01,
    1.29232898e+03, 1.08971626e+02, 1.29243762e+03, 1.82595154e+02,
    1.29337878e+03, 2.55584518e+02, 1.29517371e+03, 3.28288574e+02,
    1.21879565e+03, 3.49821320e+01, 1.22011023e+03, 1.07575958e+02,
    1.22031262e+03, 1.81351822e+02, 1.22070435e+03, 2.54686996e+02,
    1.22158521e+03, 3.28133148e+02, 1.14630884e+03, 3.27906303e+01,
    1.14706360e+03, 1.05985603e+02, 1.14768542e+03, 1.79342743e+02,
    1.14789880e+03, 2.53429337e+02, 1.14837061e+03, 3.27341919e+02,
    1.07334351e+03, 3.01776104e+01, 1.07391345e+03, 1.03635437e+02,
    1.07436206e+03, 1.77611511e+02, 1.07452063e+03, 2.51846695e+02,
    1.07457056e+03, 3.26445404e+02 ]
