%YAML:1.0
---
points: [ 1.40898438e+03, 1.07238922e+02, 1.41704907e+03, 1.66784637e+02,
    1.42445020e+03, 2.28144882e+02, 1.43470044e+03, 2.88651337e+02,
    1.44518701e+03, 3.51268951e+02, 1.36236719e+03, 9.38287277e+01,
    1.36922314e+03, 1.55678009e+02, 1.37643030e+03, 2.18336044e+02,
    1.38567908e+03, 2.81158020e+02, 1.39661536e+03, 3.44579498e+02,
    1.31239612e+03, 8.05076904e+01, 1.31889880e+03, 1.43791489e+02,
    1.32617603e+03, 2.07972214e+02, 1.33433911e+03, 2.72537842e+02,
    1.34447510e+03, 3.38134705e+02, 1.25955286e+03, 6.63396912e+01,
    1.26667236e+03, 1.30614471e+02, 1.27293884e+03, 1.97149704e+02,
    1.28049023e+03, 2.63642181e+02, 1.28991687e+03, 3.30794281e+02,
    1.20302466e+03, 5.20150032e+01, 1.21057764e+03, 1.17634949e+02,
    1.21659875e+03, 1.85529327e+02, 1.22328821e+03, 2.54333496e+02,
    1.23120679e+03, 3.23958496e+02, 1.14423242e+03, 3.58018036e+01,
    1.15085132e+03, 1.03459023e+02, 1.15774744e+03, 1.72411636e+02,
    1.16374695e+03, 2.43632660e+02, 1.17035327e+03, 3.15597565e+02,
    1.08230310e+03, 1.85297470e+01, 1.08860901e+03, 8.78021088e+01,
    1.09465674e+03, 1.59297134e+02, 1.10027747e+03, 2.32368347e+02,
    1.10567932e+03, 3.07227631e+02 ]
