%YAML:1.0
---
points: [ 4.50884949e+02, 6.37652092e+01, 4.54672180e+02, 8.31795502e+01,
    4.58028473e+02, 1.04202751e+02, 4.62260742e+02, 1.24538803e+02,
    4.66542084e+02, 1.46241959e+02, 4.36771057e+02, 5.83770180e+01,
    4.39951599e+02, 7.92642899e+01, 4.43239777e+02, 1.00160019e+02,
    4.47197083e+02, 1.21682259e+02, 4.51497131e+02, 1.43293564e+02,
    4.21043091e+02, 5.34130516e+01, 4.24362091e+02, 7.44320755e+01,
    4.27482452e+02, 9.62659531e+01, 4.30991333e+02, 1.18276436e+02,
    4.35194397e+02, 1.40995773e+02, 4.04630066e+02, 4.80148163e+01,
    4.07801727e+02, 6.97139740e+01, 4.10560730e+02, 9.20585175e+01,
    4.13939087e+02, 1.14934013e+02, 4.17908081e+02, 1.38155182e+02,
    3.86458984e+02, 4.27764587e+01, 3.89860931e+02, 6.46848373e+01,
    3.92708893e+02, 8.77524261e+01, 3.95649384e+02, 1.11544281e+02,
    3.98924316e+02, 1.35511536e+02, 3.67810913e+02, 3.67894669e+01,
    3.70774200e+02, 5.96586533e+01, 3.73811157e+02, 8.31723633e+01,
    3.76474701e+02, 1.07466881e+02, 3.79148560e+02, 1.32370972e+02,
    3.47798035e+02, 3.06689415e+01, 3.50853088e+02, 5.41183281e+01,
    3.53372467e+02, 7.83682098e+01, 3.55866180e+02, 1.03429840e+02,
    3.58106567e+02, 1.29350922e+02 ]
