%YAML:1.0
---
points: [ 1.59890930e+02, 1.36549072e+01, 1.59772888e+02, 3.68269081e+01,
    1.59830643e+02, 6.03787804e+01, 1.59457504e+02, 8.36138000e+01,
    1.59190460e+02, 1.06893906e+02, 1.38094360e+02, 1.44700584e+01,
    1.37910034e+02, 3.74263840e+01, 1.37894241e+02, 6.09134178e+01,
    1.37516220e+02, 8.39332657e+01, 1.37045624e+02, 1.06780678e+02,
    1.16404846e+02, 1.56797543e+01, 1.16272804e+02, 3.82859383e+01,
    1.16214783e+02, 6.12735329e+01, 1.15925430e+02, 8.40574799e+01,
    1.15418777e+02, 1.06770958e+02, 9.58482132e+01, 1.70541611e+01,
    9.50978012e+01, 3.92205200e+01, 9.50677948e+01, 6.18879738e+01,
    9.47906723e+01, 8.44760895e+01, 9.43168106e+01, 1.06819427e+02,
    7.55896530e+01, 1.88611126e+01, 7.48340759e+01, 4.04684868e+01,
    7.44482727e+01, 6.26685867e+01, 7.42941589e+01, 8.48960876e+01,
    7.40812531e+01, 1.07216141e+02, 5.64579811e+01, 2.08041477e+01,
    5.50435448e+01, 4.18827019e+01, 5.44230919e+01, 6.36447372e+01,
    5.41606445e+01, 8.54831161e+01, 5.39438133e+01, 1.07691315e+02,
    3.76655540e+01, 2.27238522e+01, 3.64541245e+01, 4.36726074e+01,
    3.53470001e+01, 6.46028442e+01, 3.48700447e+01, 8.63966522e+01,
    3.47505989e+01, 1.08090843e+02 ]
