%YAML:1.0
---
points: [ 1.67545395e+02, 6.79919357e+01, 1.67661682e+02, 8.27282944e+01,
    1.67582245e+02, 9.80723114e+01, 1.67953506e+02, 1.13508339e+02,
    1.68232315e+02, 1.29442200e+02, 1.50683487e+02, 6.13228722e+01,
    1.50240921e+02, 7.63397293e+01, 1.49746307e+02, 9.19811478e+01,
    1.49710617e+02, 1.07778488e+02, 1.49743912e+02, 1.23984093e+02,
    1.32554184e+02, 5.41969986e+01, 1.31834717e+02, 6.97325897e+01,
    1.31034149e+02, 8.55999146e+01, 1.30382980e+02, 1.01776459e+02,
    1.30050705e+02, 1.18427460e+02, 1.13711769e+02, 4.72021446e+01,
    1.12369156e+02, 6.26205292e+01, 1.11173264e+02, 7.88842697e+01,
    1.10188957e+02, 9.55821228e+01, 1.09195259e+02, 1.12518837e+02,
    9.38269196e+01, 4.01488838e+01, 9.22767563e+01, 5.54952736e+01,
    9.03870316e+01, 7.19394836e+01, 8.87182388e+01, 8.90594177e+01,
    8.70725250e+01, 1.06593582e+02, 7.36743622e+01, 3.31084061e+01,
    7.10958710e+01, 4.83206482e+01, 6.88218155e+01, 6.46766434e+01,
    6.63604431e+01, 8.19318390e+01, 6.38409233e+01, 1.00113747e+02,
    5.26477356e+01, 2.56409531e+01, 4.97567635e+01, 4.12620049e+01,
    4.62537689e+01, 5.76421890e+01, 4.32304955e+01, 7.51117096e+01,
    4.00225449e+01, 9.35874939e+01 ]
