%YAML:1.0
---
points: [ 4.86465088e+02, 4.61899681e+01, 4.81394348e+02, 1.18174683e+02,
    4.76935699e+02, 1.90782257e+02, 4.69797760e+02, 2.62383667e+02,
    4.62484741e+02, 3.34994171e+02, 4.24431732e+02, 5.17041130e+01,
    4.20114075e+02, 1.23040085e+02, 4.15302429e+02, 1.94169373e+02,
    4.08375854e+02, 2.64941406e+02, 3.99792816e+02, 3.35832703e+02,
    3.65279327e+02, 5.77584419e+01, 3.60576050e+02, 1.27656509e+02,
    3.55451721e+02, 1.97525269e+02, 3.49097870e+02, 2.67213959e+02,
    3.40470032e+02, 3.37176270e+02, 3.08509827e+02, 6.39327660e+01,
    3.02623077e+02, 1.31742584e+02, 2.98187531e+02, 2.00909500e+02,
    2.91674957e+02, 2.69535248e+02, 2.83194672e+02, 3.38268250e+02,
    2.54818268e+02, 7.05103989e+01, 2.48063614e+02, 1.36459686e+02,
    2.42733658e+02, 2.04079422e+02, 2.36574432e+02, 2.71746643e+02,
    2.29386719e+02, 3.39616425e+02, 2.02025925e+02, 7.60800476e+01,
    1.95289200e+02, 1.41218887e+02, 1.88140564e+02, 2.07070007e+02,
    1.82466293e+02, 2.73694611e+02, 1.75778687e+02, 3.40647522e+02,
    1.50562042e+02, 8.14238281e+01, 1.43480331e+02, 1.45328354e+02,
    1.36696823e+02, 2.10157776e+02, 1.30563370e+02, 2.75743073e+02,
    1.25011467e+02, 3.41848877e+02 ]
