%YAML:1.0
---
points: [ 6.85468323e+02, 3.43718018e+02, 6.63690125e+02, 3.78726685e+02,
    6.40302185e+02, 4.16074921e+02, 6.16497742e+02, 4.54533295e+02,
    5.90721802e+02, 4.95813629e+02, 6.41004028e+02, 3.09626129e+02,
    6.17070557e+02, 3.44722931e+02, 5.91602661e+02, 3.81742279e+02,
    5.65374329e+02, 4.20300873e+02, 5.37534180e+02, 4.60794159e+02,
    5.94265259e+02, 2.74343506e+02, 5.68379456e+02, 3.09165588e+02,
    5.40957031e+02, 3.45690247e+02, 5.11876648e+02, 3.84362610e+02,
    4.81291534e+02, 4.24803955e+02, 5.45469055e+02, 2.37661942e+02,
    5.17846375e+02, 2.71551300e+02, 4.87815857e+02, 3.08309998e+02,
    4.56266571e+02, 3.46501801e+02, 4.22536255e+02, 3.86630157e+02,
    4.94378021e+02, 1.99859283e+02, 4.64599304e+02, 2.32822174e+02,
    4.32318512e+02, 2.68722595e+02, 3.97811554e+02, 3.06746796e+02,
    3.60750824e+02, 3.47223785e+02, 4.41382690e+02, 1.59734207e+02,
    4.09106018e+02, 1.92327713e+02, 3.74418854e+02, 2.26868225e+02,
    3.36795959e+02, 2.64580048e+02, 2.96613159e+02, 3.04725769e+02,
    3.86484741e+02, 1.17621979e+02, 3.51542023e+02, 1.49367447e+02,
    3.14032471e+02, 1.83640335e+02, 2.73482330e+02, 2.20604477e+02,
    2.29616623e+02, 2.60775085e+02 ]
