%YAML:1.0
---
points: [ 1.81624133e+03, 5.47463562e+02, 1.83306702e+03, 6.37064148e+02,
    1.85058606e+03, 7.33252014e+02, 1.87066406e+03, 8.35555847e+02,
    1.89229858e+03, 9.46688232e+02, 1.70582971e+03, 5.46070251e+02,
    1.71813818e+03, 6.33555176e+02, 1.73158289e+03, 7.27132874e+02,
    1.74646643e+03, 8.26330261e+02, 1.76304797e+03, 9.33744446e+02,
    1.59995862e+03, 5.45277161e+02, 1.60848877e+03, 6.30013184e+02,
    1.61792285e+03, 7.20613098e+02, 1.62822327e+03, 8.17295959e+02,
    1.63954578e+03, 9.20945190e+02, 1.49923889e+03, 5.44542969e+02,
    1.50452576e+03, 6.26460327e+02, 1.50992810e+03, 7.14397583e+02,
    1.51626660e+03, 8.08157471e+02, 1.52301514e+03, 9.08505981e+02,
    1.40333252e+03, 5.44469238e+02, 1.40550623e+03, 6.23291382e+02,
    1.40762585e+03, 7.08413879e+02, 1.41016382e+03, 7.99134033e+02,
    1.41265381e+03, 8.96609802e+02, 1.31315576e+03, 5.43623352e+02,
    1.31233777e+03, 6.20373962e+02, 1.31139807e+03, 7.02237610e+02,
    1.31054785e+03, 7.90460754e+02, 1.30933875e+03, 8.85046875e+02,
    1.22816309e+03, 5.42556152e+02, 1.22443652e+03, 6.17199585e+02,
    1.22077087e+03, 6.96697083e+02, 1.21666064e+03, 7.82127258e+02,
    1.21247034e+03, 8.73802002e+02 ]
