%YAML:1.0
---
points: [ 1.96482346e+02, 1.41610413e+02, 1.89980988e+02, 1.53598892e+02,
    1.82875793e+02, 1.66419510e+02, 1.75741501e+02, 1.79661270e+02,
    1.67956467e+02, 1.93792953e+02, 1.81911301e+02, 1.29691406e+02,
    1.74596558e+02, 1.41750031e+02, 1.66806259e+02, 1.54445160e+02,
    1.58826157e+02, 1.67678177e+02, 1.50495804e+02, 1.81589478e+02,
    1.66625534e+02, 1.17454117e+02, 1.58613876e+02, 1.29427597e+02,
    1.50307022e+02, 1.42016708e+02, 1.41388260e+02, 1.55205154e+02,
    1.32000153e+02, 1.69133926e+02, 1.50604233e+02, 1.04711914e+02,
    1.42096527e+02, 1.16393005e+02, 1.32822556e+02, 1.28970154e+02,
    1.23145226e+02, 1.42083389e+02, 1.12947121e+02, 1.55960373e+02,
    1.33939529e+02, 9.17351761e+01, 1.24846642e+02, 1.03080276e+02,
    1.14835960e+02, 1.15371460e+02, 1.04224770e+02, 1.28383270e+02,
    9.30026474e+01, 1.42248596e+02, 1.16881989e+02, 7.81884766e+01,
    1.06930779e+02, 8.92623825e+01, 9.62980042e+01, 1.01182129e+02,
    8.47834625e+01, 1.14016312e+02, 7.24568100e+01, 1.27822334e+02,
    9.94565430e+01, 6.41349640e+01, 8.87715836e+01, 7.50806427e+01,
    7.72925415e+01, 8.66070633e+01, 6.48009262e+01, 9.93353500e+01,
    5.16191673e+01, 1.13125015e+02 ]
