%YAML:1.0
---
points: [ 2.73702362e+02, 2.61973686e+01, 2.74007812e+02, 3.64307175e+01,
    2.74091492e+02, 4.68885193e+01, 2.74607758e+02, 5.71437225e+01,
    2.74763458e+02, 6.74228439e+01, 2.64513000e+02, 2.43955936e+01,
    2.64588287e+02, 3.48145752e+01, 2.64742065e+02, 4.54608383e+01,
    2.64844238e+02, 5.57197762e+01, 2.65278137e+02, 6.60499344e+01,
    2.54597626e+02, 2.26477623e+01, 2.54812317e+02, 3.32694664e+01,
    2.54733276e+02, 4.37680817e+01, 2.55137863e+02, 5.43024712e+01,
    2.55532013e+02, 6.48115845e+01, 2.44772766e+02, 2.08943348e+01,
    2.44714310e+02, 3.14269447e+01, 2.44875137e+02, 4.21062622e+01,
    2.45173523e+02, 5.27817192e+01, 2.45673630e+02, 6.34497757e+01,
    2.34365326e+02, 1.91539669e+01, 2.34805206e+02, 2.97034435e+01,
    2.34764389e+02, 4.04386597e+01, 2.34883743e+02, 5.12990723e+01,
    2.35130234e+02, 6.20454521e+01, 2.24062042e+02, 1.73101139e+01,
    2.24140213e+02, 2.79377098e+01, 2.24562653e+02, 3.87102318e+01,
    2.24657104e+02, 4.97301865e+01, 2.24902313e+02, 6.07128105e+01,
    2.13424698e+02, 1.53271170e+01, 2.13830872e+02, 2.61768990e+01,
    2.13766357e+02, 3.69628525e+01, 2.14005478e+02, 4.80836525e+01,
    2.13980255e+02, 5.91686745e+01 ]
