%YAML:1.0
---
points: [ 1.94227066e+02, 2.78866150e+02, 1.91421112e+02, 2.98300751e+02,
    1.88289917e+02, 3.17992737e+02, 1.85665207e+02, 3.38223633e+02,
    1.82961487e+02, 3.58872375e+02, 1.77306717e+02, 2.77172150e+02,
    1.73972473e+02, 2.97157104e+02, 1.70660263e+02, 3.17395996e+02,
    1.67671280e+02, 3.38278595e+02, 1.64724884e+02, 3.59720428e+02,
    1.58965881e+02, 2.75452087e+02, 1.55530380e+02, 2.95983673e+02,
    1.51819931e+02, 3.17026611e+02, 1.48416855e+02, 3.38369598e+02,
    1.45223404e+02, 3.60366577e+02, 1.39517563e+02, 2.73348480e+02,
    1.35716583e+02, 2.94739410e+02, 1.31835724e+02, 3.16338287e+02,
    1.28057114e+02, 3.38445953e+02, 1.24572273e+02, 3.61029755e+02,
    1.18426155e+02, 2.71360962e+02, 1.14605980e+02, 2.93241241e+02,
    1.10330948e+02, 3.15717651e+02, 1.06390694e+02, 3.38354736e+02,
    1.02542213e+02, 3.61436310e+02, 9.61926422e+01, 2.68943024e+02,
    9.18897476e+01, 2.91770264e+02, 8.77402802e+01, 3.14855347e+02,
    8.34580612e+01, 3.38200775e+02, 7.93666458e+01, 3.61708191e+02,
    7.24326172e+01, 2.66458740e+02, 6.81026840e+01, 2.89913666e+02,
    6.35232391e+01, 3.13778290e+02, 5.92733879e+01, 3.37870148e+02,
    5.52142944e+01, 3.61789398e+02 ]
