%YAML:1.0
---
points: [ 6.65748657e+02, 7.83948975e+02, 6.51483337e+02, 8.50121948e+02,
    6.37556213e+02, 9.16213989e+02, 6.21354980e+02, 9.83483398e+02,
    6.05108826e+02, 1.05138708e+03, 6.08448181e+02, 7.67509216e+02,
    5.94891296e+02, 8.32364868e+02, 5.80780762e+02, 8.97309082e+02,
    5.65224731e+02, 9.63128662e+02, 5.48349731e+02, 1.02992444e+03,
    5.53395325e+02, 7.51610779e+02, 5.39681824e+02, 8.15180054e+02,
    5.25787292e+02, 8.79207458e+02, 5.10834076e+02, 9.43581665e+02,
    4.94472778e+02, 1.00894830e+03, 5.00228912e+02, 7.36164673e+02,
    4.86011780e+02, 7.98738831e+02, 4.72788544e+02, 8.61462158e+02,
    4.58340576e+02, 9.24720093e+02, 4.42053040e+02, 9.88770813e+02,
    4.49103882e+02, 7.21079590e+02, 4.34585510e+02, 7.82692627e+02,
    4.21365967e+02, 8.44548096e+02, 4.07226807e+02, 9.06536743e+02,
    3.92362579e+02, 9.68738953e+02, 3.98776550e+02, 7.06626404e+02,
    3.84812988e+02, 7.67325562e+02, 3.70433289e+02, 8.28250244e+02,
    3.56998596e+02, 8.88945190e+02, 3.42992340e+02, 9.50299194e+02,
    3.49675873e+02, 6.92505859e+02, 3.35616913e+02, 7.52254822e+02,
    3.21974335e+02, 8.12236450e+02, 3.08534637e+02, 8.72013184e+02,
    2.95953735e+02, 9.32013123e+02 ]
