%YAML:1.0
---
points: [ 7.55892944e+02, 5.53612244e+02, 7.51308655e+02, 6.55501404e+02,
    7.46225830e+02, 7.58261841e+02, 7.40972656e+02, 8.62960571e+02,
    7.35369507e+02, 9.70232361e+02, 6.50406006e+02, 5.48962952e+02,
    6.45146545e+02, 6.53056213e+02, 6.39504822e+02, 7.58144104e+02,
    6.33381836e+02, 8.65117920e+02, 6.26503967e+02, 9.75219971e+02,
    5.39543030e+02, 5.43966309e+02, 5.33797180e+02, 6.50502686e+02,
    5.27659607e+02, 7.58257751e+02, 5.20533508e+02, 8.67391968e+02,
    5.12598572e+02, 9.79707397e+02, 4.23408813e+02, 5.38801758e+02,
    4.16902679e+02, 6.48145752e+02, 4.10434662e+02, 7.58222107e+02,
    4.02590607e+02, 8.69851501e+02, 3.93676239e+02, 9.84289978e+02,
    3.02468811e+02, 5.33418213e+02, 2.94698669e+02, 6.45252991e+02,
    2.87500946e+02, 7.58060791e+02, 2.80048279e+02, 8.71725403e+02,
    2.71315552e+02, 9.87521790e+02, 1.76249863e+02, 5.27612793e+02,
    1.67830399e+02, 6.42120239e+02, 1.59384293e+02, 7.57601135e+02,
    1.51847198e+02, 8.73906616e+02, 1.43589050e+02, 9.91382751e+02,
    4.54885483e+01, 5.21610779e+02, 3.63467216e+01, 6.38692505e+02,
    2.78482800e+01, 7.56555420e+02, 1.95212498e+01, 8.75612244e+02,
    1.27251711e+01, 9.94325378e+02 ]
