%YAML:1.0
---
points: [ 4.95007568e+02, 1.73926361e+02, 4.95465179e+02, 1.84592270e+02,
    4.95694763e+02, 1.95576538e+02, 4.95819061e+02, 2.06273636e+02,
    4.96066650e+02, 2.17160309e+02, 4.83941101e+02, 1.73927704e+02,
    4.84254791e+02, 1.84893723e+02, 4.84402405e+02, 1.95589798e+02,
    4.84748230e+02, 2.06552826e+02, 4.84969238e+02, 2.17129501e+02,
    4.72700684e+02, 1.74370453e+02, 4.72904633e+02, 1.84925064e+02,
    4.73134125e+02, 1.95860901e+02, 4.73509399e+02, 2.06511032e+02,
    4.73732086e+02, 2.17469421e+02, 4.61655670e+02, 1.74615112e+02,
    4.61821259e+02, 1.85299957e+02, 4.61908447e+02, 1.95830887e+02,
    4.62125427e+02, 2.06706970e+02, 4.62602509e+02, 2.17450058e+02,
    4.50303284e+02, 1.74863617e+02, 4.50616455e+02, 1.85602066e+02,
    4.50697327e+02, 1.96082779e+02, 4.50766998e+02, 2.06745453e+02,
    4.50841125e+02, 2.17621597e+02, 4.38975647e+02, 1.75040863e+02,
    4.39230652e+02, 1.85804428e+02, 4.39408081e+02, 1.96215134e+02,
    4.39523071e+02, 2.06997665e+02, 4.39749664e+02, 2.17563187e+02,
    4.27738129e+02, 1.75610916e+02, 4.27963409e+02, 1.85830826e+02,
    4.28204590e+02, 1.96692245e+02, 4.28327576e+02, 2.06964493e+02,
    4.28469421e+02, 2.17756302e+02 ]
