%YAML:1.0
---
points: [ 6.54706177e+02, 6.28930420e+02, 6.61424744e+02, 6.94944031e+02,
    6.68312622e+02, 7.65890686e+02, 6.76561829e+02, 8.40684509e+02,
    6.85615479e+02, 9.22386169e+02, 5.81499023e+02, 6.23455139e+02,
    5.85592468e+02, 6.92538757e+02, 5.89801880e+02, 7.66547974e+02,
    5.95221680e+02, 8.45305969e+02, 6.01503052e+02, 9.30357361e+02,
    5.01620575e+02, 6.17907104e+02, 5.02721954e+02, 6.90093811e+02,
    5.04130219e+02, 7.67188538e+02, 5.05935547e+02, 8.50234680e+02,
    5.08377350e+02, 9.39716553e+02, 4.14354980e+02, 6.12035522e+02,
    4.12628448e+02, 6.86561035e+02, 4.10262329e+02, 7.67958984e+02,
    4.07825989e+02, 8.55269897e+02, 4.05930206e+02, 9.49730530e+02,
    3.18687683e+02, 6.06066345e+02, 3.13184723e+02, 6.83467468e+02,
    3.06703949e+02, 7.68536926e+02, 2.99708038e+02, 8.60739990e+02,
    2.92477234e+02, 9.61033691e+02, 2.14599167e+02, 5.98472839e+02,
    2.04486740e+02, 6.79865417e+02, 1.93206711e+02, 7.68304138e+02,
    1.80789291e+02, 8.65747375e+02, 1.67544846e+02, 9.72202820e+02,
    1.01461456e+02, 5.89763733e+02, 8.57695007e+01, 6.74809387e+02,
    6.87900391e+01, 7.67878357e+02, 5.00178223e+01, 8.70777832e+02,
    2.98610020e+01, 9.83845093e+02 ]
