%YAML:1.0
---
points: [ 8.53846069e+02, 6.24429138e+02, 8.35238586e+02, 7.03263062e+02,
    8.15125916e+02, 7.88962830e+02, 7.91498352e+02, 8.81293823e+02,
    7.65522217e+02, 9.83262390e+02, 7.74566101e+02, 6.16748657e+02,
    7.53520081e+02, 6.94445923e+02, 7.30182068e+02, 7.78176208e+02,
    7.03308289e+02, 8.68536926e+02, 6.72721313e+02, 9.67534729e+02,
    6.97809570e+02, 6.09460144e+02, 6.74029785e+02, 6.85861023e+02,
    6.47690796e+02, 7.67683289e+02, 6.17900024e+02, 8.56374451e+02,
    5.83931763e+02, 9.52775330e+02, 6.23625916e+02, 6.02862915e+02,
    5.96668579e+02, 6.77008179e+02, 5.67853638e+02, 7.57978149e+02,
    5.35480347e+02, 8.44527527e+02, 4.98360687e+02, 9.38584045e+02,
    5.51626282e+02, 5.97044678e+02, 5.21805176e+02, 6.69472778e+02,
    4.90536255e+02, 7.48287964e+02, 4.55910889e+02, 8.33302612e+02,
    4.17007904e+02, 9.25184082e+02, 4.81385834e+02, 5.90638123e+02,
    4.49497284e+02, 6.61584106e+02, 4.14806854e+02, 7.38463745e+02,
    3.78189758e+02, 8.21727905e+02, 3.37597504e+02, 9.12026733e+02,
    4.12652954e+02, 5.83929199e+02, 3.78518127e+02, 6.53703064e+02,
    3.42070099e+02, 7.29041199e+02, 3.03431671e+02, 8.10679016e+02,
    2.62113647e+02, 8.98827698e+02 ]
