%YAML:1.0
---
points: [ 9.10586182e+02, 7.80069153e+02, 9.12467224e+02, 8.43220215e+02,
    9.15154175e+02, 9.04754883e+02, 9.14805481e+02, 9.66239990e+02,
    9.14698547e+02, 1.02651587e+03, 8.69733093e+02, 7.61281982e+02,
    8.73128723e+02, 8.21421875e+02, 8.75612488e+02, 8.80470337e+02,
    8.76387817e+02, 9.39159180e+02, 8.75649963e+02, 9.97405334e+02,
    8.33253723e+02, 7.43742004e+02, 8.36572876e+02, 8.01612732e+02,
    8.39366028e+02, 8.58373169e+02, 8.40791260e+02, 9.14407593e+02,
    8.40761475e+02, 9.70308899e+02, 8.00144165e+02, 7.27885315e+02,
    8.02643066e+02, 7.83670837e+02, 8.06372375e+02, 8.38100708e+02,
    8.08311096e+02, 8.91920105e+02, 8.08509766e+02, 9.45539490e+02,
    7.70029907e+02, 7.13047913e+02, 7.72129639e+02, 7.66897095e+02,
    7.75516724e+02, 8.19414001e+02, 7.78237610e+02, 8.71151062e+02,
    7.80057800e+02, 9.22465027e+02, 7.41425110e+02, 6.99534607e+02,
    7.44079468e+02, 7.51547485e+02, 7.46326904e+02, 8.02510315e+02,
    7.49460693e+02, 8.52279846e+02, 7.51970459e+02, 9.01611511e+02,
    7.14496887e+02, 6.87258240e+02, 7.17210938e+02, 7.37509766e+02,
    7.19800842e+02, 7.86649841e+02, 7.22981628e+02, 8.34745728e+02,
    7.26542175e+02, 8.82259033e+02 ]
