%YAML:1.0
---
points: [ 4.91766052e+02, 1.72324524e+02, 4.91981232e+02, 1.83404205e+02,
    4.92412170e+02, 1.94770813e+02, 4.92473114e+02, 2.05739761e+02,
    4.92535828e+02, 2.17246384e+02, 4.80064697e+02, 1.73211472e+02,
    4.80537323e+02, 1.84210129e+02, 4.80787720e+02, 1.95169785e+02,
    4.80878906e+02, 2.06246628e+02, 4.80865906e+02, 2.17277130e+02,
    4.68808868e+02, 1.74223816e+02, 4.69149902e+02, 1.84853607e+02,
    4.69463745e+02, 1.95772202e+02, 4.69572540e+02, 2.06552002e+02,
    4.69472717e+02, 2.17429321e+02, 4.57824219e+02, 1.75054855e+02,
    4.58085510e+02, 1.85704727e+02, 4.58554535e+02, 1.96199585e+02,
    4.58695709e+02, 2.06781021e+02, 4.58683380e+02, 2.17416885e+02,
    4.47441345e+02, 1.75996353e+02, 4.47628906e+02, 1.86376389e+02,
    4.47801117e+02, 1.96699509e+02, 4.47936432e+02, 2.06924347e+02,
    4.47986420e+02, 2.17502991e+02, 4.37135040e+02, 1.76858429e+02,
    4.37395874e+02, 1.86954605e+02, 4.37569031e+02, 1.97074463e+02,
    4.37730225e+02, 2.07332077e+02, 4.37818085e+02, 2.17500381e+02,
    4.27315735e+02, 1.77819443e+02, 4.27425629e+02, 1.87697937e+02,
    4.27606110e+02, 1.97674469e+02, 4.27719147e+02, 2.07572876e+02,
    4.27879944e+02, 2.17618912e+02 ]
