%YAML:1.0
---
points: [ 9.10605408e+02, 7.80122437e+02, 9.12503113e+02, 8.43238464e+02,
    9.15203979e+02, 9.04833130e+02, 9.14804504e+02, 9.66227173e+02,
    9.14674438e+02, 1.02654736e+03, 8.69759155e+02, 7.61332092e+02,
    8.73126770e+02, 8.21418762e+02, 8.75640198e+02, 8.80448669e+02,
    8.76372925e+02, 9.39204590e+02, 8.75653870e+02, 9.97430237e+02,
    8.33270691e+02, 7.43780518e+02, 8.36571716e+02, 8.01619385e+02,
    8.39375793e+02, 8.58416687e+02, 8.40802246e+02, 9.14414001e+02,
    8.40768066e+02, 9.70325439e+02, 8.00114929e+02, 7.27888000e+02,
    8.02638062e+02, 7.83677246e+02, 8.06380798e+02, 8.38128174e+02,
    8.08298828e+02, 8.91900024e+02, 8.08528870e+02, 9.45532043e+02,
    7.69961243e+02, 7.13023987e+02, 7.72040955e+02, 7.66846802e+02,
    7.75484863e+02, 8.19397156e+02, 7.78228699e+02, 8.71180481e+02,
    7.80064209e+02, 9.22459290e+02, 7.41392944e+02, 6.99547119e+02,
    7.44005310e+02, 7.51519775e+02, 7.46327576e+02, 8.02504089e+02,
    7.49441528e+02, 8.52230835e+02, 7.51987488e+02, 9.01656067e+02,
    7.14478516e+02, 6.87236938e+02, 7.17208008e+02, 7.37512085e+02,
    7.19762329e+02, 7.86590088e+02, 7.22932739e+02, 8.34716736e+02,
    7.26524475e+02, 8.82248230e+02 ]
