%YAML:1.0
---
points: [ 3.06091766e+02, 2.95563660e+02, 3.05935638e+02, 3.14671600e+02,
    3.05485352e+02, 3.32613983e+02, 3.05172272e+02, 3.50549896e+02,
    3.04910339e+02, 3.67756805e+02, 2.82950684e+02, 2.95143555e+02,
    2.83202728e+02, 3.14008575e+02, 2.83495544e+02, 3.31978790e+02,
    2.83645264e+02, 3.49678253e+02, 2.83690369e+02, 3.67187103e+02,
    2.60186096e+02, 2.94638763e+02, 2.60895264e+02, 3.13327393e+02,
    2.61609283e+02, 3.31264893e+02, 2.62202850e+02, 3.48878632e+02,
    2.62733154e+02, 3.66113770e+02, 2.37618607e+02, 2.94140503e+02,
    2.38865128e+02, 3.12963867e+02, 2.40076950e+02, 3.30586273e+02,
    2.40994247e+02, 3.48073242e+02, 2.41881134e+02, 3.65052246e+02,
    2.15397446e+02, 2.93415466e+02, 2.17023254e+02, 3.12348846e+02,
    2.18581741e+02, 3.30046539e+02, 2.20114578e+02, 3.47199982e+02,
    2.21458939e+02, 3.63795990e+02, 1.93275696e+02, 2.93092407e+02,
    1.95337524e+02, 3.11913910e+02, 1.97272385e+02, 3.29729218e+02,
    1.99265244e+02, 3.46591675e+02, 2.01040268e+02, 3.62961975e+02,
    1.71282471e+02, 2.92912903e+02, 1.73815063e+02, 3.11455688e+02,
    1.76262970e+02, 3.29235168e+02, 1.78701019e+02, 3.46126251e+02,
    1.81140518e+02, 3.62097321e+02 ]
