%YAML:1.0
---
points: [ 2.67364166e+02, 1.82189713e+02, 2.66766815e+02, 1.91250214e+02,
    2.66145721e+02, 2.00505234e+02, 2.65527954e+02, 2.09641098e+02,
    2.64781189e+02, 2.19099228e+02, 2.57408478e+02, 1.81918411e+02,
    2.56692566e+02, 1.90902908e+02, 2.55995255e+02, 2.00139816e+02,
    2.55262253e+02, 2.09416031e+02, 2.54460648e+02, 2.18821304e+02,
    2.47557419e+02, 1.81674545e+02, 2.46729095e+02, 1.90725067e+02,
    2.45974991e+02, 1.99839447e+02, 2.45065094e+02, 2.09086975e+02,
    2.44106720e+02, 2.18443390e+02, 2.37707260e+02, 1.81505569e+02,
    2.36799454e+02, 1.90421143e+02, 2.35929291e+02, 1.99587540e+02,
    2.34986557e+02, 2.08774292e+02, 2.33928406e+02, 2.18111603e+02,
    2.27945572e+02, 1.81299057e+02, 2.26988800e+02, 1.90156937e+02,
    2.25896240e+02, 1.99220993e+02, 2.24865128e+02, 2.08561935e+02,
    2.23734161e+02, 2.17858551e+02, 2.18218323e+02, 1.81053711e+02,
    2.17111633e+02, 1.89852814e+02, 2.15982635e+02, 1.98852600e+02,
    2.14798477e+02, 2.08128220e+02, 2.13601776e+02, 2.17575699e+02,
    2.08536804e+02, 1.80786469e+02, 2.07330078e+02, 1.89604141e+02,
    2.06063278e+02, 1.98558228e+02, 2.04803574e+02, 2.07800171e+02,
    2.03528442e+02, 2.17214828e+02 ]
