%YAML:1.0
---
points: [ 9.80530823e+02, 8.04619629e+02, 9.86926758e+02, 8.39331543e+02,
    9.93397949e+02, 8.72618103e+02, 9.99193481e+02, 9.06651855e+02,
    1.00467841e+03, 9.39923889e+02, 9.41662781e+02, 8.04534119e+02,
    9.48758545e+02, 8.38411865e+02, 9.55303772e+02, 8.71500427e+02,
    9.61449097e+02, 9.04833557e+02, 9.67289307e+02, 9.38353760e+02,
    9.03652344e+02, 8.04143127e+02, 9.11251038e+02, 8.37675110e+02,
    9.18203003e+02, 8.70587646e+02, 9.24663940e+02, 9.03372131e+02,
    9.30756287e+02, 9.36212219e+02, 8.66717896e+02, 8.03707092e+02,
    8.74470886e+02, 8.37410889e+02, 8.81734314e+02, 8.69594849e+02,
    8.88767700e+02, 9.01895325e+02, 8.95213013e+02, 9.34403748e+02,
    8.30755310e+02, 8.03086182e+02, 8.38474915e+02, 8.36595337e+02,
    8.46274170e+02, 8.68669434e+02, 8.53602539e+02, 9.00414490e+02,
    8.60431152e+02, 9.32088928e+02, 7.95392700e+02, 8.02734070e+02,
    8.03313354e+02, 8.35823303e+02, 8.11210999e+02, 8.68174866e+02,
    8.18748108e+02, 8.99319031e+02, 8.26409668e+02, 9.30245361e+02,
    7.60382385e+02, 8.02691162e+02, 7.68782715e+02, 8.35496704e+02,
    7.76817444e+02, 8.67314026e+02, 7.85048523e+02, 8.98294861e+02,
    7.92867310e+02, 9.28410156e+02 ]
