%YAML:1.0
---
points: [ 2.57435272e+02, 1.74550812e+02, 2.57491394e+02, 1.86024002e+02,
    2.57641632e+02, 1.97261734e+02, 2.57326385e+02, 2.08718414e+02,
    2.57113617e+02, 2.19823303e+02, 2.47593658e+02, 1.74645721e+02,
    2.47733612e+02, 1.85872070e+02, 2.47815430e+02, 1.97005310e+02,
    2.47723114e+02, 2.08139877e+02, 2.47436737e+02, 2.19259277e+02,
    2.38060074e+02, 1.74696274e+02, 2.38332169e+02, 1.85848892e+02,
    2.38495895e+02, 1.96775253e+02, 2.38451401e+02, 2.07737930e+02,
    2.38087082e+02, 2.18694244e+02, 2.28940933e+02, 1.74783752e+02,
    2.29063843e+02, 1.85702896e+02, 2.29349579e+02, 1.96520615e+02,
    2.29317673e+02, 2.07300339e+02, 2.29082108e+02, 2.18126282e+02,
    2.20152313e+02, 1.74819473e+02, 2.20248825e+02, 1.85626862e+02,
    2.20404037e+02, 1.96288376e+02, 2.20453995e+02, 2.06903976e+02,
    2.20437271e+02, 2.17530914e+02, 2.11486206e+02, 1.74859589e+02,
    2.11547134e+02, 1.85518005e+02, 2.11572479e+02, 1.96028488e+02,
    2.11800156e+02, 2.06555939e+02, 2.11819489e+02, 2.16949478e+02,
    2.02891373e+02, 1.74875900e+02, 2.03051178e+02, 1.85440369e+02,
    2.03238617e+02, 1.95738785e+02, 2.03352371e+02, 2.06201630e+02,
    2.03562408e+02, 2.16420105e+02 ]
