%YAML:1.0
---
points: [ 4.88257843e+02, 2.95893463e+02, 4.84701233e+02, 3.14439575e+02,
    4.80917450e+02, 3.32068970e+02, 4.77363861e+02, 3.49183868e+02,
    4.73885712e+02, 3.65932922e+02, 4.64662018e+02, 2.95440704e+02,
    4.61414917e+02, 3.14006744e+02, 4.58416595e+02, 3.31301208e+02,
    4.55642792e+02, 3.48770142e+02, 4.52729828e+02, 3.65163666e+02,
    4.40501190e+02, 2.94798737e+02, 4.38221100e+02, 3.12989685e+02,
    4.35866241e+02, 3.30676117e+02, 4.33557587e+02, 3.47603088e+02,
    4.31621765e+02, 3.64124329e+02, 4.16673920e+02, 2.93691162e+02,
    4.15029449e+02, 3.12192902e+02, 4.13355499e+02, 3.29460754e+02,
    4.11626740e+02, 3.46365051e+02, 4.09864166e+02, 3.62733795e+02,
    3.93031097e+02, 2.92477875e+02, 3.92140350e+02, 3.10986755e+02,
    3.90879974e+02, 3.28196106e+02, 3.89749573e+02, 3.44754852e+02,
    3.88802307e+02, 3.60925598e+02, 3.69988068e+02, 2.91329376e+02,
    3.69439667e+02, 3.09661652e+02, 3.69013214e+02, 3.27131592e+02,
    3.68366913e+02, 3.43424286e+02, 3.67655182e+02, 3.59290039e+02,
    3.47345093e+02, 2.90347229e+02, 3.47408875e+02, 3.08409302e+02,
    3.47356628e+02, 3.25755035e+02, 3.47335297e+02, 3.42049835e+02,
    3.47308655e+02, 3.57562317e+02 ]
