%YAML:1.0
---
points: [ 1.51657690e+03, 7.88410645e+02, 1.51007275e+03, 8.44001465e+02,
    1.50328003e+03, 8.96463257e+02, 1.49765588e+03, 9.48796631e+02,
    1.49205493e+03, 9.98786072e+02, 1.44351355e+03, 7.86032898e+02,
    1.43841760e+03, 8.40094666e+02, 1.43355017e+03, 8.92151062e+02,
    1.42931604e+03, 9.43513672e+02, 1.42556909e+03, 9.93845337e+02,
    1.37216187e+03, 7.82840698e+02, 1.36903601e+03, 8.36649414e+02,
    1.36582898e+03, 8.88103638e+02, 1.36307935e+03, 9.38483704e+02,
    1.36031274e+03, 9.88117065e+02, 1.30304700e+03, 7.79804504e+02,
    1.30160925e+03, 8.33564148e+02, 1.30008582e+03, 8.83913452e+02,
    1.29848108e+03, 9.33581116e+02, 1.29708435e+03, 9.82479431e+02,
    1.23604089e+03, 7.76348267e+02, 1.23604407e+03, 8.29840393e+02,
    1.23578979e+03, 8.80166199e+02, 1.23557361e+03, 9.28727600e+02,
    1.23528784e+03, 9.76097900e+02, 1.17082605e+03, 7.73666748e+02,
    1.17194873e+03, 8.26378235e+02, 1.17335059e+03, 8.76816895e+02,
    1.17431372e+03, 9.24536316e+02, 1.17519543e+03, 9.71147156e+02,
    1.10753467e+03, 7.71374634e+02, 1.11013806e+03, 8.23466675e+02,
    1.11239832e+03, 8.73233643e+02, 1.11465808e+03, 9.20531860e+02,
    1.11684094e+03, 9.65811768e+02 ]
