%YAML:1.0
---
points: [ 1.53648096e+03, 7.44426453e+02, 1.52704150e+03, 7.99062561e+02,
    1.51718982e+03, 8.54121887e+02, 1.50853162e+03, 9.09992798e+02,
    1.49992126e+03, 9.66706604e+02, 1.48108179e+03, 7.32212952e+02,
    1.47119873e+03, 7.86560913e+02, 1.46137769e+03, 8.41287842e+02,
    1.45246533e+03, 8.97066040e+02, 1.44354565e+03, 9.53788513e+02,
    1.42612756e+03, 7.19844177e+02, 1.41596106e+03, 7.74220459e+02,
    1.40609644e+03, 8.28753967e+02, 1.39636011e+03, 8.84031433e+02,
    1.38729871e+03, 9.40319275e+02, 1.37094299e+03, 7.07663635e+02,
    1.36132056e+03, 7.61708679e+02, 1.35089270e+03, 8.16148926e+02,
    1.34123828e+03, 8.71190796e+02, 1.33158435e+03, 9.27330811e+02,
    1.31641077e+03, 6.95618530e+02, 1.30663293e+03, 7.49485535e+02,
    1.29634546e+03, 8.03510864e+02, 1.28589551e+03, 8.58281921e+02,
    1.27582422e+03, 9.13624817e+02, 1.26242407e+03, 6.83516418e+02,
    1.25248340e+03, 7.37284729e+02, 1.24225610e+03, 7.91336243e+02,
    1.23177563e+03, 8.45616089e+02, 1.22119336e+03, 9.00962952e+02,
    1.20907385e+03, 6.71638184e+02, 1.19877747e+03, 7.24990356e+02,
    1.18846484e+03, 7.79009827e+02, 1.17758057e+03, 8.33248108e+02,
    1.16673438e+03, 8.87759766e+02 ]
