%YAML:1.0
---
points: [ 1.22131897e+03, 7.38825989e+02, 1.25531006e+03, 7.87062073e+02,
    1.28873181e+03, 8.34342102e+02, 1.32192651e+03, 8.82576660e+02,
    1.35475354e+03, 9.30588684e+02, 1.16823364e+03, 7.66066284e+02,
    1.20189514e+03, 8.12642761e+02, 1.23501660e+03, 8.58750610e+02,
    1.26782935e+03, 9.05797974e+02, 1.30029541e+03, 9.53156738e+02,
    1.11739917e+03, 7.91838501e+02, 1.15063428e+03, 8.37410889e+02,
    1.18362195e+03, 8.82698914e+02, 1.21586511e+03, 9.28211792e+02,
    1.24801611e+03, 9.74574097e+02, 1.06856482e+03, 8.16470032e+02,
    1.10152893e+03, 8.61703796e+02, 1.13411584e+03, 9.05446899e+02,
    1.16619373e+03, 9.49979431e+02, 1.19759570e+03, 9.95109863e+02,
    1.02172375e+03, 8.40069580e+02, 1.05421863e+03, 8.84526550e+02,
    1.08648108e+03, 9.27654236e+02, 1.11810522e+03, 9.70677856e+02,
    1.14943884e+03, 1.01409375e+03, 9.76478271e+02, 8.63214417e+02,
    1.00857208e+03, 9.06595703e+02, 1.04037329e+03, 9.49594849e+02,
    1.07181824e+03, 9.91499329e+02, 1.10276953e+03, 1.03340540e+03,
    9.32784485e+02, 8.85705750e+02, 9.64612061e+02, 9.28444824e+02,
    9.96165161e+02, 9.70316711e+02, 1.02722461e+03, 1.01136456e+03,
    1.05813147e+03, 1.05179517e+03 ]
