%YAML:1.0
---
points: [ 1.85248120e+03, 7.56607361e+02, 1.85352991e+03, 7.96149475e+02,
    1.85429761e+03, 8.36018372e+02, 1.85545386e+03, 8.76613464e+02,
    1.85642334e+03, 9.18292664e+02, 1.80358264e+03, 7.51594910e+02,
    1.80419202e+03, 7.90394836e+02, 1.80457068e+03, 8.29550598e+02,
    1.80520386e+03, 8.69515198e+02, 1.80560071e+03, 9.10103149e+02,
    1.75630359e+03, 7.46817261e+02, 1.75645093e+03, 7.84842102e+02,
    1.75640991e+03, 8.23262207e+02, 1.75642883e+03, 8.62315552e+02,
    1.75637598e+03, 9.02297485e+02, 1.71048828e+03, 7.42333679e+02,
    1.71026282e+03, 7.79348938e+02, 1.70976929e+03, 8.17205872e+02,
    1.70935022e+03, 8.55462341e+02, 1.70864258e+03, 8.94523560e+02,
    1.66583984e+03, 7.37798218e+02, 1.66520898e+03, 7.74079773e+02,
    1.66447278e+03, 8.11083191e+02, 1.66359607e+03, 8.48734070e+02,
    1.66267798e+03, 8.86928223e+02, 1.62264233e+03, 7.33421021e+02,
    1.62168530e+03, 7.68774597e+02, 1.62059912e+03, 8.04982727e+02,
    1.61929810e+03, 8.42019714e+02, 1.61783044e+03, 8.79719482e+02,
    1.58108459e+03, 7.28794434e+02, 1.57965417e+03, 7.63699829e+02,
    1.57827014e+03, 7.99174438e+02, 1.57648877e+03, 8.35401794e+02,
    1.57479871e+03, 8.72464355e+02 ]
