%YAML:1.0
---
points: [ 1.31795654e+02, 2.72240326e+02, 1.30817688e+02, 2.93350098e+02,
    1.29841629e+02, 3.14593842e+02, 1.28524597e+02, 3.36080597e+02,
    1.27204094e+02, 3.57707947e+02, 1.12225128e+02, 2.71510010e+02,
    1.11504189e+02, 2.92390442e+02, 1.10534081e+02, 3.13313721e+02,
    1.09334221e+02, 3.34489655e+02, 1.07741058e+02, 3.55959686e+02,
    9.33600616e+01, 2.70784912e+02, 9.26209869e+01, 2.91390717e+02,
    9.16290817e+01, 3.12079315e+02, 9.05625610e+01, 3.33047638e+02,
    8.91509933e+01, 3.54019684e+02, 7.51628647e+01, 2.69917938e+02,
    7.40461197e+01, 2.90391327e+02, 7.33042984e+01, 3.10824890e+02,
    7.22567825e+01, 3.31290100e+02, 7.10415802e+01, 3.52173828e+02,
    5.74088440e+01, 2.68960754e+02, 5.63092918e+01, 2.89313416e+02,
    5.54896202e+01, 3.09423309e+02, 5.47124519e+01, 3.29721649e+02,
    5.39200439e+01, 3.49778564e+02, 4.01298485e+01, 2.68168793e+02,
    3.91135368e+01, 2.87988800e+02, 3.81153603e+01, 3.08049408e+02,
    3.76442871e+01, 3.27744904e+02, 3.69900436e+01, 3.47572815e+02,
    2.35986214e+01, 2.67054016e+02, 2.26557446e+01, 2.87040436e+02,
    2.18560333e+01, 3.06359253e+02, 2.14257660e+01, 3.26246948e+02,
    2.14191036e+01, 3.45143890e+02 ]
