%YAML:1.0
---
points: [ 4.76826691e+02, 3.29918549e+02, 4.75743713e+02, 3.43696228e+02,
    4.74657318e+02, 3.57647461e+02, 4.72846497e+02, 3.71105743e+02,
    4.71131531e+02, 3.84977966e+02, 4.63357819e+02, 3.26437042e+02,
    4.62543793e+02, 3.40023254e+02, 4.61420288e+02, 3.53511932e+02,
    4.60057495e+02, 3.67101837e+02, 4.58237610e+02, 3.80248962e+02,
    4.50295288e+02, 3.23053864e+02, 4.49697388e+02, 3.36248932e+02,
    4.48756775e+02, 3.49559082e+02, 4.47522858e+02, 3.62654236e+02,
    4.46165009e+02, 3.75806305e+02, 4.37940277e+02, 3.19617676e+02,
    4.37122253e+02, 3.32711060e+02, 4.36452087e+02, 3.45554504e+02,
    4.35505280e+02, 3.58477844e+02, 4.34061554e+02, 3.71196411e+02,
    4.26100861e+02, 3.16427185e+02, 4.25376953e+02, 3.29196625e+02,
    4.24749756e+02, 3.41813080e+02, 4.23874207e+02, 3.54274414e+02,
    4.22967285e+02, 3.66871399e+02, 4.14747925e+02, 3.13243561e+02,
    4.14028259e+02, 3.25731293e+02, 4.13320953e+02, 3.38132843e+02,
    4.12718842e+02, 3.50380402e+02, 4.11745239e+02, 3.62474396e+02,
    4.03892151e+02, 3.10307037e+02, 4.03197174e+02, 3.22442017e+02,
    4.02674561e+02, 3.34549011e+02, 4.01934296e+02, 3.46498108e+02,
    4.01416779e+02, 3.58444550e+02 ]
