%YAML:1.0
---
points: [ 1.27989624e+02, 2.64920715e+02, 1.28401321e+02, 2.83364563e+02,
    1.28652832e+02, 3.01825195e+02, 1.29442108e+02, 3.20513336e+02,
    1.30260803e+02, 3.39345276e+02, 1.11246300e+02, 2.66928253e+02,
    1.11362022e+02, 2.86205963e+02, 1.11808746e+02, 3.05371857e+02,
    1.12520569e+02, 3.24748901e+02, 1.13542976e+02, 3.44252289e+02,
    9.29825058e+01, 2.69067596e+02, 9.32495270e+01, 2.89124725e+02,
    9.36228867e+01, 3.09156097e+02, 9.43611984e+01, 3.29191620e+02,
    9.54162445e+01, 3.49382568e+02, 7.32266541e+01, 2.71398468e+02,
    7.38260651e+01, 2.92229950e+02, 7.42139664e+01, 3.13019470e+02,
    7.48894119e+01, 3.33803345e+02, 7.61183319e+01, 3.54772522e+02,
    5.19903603e+01, 2.73730713e+02, 5.27249107e+01, 2.95459015e+02,
    5.32939758e+01, 3.17070648e+02, 5.42616653e+01, 3.38762756e+02,
    5.54951477e+01, 3.60018066e+02, 2.94213905e+01, 2.76158936e+02,
    3.01152115e+01, 2.98819305e+02, 3.11842346e+01, 3.21210571e+02,
    3.25030136e+01, 3.43583282e+02, 3.40283241e+01, 3.65736481e+02,
    2.83896065e+00, 2.78380920e+02, 1.89804518e+00, 3.02775085e+02,
    8.17980862e+00, 3.25365662e+02, 9.74488640e+00, 3.48358093e+02,
    1.18290863e+01, 3.70801025e+02 ]
