%YAML:1.0
---
points: [ 4.87810150e+02, 7.02694275e+02, 4.89328613e+02, 7.56144714e+02,
    4.90125580e+02, 8.09837341e+02, 4.92302338e+02, 8.64211121e+02,
    4.94264038e+02, 9.18831299e+02, 4.35106750e+02, 7.08898926e+02,
    4.35792480e+02, 7.64798767e+02, 4.36690430e+02, 8.20687805e+02,
    4.38596161e+02, 8.77156616e+02, 4.40722412e+02, 9.34472351e+02,
    3.77309204e+02, 7.15858093e+02, 3.78030579e+02, 7.74049866e+02,
    3.79058441e+02, 8.32537903e+02, 3.80427856e+02, 8.91420044e+02,
    3.82480927e+02, 9.50889221e+02, 3.14453522e+02, 7.23251892e+02,
    3.15741882e+02, 7.83996826e+02, 3.16209015e+02, 8.44985413e+02,
    3.17413971e+02, 9.06698730e+02, 3.19393219e+02, 9.68897644e+02,
    2.45465714e+02, 7.31061279e+02, 2.47143143e+02, 7.94864441e+02,
    2.47932922e+02, 8.58834595e+02, 2.48857422e+02, 9.23138977e+02,
    2.50346970e+02, 9.87778625e+02, 1.70962204e+02, 7.39683044e+02,
    1.72295288e+02, 8.06684814e+02, 1.73666351e+02, 8.73654724e+02,
    1.74614929e+02, 9.40859924e+02, 1.75854828e+02, 1.00871350e+03,
    8.98863754e+01, 7.49024109e+02, 9.12645340e+01, 8.19093140e+02,
    9.24095993e+01, 8.89728821e+02, 9.34159317e+01, 9.60431458e+02,
    9.45208511e+01, 1.03124060e+03 ]
