%YAML:1.0
---
points: [ 4.86802429e+02, 3.46152222e+02, 4.84957153e+02, 3.56871246e+02,
    4.83076904e+02, 3.67296387e+02, 4.81246887e+02, 3.77461548e+02,
    4.79326569e+02, 3.87465546e+02, 4.71542023e+02, 3.46669983e+02,
    4.70104889e+02, 3.57535980e+02, 4.68310608e+02, 3.67666168e+02,
    4.67020081e+02, 3.77916046e+02, 4.65328796e+02, 3.87795410e+02,
    4.56204498e+02, 3.46932861e+02, 4.54811920e+02, 3.57632172e+02,
    4.53800201e+02, 3.67953979e+02, 4.52376495e+02, 3.78011322e+02,
    4.51402985e+02, 3.88193024e+02, 4.40631897e+02, 3.46899963e+02,
    4.39879120e+02, 3.57819794e+02, 4.38781372e+02, 3.67917755e+02,
    4.38006805e+02, 3.78205200e+02, 4.37007996e+02, 3.88088531e+02,
    4.25045807e+02, 3.46884460e+02, 4.24575134e+02, 3.57657867e+02,
    4.24043091e+02, 3.67927826e+02, 4.23395355e+02, 3.77849182e+02,
    4.22926758e+02, 3.87815674e+02, 4.09709747e+02, 3.46667175e+02,
    4.09627350e+02, 3.57707642e+02, 4.09236877e+02, 3.67964691e+02,
    4.08926697e+02, 3.77888184e+02, 4.08531647e+02, 3.87564911e+02,
    3.94577576e+02, 3.46469635e+02, 3.94586670e+02, 3.57440125e+02,
    3.94786774e+02, 3.67844269e+02, 3.94606995e+02, 3.77758636e+02,
    3.94698395e+02, 3.86956909e+02 ]
