%YAML:1.0
---
points: [ 1.02316266e+03, 5.32031860e+02, 1.02530518e+03, 5.60934509e+02,
    1.02708936e+03, 5.89848633e+02, 1.02882935e+03, 6.18837708e+02,
    1.03097412e+03, 6.48085144e+02, 9.94546936e+02, 5.33748962e+02,
    9.96430176e+02, 5.62543213e+02, 9.98293030e+02, 5.91765625e+02,
    1.00019391e+03, 6.20571289e+02, 1.00200983e+03, 6.49958618e+02,
    9.65827637e+02, 5.35428284e+02, 9.67554810e+02, 5.64497620e+02,
    9.69385315e+02, 5.93525024e+02, 9.71304871e+02, 6.22703918e+02,
    9.73161926e+02, 6.51673828e+02, 9.36732544e+02, 5.37166077e+02,
    9.38811218e+02, 5.66350769e+02, 9.40480347e+02, 5.95387329e+02,
    9.42274109e+02, 6.24442444e+02, 9.44119690e+02, 6.53886536e+02,
    9.07805969e+02, 5.38865906e+02, 9.09561096e+02, 5.67939697e+02,
    9.11397583e+02, 5.97363647e+02, 9.13198425e+02, 6.26296326e+02,
    9.14960083e+02, 6.55573364e+02, 8.78580322e+02, 5.40673401e+02,
    8.80436340e+02, 5.69790405e+02, 8.82248413e+02, 5.98943665e+02,
    8.84055908e+02, 6.28397156e+02, 8.85545776e+02, 6.57617920e+02,
    8.49446045e+02, 5.42451050e+02, 8.51317261e+02, 5.71648621e+02,
    8.53126404e+02, 6.00785767e+02, 8.54539856e+02, 6.30074036e+02,
    8.56391296e+02, 6.59523865e+02 ]
