%YAML:1.0
---
points: [ 9.92104065e+02, 4.65573029e+02, 9.93650330e+02, 4.99572357e+02,
    9.95286194e+02, 5.33523071e+02, 9.96716553e+02, 5.67440002e+02,
    9.98230591e+02, 6.01599854e+02, 9.58404846e+02, 4.66961151e+02,
    9.59813965e+02, 5.01125488e+02, 9.61324646e+02, 5.35007935e+02,
    9.62920410e+02, 5.69142151e+02, 9.64430176e+02, 6.03098206e+02,
    9.24248291e+02, 4.68399902e+02, 9.25803833e+02, 5.02394196e+02,
    9.27360413e+02, 5.36470520e+02, 9.28599609e+02, 5.70594482e+02,
    9.30071533e+02, 6.04577759e+02, 8.90473755e+02, 4.69773315e+02,
    8.91828125e+02, 5.03603821e+02, 8.93376160e+02, 5.37968445e+02,
    8.94814575e+02, 5.71918274e+02, 8.96170105e+02, 6.06226135e+02,
    8.56196655e+02, 4.71287537e+02, 8.57664734e+02, 5.05123322e+02,
    8.59191162e+02, 5.39441345e+02, 8.60482666e+02, 5.73502502e+02,
    8.61943237e+02, 6.07624878e+02, 8.22284180e+02, 4.72479706e+02,
    8.23554077e+02, 5.06594727e+02, 8.24831421e+02, 5.40788574e+02,
    8.26412659e+02, 5.74978210e+02, 8.27585999e+02, 6.09176941e+02,
    7.87860352e+02, 4.73944122e+02, 7.89400757e+02, 5.08030273e+02,
    7.90677185e+02, 5.42299255e+02, 7.91920349e+02, 5.76392761e+02,
    7.93335144e+02, 6.10726624e+02 ]
