%YAML:1.0
---
points: [ 2.83649933e+02, 2.07854187e+02, 2.85949310e+02, 2.16922012e+02,
    2.88175629e+02, 2.26082855e+02, 2.90574524e+02, 2.35190964e+02,
    2.93075012e+02, 2.44464294e+02, 2.75595734e+02, 2.08944885e+02,
    2.77760284e+02, 2.18158463e+02, 2.79974121e+02, 2.27352554e+02,
    2.82354004e+02, 2.36656097e+02, 2.84939758e+02, 2.45950943e+02,
    2.67276459e+02, 2.09964188e+02, 2.69471802e+02, 2.19303833e+02,
    2.71683289e+02, 2.28666183e+02, 2.74054504e+02, 2.38087402e+02,
    2.76463501e+02, 2.47558517e+02, 2.58770111e+02, 2.11117081e+02,
    2.61034760e+02, 2.20534393e+02, 2.63150452e+02, 2.30019516e+02,
    2.65468506e+02, 2.39546829e+02, 2.67907196e+02, 2.49118454e+02,
    2.50053665e+02, 2.12357895e+02, 2.52310120e+02, 2.21789932e+02,
    2.54492004e+02, 2.31367249e+02, 2.56698456e+02, 2.41053528e+02,
    2.58988953e+02, 2.50783646e+02, 2.41198730e+02, 2.13508423e+02,
    2.43389954e+02, 2.23084122e+02, 2.45603119e+02, 2.32746445e+02,
    2.47785400e+02, 2.42638885e+02, 2.50029800e+02, 2.52493378e+02,
    2.32027710e+02, 2.14819183e+02, 2.34281372e+02, 2.24364166e+02,
    2.36441040e+02, 2.34288406e+02, 2.38589066e+02, 2.44128372e+02,
    2.40730957e+02, 2.54300629e+02 ]
