%YAML:1.0
---
points: [ 9.72005615e+02, 5.05437103e+02, 9.70547119e+02, 5.42653748e+02,
    9.69579468e+02, 5.78733398e+02, 9.66805298e+02, 6.14368286e+02,
    9.64477722e+02, 6.49245239e+02, 9.46154480e+02, 4.95878845e+02,
    9.45481812e+02, 5.32034607e+02, 9.44668701e+02, 5.67490112e+02,
    9.42630981e+02, 6.02268616e+02, 9.39851868e+02, 6.36410278e+02,
    9.21902222e+02, 4.86625458e+02, 9.21521484e+02, 5.22241394e+02,
    9.20921692e+02, 5.56773499e+02, 9.19440247e+02, 5.90695984e+02,
    9.17341064e+02, 6.24352722e+02, 8.99003174e+02, 4.77870056e+02,
    8.98346130e+02, 5.12600037e+02, 8.98324341e+02, 5.46534302e+02,
    8.97501892e+02, 5.79685425e+02, 8.95463623e+02, 6.12612549e+02,
    8.77511536e+02, 4.69433289e+02, 8.76660583e+02, 5.03571045e+02,
    8.76656494e+02, 5.36734497e+02, 8.76302124e+02, 5.69356995e+02,
    8.75466980e+02, 6.01382812e+02, 8.56484802e+02, 4.61486542e+02,
    8.56109680e+02, 4.94931610e+02, 8.55589111e+02, 5.27565247e+02,
    8.55641602e+02, 5.59373901e+02, 8.55379578e+02, 5.90679382e+02,
    8.36333496e+02, 4.53907837e+02, 8.36100525e+02, 4.86748444e+02,
    8.35946533e+02, 5.18807129e+02, 8.36256531e+02, 5.50034485e+02,
    8.36677917e+02, 5.80610779e+02 ]
