%YAML:1.0
---
points: [ 1.51579517e+03, 5.32972229e+02, 1.51517297e+03, 5.63556946e+02,
    1.51390881e+03, 5.94060181e+02, 1.51397546e+03, 6.24666138e+02,
    1.51373755e+03, 6.55488403e+02, 1.48681494e+03, 5.31606873e+02,
    1.48578748e+03, 5.62235596e+02, 1.48482324e+03, 5.92921021e+02,
    1.48465735e+03, 6.23626587e+02, 1.48469678e+03, 6.54577271e+02,
    1.45769116e+03, 5.30251770e+02, 1.45657642e+03, 5.61172363e+02,
    1.45557056e+03, 5.91837280e+02, 1.45510474e+03, 6.22625732e+02,
    1.45514478e+03, 6.53663574e+02, 1.42820752e+03, 5.29146423e+02,
    1.42751819e+03, 5.59874634e+02, 1.42631506e+03, 5.90670349e+02,
    1.42567639e+03, 6.21586548e+02, 1.42553967e+03, 6.52555237e+02,
    1.39832703e+03, 5.27893433e+02, 1.39767542e+03, 5.58628723e+02,
    1.39669312e+03, 5.89548340e+02, 1.39585071e+03, 6.20431335e+02,
    1.39544299e+03, 6.51404663e+02, 1.36874365e+03, 5.26552002e+02,
    1.36822693e+03, 5.57409485e+02, 1.36732166e+03, 5.88391418e+02,
    1.36635974e+03, 6.19360596e+02, 1.36550867e+03, 6.50444458e+02,
    1.33909631e+03, 5.25163635e+02, 1.33840808e+03, 5.56239441e+02,
    1.33765979e+03, 5.87249634e+02, 1.33676746e+03, 6.18412964e+02,
    1.33558252e+03, 6.49475159e+02 ]
