%YAML:1.0
---
points: [ 4.68734222e+02, 2.08827072e+02, 4.68601166e+02, 2.19185516e+02,
    4.67944458e+02, 2.29798309e+02, 4.67909729e+02, 2.40252625e+02,
    4.67826752e+02, 2.50961502e+02, 4.59390381e+02, 2.08135925e+02,
    4.58855042e+02, 2.18902191e+02, 4.58658569e+02, 2.29366348e+02,
    4.58467865e+02, 2.39935059e+02, 4.58299713e+02, 2.50608566e+02,
    4.49733032e+02, 2.07794052e+02, 4.49388092e+02, 2.18381332e+02,
    4.48857300e+02, 2.28831146e+02, 4.48706940e+02, 2.39597015e+02,
    4.48684143e+02, 2.50328796e+02, 4.39713898e+02, 2.07043808e+02,
    4.39609558e+02, 2.17838547e+02, 4.39119537e+02, 2.28572983e+02,
    4.38749237e+02, 2.39228180e+02, 4.38692444e+02, 2.49843246e+02,
    4.29791595e+02, 2.06755997e+02, 4.29611481e+02, 2.17411057e+02,
    4.29132996e+02, 2.28038940e+02, 4.28801910e+02, 2.38789734e+02,
    4.28560333e+02, 2.49581024e+02, 4.19755768e+02, 2.06159988e+02,
    4.19431122e+02, 2.16910645e+02, 4.19159027e+02, 2.27668182e+02,
    4.18786896e+02, 2.38404800e+02, 4.18480042e+02, 2.49061966e+02,
    4.09603760e+02, 2.05765366e+02, 4.09353027e+02, 2.16415634e+02,
    4.08918488e+02, 2.27152557e+02, 4.08622375e+02, 2.37821960e+02,
    4.08138733e+02, 2.48844666e+02 ]
