%YAML:1.0
---
points: [ 1.88054053e+03, 4.24913391e+02, 1.88221045e+03, 4.61298737e+02,
    1.88339062e+03, 4.97647583e+02, 1.88580505e+03, 5.34127563e+02,
    1.88821948e+03, 5.70778992e+02, 1.84205481e+03, 4.25191406e+02,
    1.84295825e+03, 4.61420959e+02, 1.84418933e+03, 4.97765594e+02,
    1.84638855e+03, 5.34152954e+02, 1.84902307e+03, 5.70690796e+02,
    1.80302075e+03, 4.25475494e+02, 1.80423657e+03, 4.61595612e+02,
    1.80546863e+03, 4.97861298e+02, 1.80704919e+03, 5.34195312e+02,
    1.80944067e+03, 5.70574280e+02, 1.76418323e+03, 4.25852386e+02,
    1.76552148e+03, 4.61762146e+02, 1.76643396e+03, 4.98050110e+02,
    1.76805237e+03, 5.34159668e+02, 1.77018030e+03, 5.70437622e+02,
    1.72519495e+03, 4.26506409e+02, 1.72669458e+03, 4.62116943e+02,
    1.72770068e+03, 4.98159241e+02, 1.72872461e+03, 5.34164368e+02,
    1.73046118e+03, 5.70358276e+02, 1.68649646e+03, 4.26910065e+02,
    1.68795312e+03, 4.62352325e+02, 1.68945264e+03, 4.98238007e+02,
    1.69025806e+03, 5.34089722e+02, 1.69137598e+03, 5.70229248e+02,
    1.64826990e+03, 4.27305389e+02, 1.64953271e+03, 4.62585327e+02,
    1.65075037e+03, 4.98318970e+02, 1.65170312e+03, 5.33954529e+02,
    1.65251245e+03, 5.69998047e+02 ]
