%YAML:1.0
---
points: [ 1.43225317e+03, 5.41678528e+02, 1.43762817e+03, 5.69663818e+02,
    1.44281714e+03, 5.98221008e+02, 1.44936572e+03, 6.26646423e+02,
    1.45569751e+03, 6.55682129e+02, 1.40952234e+03, 5.40534485e+02,
    1.41447778e+03, 5.69135254e+02, 1.41959326e+03, 5.97661072e+02,
    1.42578589e+03, 6.26625061e+02, 1.43248950e+03, 6.55704956e+02,
    1.38620203e+03, 5.39663086e+02, 1.39094507e+03, 5.68291504e+02,
    1.39619067e+03, 5.97337646e+02, 1.40171472e+03, 6.26444092e+02,
    1.40817065e+03, 6.56010498e+02, 1.36241284e+03, 5.38674622e+02,
    1.36750439e+03, 5.67448120e+02, 1.37219446e+03, 5.96783386e+02,
    1.37755188e+03, 6.26267212e+02, 1.38375146e+03, 6.56088196e+02,
    1.33776831e+03, 5.38060059e+02, 1.34308911e+03, 5.66726868e+02,
    1.34780408e+03, 5.96407959e+02, 1.35301099e+03, 6.26126709e+02,
    1.35842236e+03, 6.56367249e+02, 1.31315222e+03, 5.36899475e+02,
    1.31815967e+03, 5.66148682e+02, 1.32336963e+03, 5.95745056e+02,
    1.32801624e+03, 6.25857849e+02, 1.33321484e+03, 6.56378357e+02,
    1.28847681e+03, 5.35795593e+02, 1.29340417e+03, 5.65329651e+02,
    1.29820789e+03, 5.95213074e+02, 1.30266260e+03, 6.25531250e+02,
    1.30737939e+03, 6.56573364e+02 ]
