%YAML:1.0
---
points: [ 1.19592308e+02, 3.11332001e+02, 1.19608482e+02, 3.23254883e+02,
    1.19420906e+02, 3.35196106e+02, 1.19622406e+02, 3.47176788e+02,
    1.19892090e+02, 3.59160950e+02, 1.08808121e+02, 3.14109802e+02,
    1.08679779e+02, 3.26370544e+02, 1.08610985e+02, 3.38477509e+02,
    1.08789299e+02, 3.50808655e+02, 1.09170303e+02, 3.63014160e+02,
    9.74174118e+01, 3.16940704e+02, 9.73510971e+01, 3.29512726e+02,
    9.73321686e+01, 3.41940765e+02, 9.75264282e+01, 3.54471954e+02,
    9.79991913e+01, 3.66893402e+02, 8.54357529e+01, 3.19863373e+02,
    8.55895767e+01, 3.32782135e+02, 8.55480652e+01, 3.45483124e+02,
    8.57879257e+01, 3.58206543e+02, 8.62888565e+01, 3.71014038e+02,
    7.26236115e+01, 3.22988770e+02, 7.29663239e+01, 3.36166168e+02,
    7.31730881e+01, 3.49209412e+02, 7.34408493e+01, 3.62190857e+02,
    7.39816589e+01, 3.74882294e+02, 5.96915131e+01, 3.26143646e+02,
    5.99797249e+01, 3.39598663e+02, 6.04645042e+01, 3.53032196e+02,
    6.08580818e+01, 3.66101135e+02, 6.13581123e+01, 3.79232239e+02,
    4.59480286e+01, 3.29384277e+02, 4.65530167e+01, 3.43163147e+02,
    4.72508125e+01, 3.56810181e+02, 4.76546173e+01, 3.70232086e+02,
    4.86200409e+01, 3.83281189e+02 ]
