%YAML:1.0
---
points: [ 1.82438037e+03, 4.28860657e+02, 1.83164319e+03, 4.68288757e+02,
    1.83878027e+03, 5.07212830e+02, 1.84457617e+03, 5.46240234e+02,
    1.85035657e+03, 5.85177673e+02, 1.78213257e+03, 4.32473358e+02,
    1.78968787e+03, 4.70375031e+02, 1.79672070e+03, 5.07730988e+02,
    1.80271765e+03, 5.45494812e+02, 1.80805066e+03, 5.83224915e+02,
    1.74284546e+03, 4.35497925e+02, 1.75007593e+03, 4.72122559e+02,
    1.75734106e+03, 5.08477234e+02, 1.76349792e+03, 5.44832153e+02,
    1.76877991e+03, 5.81337280e+02, 1.70611182e+03, 4.38537689e+02,
    1.71269055e+03, 4.74165039e+02, 1.72024060e+03, 5.09167938e+02,
    1.72647485e+03, 5.44421509e+02, 1.73174463e+03, 5.79588074e+02,
    1.67156433e+03, 4.41229034e+02, 1.67810120e+03, 4.75786377e+02,
    1.68496216e+03, 5.09696991e+02, 1.69145325e+03, 5.43724121e+02,
    1.69727307e+03, 5.77671082e+02, 1.63864905e+03, 4.43987701e+02,
    1.64512903e+03, 4.77393768e+02, 1.65141187e+03, 5.10549713e+02,
    1.65824377e+03, 5.43461243e+02, 1.66444922e+03, 5.76237305e+02,
    1.60753113e+03, 4.46468628e+02, 1.61373181e+03, 4.78922150e+02,
    1.62031934e+03, 5.11221039e+02, 1.62680273e+03, 5.43092285e+02,
    1.63344800e+03, 5.74676575e+02 ]
