%YAML:1.0
---
points: [ 3.90066528e+02, 5.26187134e+02, 3.92516479e+02, 5.58744568e+02,
    3.95299866e+02, 5.91191589e+02, 3.96857361e+02, 6.23380676e+02,
    3.98582184e+02, 6.55840271e+02, 3.56449066e+02, 5.28226257e+02,
    3.59478149e+02, 5.60564209e+02, 3.61955750e+02, 5.93024048e+02,
    3.64171478e+02, 6.25519714e+02, 3.65454651e+02, 6.58156860e+02,
    3.23361481e+02, 5.30152466e+02, 3.26366882e+02, 5.62691895e+02,
    3.28899902e+02, 5.95392334e+02, 3.31114166e+02, 6.27716980e+02,
    3.32590485e+02, 6.60341675e+02, 2.90491150e+02, 5.32222473e+02,
    2.92738281e+02, 5.64688110e+02, 2.95827850e+02, 5.97192871e+02,
    2.97892090e+02, 6.29562561e+02, 2.99484436e+02, 6.62208740e+02,
    2.57423859e+02, 5.34220703e+02, 2.59698151e+02, 5.66792969e+02,
    2.62491730e+02, 5.99307007e+02, 2.65077057e+02, 6.31785950e+02,
    2.67091217e+02, 6.64470947e+02, 2.24275436e+02, 5.36136536e+02,
    2.26829727e+02, 5.68750366e+02, 2.28904556e+02, 6.01445435e+02,
    2.31723618e+02, 6.33829163e+02, 2.33861328e+02, 6.66404907e+02,
    1.90980576e+02, 5.38355286e+02, 1.93355423e+02, 5.70942993e+02,
    1.95936462e+02, 6.03485352e+02, 1.98419174e+02, 6.35942139e+02,
    2.01388077e+02, 6.68463989e+02 ]
