%YAML:1.0
---
points: [ 4.48775604e+02, 5.47321228e+02, 4.45777740e+02, 5.76920166e+02,
    4.42404633e+02, 6.07036133e+02, 4.39933655e+02, 6.37127502e+02,
    4.37444550e+02, 6.67340210e+02, 4.22821228e+02, 5.43551941e+02,
    4.19221893e+02, 5.73984192e+02, 4.15692688e+02, 6.04538818e+02,
    4.12945740e+02, 6.35467102e+02, 4.10542206e+02, 6.66618958e+02,
    3.95385925e+02, 5.39504700e+02, 3.91480286e+02, 5.70723022e+02,
    3.87640533e+02, 6.02213074e+02, 3.84607910e+02, 6.33944641e+02,
    3.81625580e+02, 6.66009521e+02, 3.65900146e+02, 5.35146057e+02,
    3.62441467e+02, 5.67271790e+02, 3.58358856e+02, 5.99599976e+02,
    3.54584778e+02, 6.32320435e+02, 3.51623199e+02, 6.65279968e+02,
    3.34632324e+02, 5.30640442e+02, 3.31418823e+02, 5.63761536e+02,
    3.27204590e+02, 5.97039917e+02, 3.23270386e+02, 6.30481201e+02,
    3.19398560e+02, 6.64354431e+02, 3.02341888e+02, 5.25866577e+02,
    2.98471771e+02, 5.59912354e+02, 2.94674194e+02, 5.94110413e+02,
    2.90353485e+02, 6.28624451e+02, 2.86063019e+02, 6.63427063e+02,
    2.68388580e+02, 5.20952698e+02, 2.64403687e+02, 5.55780029e+02,
    2.60037750e+02, 5.91138733e+02, 2.55393784e+02, 6.26521057e+02,
    2.50544403e+02, 6.62298157e+02 ]
