%YAML:1.0
---
points: [ 3.80647949e+02, 5.28008240e+02, 3.66054413e+02, 5.58431885e+02,
    3.50892853e+02, 5.88380920e+02, 3.37238983e+02, 6.19131897e+02,
    3.23472321e+02, 6.49724670e+02, 3.56563690e+02, 5.27058228e+02,
    3.40984833e+02, 5.58169495e+02, 3.25572266e+02, 5.89125793e+02,
    3.11357269e+02, 6.20660095e+02, 2.97587250e+02, 6.52663818e+02,
    3.30410767e+02, 5.25627258e+02, 3.14571594e+02, 5.57820801e+02,
    2.98621857e+02, 5.90158752e+02, 2.83554352e+02, 6.22617126e+02,
    2.69596558e+02, 6.55464661e+02, 3.02410248e+02, 5.24299011e+02,
    2.86530975e+02, 5.57774841e+02, 2.69821533e+02, 5.90957703e+02,
    2.54397217e+02, 6.24464172e+02, 2.39668304e+02, 6.58634338e+02,
    2.71889618e+02, 5.22406433e+02, 2.56057800e+02, 5.57503479e+02,
    2.39204636e+02, 5.91967285e+02, 2.22797119e+02, 6.26493958e+02,
    2.07211594e+02, 6.61372803e+02, 2.39962677e+02, 5.20677551e+02,
    2.23278442e+02, 5.57177002e+02, 2.06659103e+02, 5.93286011e+02,
    1.89409973e+02, 6.28917480e+02, 1.72791977e+02, 6.64882935e+02,
    2.05541962e+02, 5.19109741e+02, 1.88503357e+02, 5.56977539e+02,
    1.71161346e+02, 5.94451233e+02, 1.53645142e+02, 6.31508606e+02,
    1.35946091e+02, 6.68384521e+02 ]
