%YAML:1.0
---
points: [ 1.00575946e+03, 7.08086014e+01, 1.00648486e+03, 1.04108551e+02,
    1.00718005e+03, 1.37801941e+02, 1.00787604e+03, 1.70616623e+02,
    1.00868506e+03, 2.03677658e+02, 9.71711975e+02, 6.98519135e+01,
    9.72461426e+02, 1.03569206e+02, 9.73215088e+02, 1.37286697e+02,
    9.73778564e+02, 1.70360031e+02, 9.74532227e+02, 2.03371094e+02,
    9.37764221e+02, 6.92023697e+01, 9.38379089e+02, 1.02796837e+02,
    9.38888367e+02, 1.36566589e+02, 9.39476440e+02, 1.70014404e+02,
    9.40182312e+02, 2.03217468e+02, 9.03466980e+02, 6.85973053e+01,
    9.04079468e+02, 1.02147278e+02, 9.04708069e+02, 1.36062149e+02,
    9.05217590e+02, 1.69677170e+02, 9.05694763e+02, 2.02766525e+02,
    8.69211182e+02, 6.82023010e+01, 8.69659729e+02, 1.01558037e+02,
    8.70252869e+02, 1.35407700e+02, 8.70584045e+02, 1.69307693e+02,
    8.71015747e+02, 2.02757217e+02, 8.34485168e+02, 6.73541336e+01,
    8.35021973e+02, 1.01018646e+02, 8.35460754e+02, 1.34496475e+02,
    8.35861877e+02, 1.68463806e+02, 8.36305603e+02, 2.02466934e+02,
    7.99890259e+02, 6.64467087e+01, 8.00331970e+02, 9.98548584e+01,
    8.00711243e+02, 1.33737366e+02, 8.01077087e+02, 1.67757767e+02,
    8.01430237e+02, 2.02141754e+02 ]
