%YAML:1.0
---
points: [ 4.79480255e+02, 4.27962761e+01, 4.80911469e+02, 5.42792931e+01,
    4.81871246e+02, 6.64191055e+01, 4.83034454e+02, 7.81114349e+01,
    4.83887177e+02, 9.03108292e+01, 4.67000854e+02, 4.45736732e+01,
    4.68002869e+02, 5.66366310e+01, 4.69057129e+02, 6.83008575e+01,
    4.69869141e+02, 8.02610931e+01, 4.70594727e+02, 9.19559250e+01,
    4.54273865e+02, 4.71786995e+01, 4.55377045e+02, 5.85884514e+01,
    4.56088593e+02, 7.05643387e+01, 4.56914185e+02, 8.21782608e+01,
    4.57599945e+02, 9.40563049e+01, 4.41975189e+02, 4.93277855e+01,
    4.42686096e+02, 6.10896988e+01, 4.43526917e+02, 7.26110458e+01,
    4.44014679e+02, 8.44001389e+01, 4.44628265e+02, 9.60067749e+01,
    4.29584290e+02, 5.20830650e+01, 4.30329315e+02, 6.32808647e+01,
    4.30904053e+02, 7.49548569e+01, 4.31577087e+02, 8.64871826e+01,
    4.31970856e+02, 9.81125641e+01, 4.17644989e+02, 5.44399757e+01,
    4.18081421e+02, 6.58188019e+01, 4.18710022e+02, 7.71229553e+01,
    4.19111603e+02, 8.86465683e+01, 4.19585602e+02, 1.00091209e+02,
    4.05640564e+02, 5.70899086e+01, 4.06267639e+02, 6.81847076e+01,
    4.06754242e+02, 7.93572311e+01, 4.07147614e+02, 9.07871780e+01,
    4.07588440e+02, 1.02106270e+02 ]
