%YAML:1.0
---
points: [ 1.10767297e+03, 1.07883965e+02, 1.08638611e+03, 1.44858063e+02,
    1.06566858e+03, 1.81189056e+02, 1.04441284e+03, 2.15666443e+02,
    1.02353339e+03, 2.49498077e+02, 1.08206042e+03, 9.46620712e+01,
    1.06170056e+03, 1.31391922e+02, 1.04171826e+03, 1.66882553e+02,
    1.02135565e+03, 2.01125412e+02, 1.00074542e+03, 2.34133545e+02,
    1.05758203e+03, 8.22553482e+01, 1.03805884e+03, 1.18185471e+02,
    1.01866229e+03, 1.53166031e+02, 9.99304077e+02, 1.86975677e+02,
    9.79403564e+02, 2.19486206e+02, 1.03445679e+03, 7.02919693e+01,
    1.01513562e+03, 1.05411301e+02, 9.96650696e+02, 1.40037415e+02,
    9.77831116e+02, 1.73316147e+02, 9.58633240e+02, 2.05427856e+02,
    1.01237878e+03, 5.90726852e+01, 9.93423950e+02, 9.33924255e+01,
    9.75323730e+02, 1.27322289e+02, 9.57453430e+02, 1.60281616e+02,
    9.39386230e+02, 1.92195908e+02, 9.90857727e+02, 4.78336945e+01,
    9.72498535e+02, 8.16636353e+01, 9.54521851e+02, 1.14858231e+02,
    9.37387573e+02, 1.47401474e+02, 9.20296814e+02, 1.79135315e+02,
    9.69833801e+02, 3.70135918e+01, 9.52058167e+02, 7.03411789e+01,
    9.34770874e+02, 1.02911812e+02, 9.18214600e+02, 1.35153061e+02,
    9.01879211e+02, 1.66514557e+02 ]
