%YAML:1.0
---
points: [ 1.55314551e+03, 3.50510292e+01, 1.55441052e+03, 7.21661911e+01,
    1.55554688e+03, 1.09292076e+02, 1.55669153e+03, 1.45664444e+02,
    1.55765906e+03, 1.82464539e+02, 1.51165637e+03, 4.53043137e+01,
    1.51308032e+03, 8.18567886e+01, 1.51435986e+03, 1.18347137e+02,
    1.51533337e+03, 1.54410568e+02, 1.51623401e+03, 1.90241562e+02,
    1.47176343e+03, 5.53652458e+01, 1.47325598e+03, 9.12149658e+01,
    1.47442920e+03, 1.27065125e+02, 1.47533679e+03, 1.62451645e+02,
    1.47613672e+03, 1.97656250e+02, 1.43336365e+03, 6.50418472e+01,
    1.43441296e+03, 1.00093781e+02, 1.43583447e+03, 1.35371628e+02,
    1.43677856e+03, 1.70391983e+02, 1.43747900e+03, 2.04929504e+02,
    1.39629773e+03, 7.46618576e+01, 1.39736853e+03, 1.08902809e+02,
    1.39855603e+03, 1.43599411e+02, 1.39954126e+03, 1.77806793e+02,
    1.40048792e+03, 2.12377350e+02, 1.36036487e+03, 8.36383591e+01,
    1.36147766e+03, 1.17649094e+02, 1.36245520e+03, 1.51275146e+02,
    1.36353943e+03, 1.85352585e+02, 1.36441711e+03, 2.18858047e+02,
    1.32582117e+03, 9.24442749e+01, 1.32671436e+03, 1.25594864e+02,
    1.32782922e+03, 1.58997253e+02, 1.32869519e+03, 1.92227600e+02,
    1.32984509e+03, 2.25441208e+02 ]
