%YAML:1.0
---
points: [ 1.35840015e+03, 1.12642967e+02, 1.38047791e+03, 1.33507263e+02,
    1.40273840e+03, 1.54912964e+02, 1.42605212e+03, 1.75524994e+02,
    1.44991003e+03, 1.96711288e+02, 1.33564783e+03, 1.25335266e+02,
    1.35743042e+03, 1.46734283e+02, 1.37974670e+03, 1.68480103e+02,
    1.40290503e+03, 1.89660660e+02, 1.42684937e+03, 2.10720871e+02,
    1.31263708e+03, 1.38396988e+02, 1.33434961e+03, 1.60278198e+02,
    1.35657837e+03, 1.82184509e+02, 1.37945154e+03, 2.03825912e+02,
    1.40332434e+03, 2.25459442e+02, 1.28883044e+03, 1.51776794e+02,
    1.31086670e+03, 1.73489136e+02, 1.33289551e+03, 1.96029816e+02,
    1.35572058e+03, 2.18273376e+02, 1.37945056e+03, 2.40174759e+02,
    1.26464429e+03, 1.65795013e+02, 1.28668762e+03, 1.87557739e+02,
    1.30893567e+03, 2.10241959e+02, 1.33154297e+03, 2.32778503e+02,
    1.35475354e+03, 2.55683929e+02, 1.24028345e+03, 1.79632721e+02,
    1.26228210e+03, 2.01651871e+02, 1.28460498e+03, 2.24170334e+02,
    1.30718298e+03, 2.47402832e+02, 1.33031201e+03, 2.70672455e+02,
    1.21555713e+03, 1.93443497e+02, 1.23751709e+03, 2.15719467e+02,
    1.25987366e+03, 2.38561142e+02, 1.28234351e+03, 2.62212402e+02,
    1.30526550e+03, 2.86297119e+02 ]
