%YAML:1.0
---
points: [ 8.97854187e+02, 3.00941525e+01, 9.15092163e+02, 7.01925201e+01,
    9.31309387e+02, 1.08377388e+02, 9.47121399e+02, 1.45511490e+02,
    9.62265259e+02, 1.81228943e+02, 8.61488159e+02, 4.87135773e+01,
    8.79296936e+02, 8.81642532e+01, 8.96342834e+02, 1.25772362e+02,
    9.12636658e+02, 1.62351990e+02, 9.28358459e+02, 1.97623352e+02,
    8.25565002e+02, 6.72155380e+01, 8.44088440e+02, 1.05773262e+02,
    8.61658203e+02, 1.42948288e+02, 8.78579712e+02, 1.78883057e+02,
    8.94761780e+02, 2.13742691e+02, 7.90066528e+02, 8.51842804e+01,
    8.09261963e+02, 1.23415352e+02, 8.27532043e+02, 1.59900940e+02,
    8.45109985e+02, 1.95295547e+02, 8.61760376e+02, 2.29591278e+02,
    7.54912781e+02, 1.02851051e+02, 7.74700134e+02, 1.40799545e+02,
    7.93590027e+02, 1.76717133e+02, 8.11668945e+02, 2.11403229e+02,
    8.29069580e+02, 2.44864349e+02, 7.20243774e+02, 1.20580505e+02,
    7.40558289e+02, 1.57802231e+02, 7.60126465e+02, 1.93477417e+02,
    7.78749268e+02, 2.27428467e+02, 7.96651184e+02, 2.60411285e+02,
    6.85751221e+02, 1.38110626e+02, 7.06781921e+02, 1.74627914e+02,
    7.26881897e+02, 2.09803787e+02, 7.46281250e+02, 2.43322418e+02,
    7.64649109e+02, 2.75456940e+02 ]
