%YAML:1.0
---
points: [ 8.91140686e+02, 8.17495880e+01, 8.92774353e+02, 1.16239708e+02,
    8.94604797e+02, 1.50509232e+02, 8.95716492e+02, 1.84317551e+02,
    8.96950500e+02, 2.18051697e+02, 8.58476562e+02, 8.54372177e+01,
    8.60078857e+02, 1.19637718e+02, 8.61856995e+02, 1.53926804e+02,
    8.63204224e+02, 1.87514359e+02, 8.64358093e+02, 2.20847122e+02,
    8.26018311e+02, 8.90770035e+01, 8.27730469e+02, 1.23379059e+02,
    8.29479553e+02, 1.57239944e+02, 8.30985168e+02, 1.90807037e+02,
    8.32038513e+02, 2.24039856e+02, 7.93944885e+02, 9.28111267e+01,
    7.95735413e+02, 1.26524185e+02, 7.97516846e+02, 1.60542557e+02,
    7.99012939e+02, 1.93769974e+02, 8.00258667e+02, 2.27111542e+02,
    7.62285400e+02, 9.66499329e+01, 7.63942139e+02, 1.29927597e+02,
    7.65829407e+02, 1.63629745e+02, 7.67415771e+02, 1.97084915e+02,
    7.68943726e+02, 2.30214951e+02, 7.30917603e+02, 1.00270760e+02,
    7.32565125e+02, 1.33480316e+02, 7.34056702e+02, 1.66602280e+02,
    7.35854553e+02, 1.99842606e+02, 7.37492615e+02, 2.33183319e+02,
    6.99586670e+02, 1.03466972e+02, 7.01333496e+02, 1.36489975e+02,
    7.02834412e+02, 1.69672150e+02, 7.04604797e+02, 2.02715347e+02,
    7.06500977e+02, 2.35710403e+02 ]
