%YAML:1.0
---
points: [ 8.28701843e+02, 6.44612350e+01, 8.40371460e+02, 1.02374290e+02,
    8.51255920e+02, 1.38458359e+02, 8.62248962e+02, 1.73414108e+02,
    8.72586487e+02, 2.06767548e+02, 7.96060974e+02, 7.90178909e+01,
    8.08245117e+02, 1.16781296e+02, 8.19893188e+02, 1.52963043e+02,
    8.31550842e+02, 1.87741760e+02, 8.43128967e+02, 2.21223465e+02,
    7.62410278e+02, 9.37471924e+01, 7.75662903e+02, 1.31599396e+02,
    7.88282532e+02, 1.67622787e+02, 8.00649292e+02, 2.02329498e+02,
    8.12684265e+02, 2.35786591e+02, 7.28294128e+02, 1.08645706e+02,
    7.42610535e+02, 1.46597336e+02, 7.56036499e+02, 1.82618561e+02,
    7.69077942e+02, 2.17029465e+02, 7.82000122e+02, 2.50469467e+02,
    6.93273438e+02, 1.23676170e+02, 7.08802856e+02, 1.61822342e+02,
    7.23268982e+02, 1.97675415e+02, 7.36966431e+02, 2.32156738e+02,
    7.50405518e+02, 2.65100433e+02, 6.57784607e+02, 1.39310760e+02,
    6.74309387e+02, 1.77196014e+02, 6.89867554e+02, 2.13336487e+02,
    7.04515808e+02, 2.47494217e+02, 7.18523804e+02, 2.80399994e+02,
    6.21631348e+02, 1.55079651e+02, 6.39328552e+02, 1.92851898e+02,
    6.55821594e+02, 2.28884583e+02, 6.71487061e+02, 2.63169128e+02,
    6.86197449e+02, 2.95551117e+02 ]
