%YAML:1.0
---
points: [ 1.55347437e+03, 2.68066139e+01, 1.57797827e+03, 5.42725792e+01,
    1.60216406e+03, 8.15213623e+01, 1.62637988e+03, 1.08687088e+02,
    1.65052869e+03, 1.35949738e+02, 1.52020459e+03, 5.67132950e+01,
    1.54431287e+03, 8.35933914e+01, 1.56811792e+03, 1.10392860e+02,
    1.59208264e+03, 1.36950928e+02, 1.61598535e+03, 1.63689087e+02,
    1.48767017e+03, 8.57571716e+01, 1.51148840e+03, 1.12051231e+02,
    1.53515234e+03, 1.38347015e+02, 1.55862256e+03, 1.64384842e+02,
    1.58236963e+03, 1.90599167e+02, 1.45628479e+03, 1.13827034e+02,
    1.47967603e+03, 1.39721375e+02, 1.50302258e+03, 1.65410660e+02,
    1.52625098e+03, 1.91066330e+02, 1.54951514e+03, 2.16726730e+02,
    1.42555493e+03, 1.41323410e+02, 1.44885364e+03, 1.66551086e+02,
    1.47190649e+03, 1.91630417e+02, 1.49468787e+03, 2.16787582e+02,
    1.51762781e+03, 2.41970398e+02, 1.39607861e+03, 1.67633438e+02,
    1.41898975e+03, 1.92473709e+02, 1.44167517e+03, 2.17287064e+02,
    1.46421240e+03, 2.41910675e+02, 1.48673669e+03, 2.66532562e+02,
    1.36737769e+03, 1.93294235e+02, 1.38993872e+03, 2.17654541e+02,
    1.41241089e+03, 2.42102020e+02, 1.43469543e+03, 2.66239136e+02,
    1.45684399e+03, 2.90199585e+02 ]
