%YAML:1.0
---
points: [ 1.09804680e+02, 5.19580498e+01, 1.09120117e+02, 6.39839783e+01,
    1.08486984e+02, 7.59820328e+01, 1.07538559e+02, 8.79176254e+01,
    1.06637512e+02, 9.96840286e+01, 9.86768646e+01, 5.15701103e+01,
    9.77424698e+01, 6.33983498e+01, 9.70649567e+01, 7.53758087e+01,
    9.60834122e+01, 8.71701355e+01, 9.51207809e+01, 9.89500732e+01,
    8.72128754e+01, 5.09647255e+01, 8.66357346e+01, 6.28856773e+01,
    8.57813187e+01, 7.46484451e+01, 8.49137268e+01, 8.65972137e+01,
    8.38549805e+01, 9.82689972e+01, 7.64408951e+01, 5.07595215e+01,
    7.53628464e+01, 6.24277458e+01, 7.47135849e+01, 7.42212219e+01,
    7.37499237e+01, 8.58519745e+01, 7.27504578e+01, 9.77328949e+01,
    6.54814987e+01, 5.04366646e+01, 6.45930481e+01, 6.19367294e+01,
    6.35482750e+01, 7.37098465e+01, 6.28135452e+01, 8.54822540e+01,
    6.18664589e+01, 9.70140686e+01, 5.49479828e+01, 5.02581024e+01,
    5.36985664e+01, 6.16414070e+01, 5.28267708e+01, 7.32950897e+01,
    5.18905716e+01, 8.47127228e+01, 5.10196686e+01, 9.66216736e+01,
    4.43183365e+01, 4.99342690e+01, 4.32875061e+01, 6.15861206e+01,
    4.22574997e+01, 7.27020645e+01, 4.14034958e+01, 8.45692368e+01,
    4.06124420e+01, 9.58724670e+01 ]
