%YAML:1.0
---
points: [ 4.86766785e+02, 1.23274055e+02, 4.83505493e+02, 1.54665314e+02,
    4.79689087e+02, 1.86027283e+02, 4.76860260e+02, 2.17246719e+02,
    4.74106537e+02, 2.48479202e+02, 4.57775421e+02, 1.10208427e+02,
    4.53926300e+02, 1.42446030e+02, 4.49994263e+02, 1.74485672e+02,
    4.47161896e+02, 2.06526703e+02, 4.44370117e+02, 2.38583038e+02,
    4.26985321e+02, 9.64486771e+01, 4.22954376e+02, 1.29440430e+02,
    4.19106293e+02, 1.62472565e+02, 4.15647644e+02, 1.95319000e+02,
    4.12720367e+02, 2.28134872e+02, 3.94470306e+02, 8.20996552e+01,
    3.90756531e+02, 1.15873314e+02, 3.86391083e+02, 1.49644867e+02,
    3.82618195e+02, 1.83481766e+02, 3.79613251e+02, 2.17318008e+02,
    3.59890991e+02, 6.70605469e+01, 3.56225952e+02, 1.01544693e+02,
    3.52096283e+02, 1.36439117e+02, 3.48130219e+02, 1.71089859e+02,
    3.44316833e+02, 2.05712357e+02, 3.23936829e+02, 5.10230675e+01,
    3.19913452e+02, 8.64677505e+01, 3.16141663e+02, 1.22254036e+02,
    3.11686493e+02, 1.57858521e+02, 3.07496033e+02, 1.93477829e+02,
    2.86338074e+02, 3.43153152e+01, 2.82125793e+02, 7.07152252e+01,
    2.77786652e+02, 1.07351227e+02, 2.73444275e+02, 1.44086014e+02,
    2.68841675e+02, 1.80804565e+02 ]
