%YAML:1.0
---
points: [ 5.72543152e+02, 1.81603256e+02, 5.51103149e+02, 2.09243546e+02,
    5.29809143e+02, 2.36649826e+02, 5.07643555e+02, 2.63391602e+02,
    4.85447266e+02, 2.90218109e+02, 5.48646973e+02, 1.61905853e+02,
    5.27719666e+02, 1.89576324e+02, 5.06630859e+02, 2.16935089e+02,
    4.84813049e+02, 2.43556503e+02, 4.62470306e+02, 2.69974304e+02,
    5.25423340e+02, 1.42643784e+02, 5.04576538e+02, 1.70185944e+02,
    4.83624847e+02, 1.97370758e+02, 4.62381500e+02, 2.24163849e+02,
    4.40312744e+02, 2.50425980e+02, 5.02620026e+02, 1.23809372e+02,
    4.81588654e+02, 1.50809021e+02, 4.61247375e+02, 1.78185089e+02,
    4.40038818e+02, 2.04748596e+02, 4.18234497e+02, 2.31068222e+02,
    4.80481079e+02, 1.05549355e+02, 4.59298523e+02, 1.32188629e+02,
    4.38736694e+02, 1.59142181e+02, 4.18011871e+02, 1.85717285e+02,
    3.96865082e+02, 2.12152649e+02, 4.58059418e+02, 8.71236649e+01,
    4.37273071e+02, 1.13649719e+02, 4.16343048e+02, 1.40162155e+02,
    3.95878357e+02, 1.66704285e+02, 3.75142395e+02, 1.93087753e+02,
    4.35933411e+02, 6.87862244e+01, 4.15148895e+02, 9.51852951e+01,
    3.94505585e+02, 1.21591347e+02, 3.74158051e+02, 1.47951523e+02,
    3.54119751e+02, 1.74494843e+02 ]
