%YAML:1.0
---
points: [ 1.47595673e+02, 8.54973984e+01, 1.40070206e+02, 9.50518799e+01,
    1.32695786e+02, 1.04416824e+02, 1.24848396e+02, 1.13658325e+02,
    1.17202621e+02, 1.22746834e+02, 1.39342789e+02, 7.88197937e+01,
    1.32118912e+02, 8.82977905e+01, 1.24653542e+02, 9.76806412e+01,
    1.17085480e+02, 1.06828629e+02, 1.09296265e+02, 1.15955513e+02,
    1.31391220e+02, 7.22851105e+01, 1.24117775e+02, 8.16925812e+01,
    1.16836998e+02, 9.10235596e+01, 1.09342155e+02, 1.00231224e+02,
    1.01763596e+02, 1.09191109e+02, 1.23653534e+02, 6.60627747e+01,
    1.16284180e+02, 7.52126694e+01, 1.09147491e+02, 8.45468750e+01,
    1.01860474e+02, 9.36766739e+01, 9.42696991e+01, 1.02646843e+02,
    1.16158775e+02, 5.98638191e+01, 1.08776138e+02, 6.90091629e+01,
    1.01659393e+02, 7.81873703e+01, 9.43939438e+01, 8.73066330e+01,
    8.71847534e+01, 9.62638016e+01, 1.08684525e+02, 5.40371399e+01,
    1.01451653e+02, 6.28288879e+01, 9.41513138e+01, 7.19864502e+01,
    8.71691742e+01, 8.09419327e+01, 7.99648895e+01, 9.00165939e+01,
    1.01445129e+02, 4.79007797e+01, 9.41191940e+01, 5.70724716e+01,
    8.71101685e+01, 6.57965622e+01, 8.00103378e+01, 7.49402695e+01,
    7.31263885e+01, 8.38119888e+01 ]
