%YAML:1.0
---
points: [ 4.92979462e+02, 3.13667358e+02, 4.92322906e+02, 3.25405701e+02,
    4.91452057e+02, 3.37566620e+02, 4.90573059e+02, 3.49354980e+02,
    4.89648590e+02, 3.61380920e+02, 4.80705139e+02, 3.12919189e+02,
    4.79898651e+02, 3.25072021e+02, 4.78966980e+02, 3.36872345e+02,
    4.78353058e+02, 3.49062225e+02, 4.77511475e+02, 3.60843262e+02,
    4.67751953e+02, 3.12673981e+02, 4.67182800e+02, 3.24562531e+02,
    4.66670105e+02, 3.36663940e+02, 4.65812714e+02, 3.48519257e+02,
    4.65192230e+02, 3.60504639e+02, 4.54914124e+02, 3.11724945e+02,
    4.54463837e+02, 3.23946899e+02, 4.53755371e+02, 3.35761871e+02,
    4.53203979e+02, 3.47924255e+02, 4.52550446e+02, 3.59703400e+02,
    4.41925903e+02, 3.10949890e+02, 4.41725189e+02, 3.23215363e+02,
    4.41037506e+02, 3.35088715e+02, 4.40551666e+02, 3.46840485e+02,
    4.39961761e+02, 3.58856354e+02, 4.29131744e+02, 3.10377258e+02,
    4.28784363e+02, 3.22468933e+02, 4.28462463e+02, 3.34483307e+02,
    4.27923706e+02, 3.46231049e+02, 4.27401672e+02, 3.57945251e+02,
    4.16291382e+02, 3.09659576e+02, 4.16024017e+02, 3.21624023e+02,
    4.15807617e+02, 3.33615021e+02, 4.15326294e+02, 3.45452118e+02,
    4.14884888e+02, 3.57046997e+02 ]
