%YAML:1.0
---
points: [ 4.84541565e+02, 3.18506012e+02, 4.83799561e+02, 3.31071716e+02,
    4.83194397e+02, 3.43767639e+02, 4.82032867e+02, 3.56103119e+02,
    4.80885284e+02, 3.68564575e+02, 4.71928253e+02, 3.15482574e+02,
    4.71669312e+02, 3.28174683e+02, 4.71081177e+02, 3.40221619e+02,
    4.70278290e+02, 3.52649414e+02, 4.69050812e+02, 3.64627502e+02,
    4.59985596e+02, 3.12727570e+02, 4.59801605e+02, 3.24834473e+02,
    4.59470825e+02, 3.37059662e+02, 4.58765533e+02, 3.48881256e+02,
    4.57829712e+02, 3.60997101e+02, 4.48716858e+02, 3.09971588e+02,
    4.48369720e+02, 3.21851776e+02, 4.48064301e+02, 3.33684875e+02,
    4.47663849e+02, 3.45373169e+02, 4.46725403e+02, 3.57090149e+02,
    4.37702179e+02, 3.07261841e+02, 4.37294159e+02, 3.18871887e+02,
    4.37004028e+02, 3.30414673e+02, 4.36821930e+02, 3.41840942e+02,
    4.36267212e+02, 3.53346497e+02, 4.27031250e+02, 3.04541473e+02,
    4.26812927e+02, 3.16021179e+02, 4.26576691e+02, 3.27361633e+02,
    4.26334290e+02, 3.38476990e+02, 4.25874237e+02, 3.49669067e+02,
    4.16860718e+02, 3.02122131e+02, 4.16659027e+02, 3.13190521e+02,
    4.16556396e+02, 3.24283875e+02, 4.16272644e+02, 3.35351593e+02,
    4.16138123e+02, 3.46264404e+02 ]
