%YAML:1.0
---
points: [ 1.55857117e+03, 8.55468567e+02, 1.55861743e+03, 8.93705017e+02,
    1.55886816e+03, 9.31866882e+02, 1.55804419e+03, 9.70404175e+02,
    1.55711865e+03, 1.00869263e+03, 1.52040979e+03, 8.45570923e+02,
    1.52106970e+03, 8.82820129e+02, 1.52137329e+03, 9.19783264e+02,
    1.52060522e+03, 9.57174927e+02, 1.51936804e+03, 9.94452759e+02,
    1.48464124e+03, 8.36479126e+02, 1.48522876e+03, 8.72380310e+02,
    1.48550464e+03, 9.08518921e+02, 1.48525085e+03, 9.44588013e+02,
    1.48431726e+03, 9.80888062e+02, 1.45106885e+03, 8.27665405e+02,
    1.45119763e+03, 8.62669067e+02, 1.45195544e+03, 8.97640808e+02,
    1.45178931e+03, 9.32673767e+02, 1.45074133e+03, 9.67931519e+02,
    1.41956787e+03, 8.19233337e+02, 1.41941052e+03, 8.53510559e+02,
    1.42004163e+03, 8.87496521e+02, 1.42016174e+03, 9.21565369e+02,
    1.41979163e+03, 9.55698120e+02, 1.38944116e+03, 8.11532043e+02,
    1.38949463e+03, 8.44660828e+02, 1.38940283e+03, 8.77826660e+02,
    1.38975256e+03, 9.11089478e+02, 1.38965613e+03, 9.44278931e+02,
    1.36055591e+03, 8.03834839e+02, 1.36051990e+03, 8.36369202e+02,
    1.36062988e+03, 8.68689514e+02, 1.36084265e+03, 9.01066650e+02,
    1.36143079e+03, 9.33279602e+02 ]
