%YAML:1.0
---
points: [ 4.59032654e+02, 3.06134674e+02, 4.62337738e+02, 3.17145721e+02,
    4.65553192e+02, 3.28071930e+02, 4.68826294e+02, 3.38930634e+02,
    4.72176666e+02, 3.49784515e+02, 4.48953430e+02, 3.10967865e+02,
    4.52292450e+02, 3.22103607e+02, 4.55332184e+02, 3.33042267e+02,
    4.58958282e+02, 3.44008911e+02, 4.62253143e+02, 3.54905426e+02,
    4.38501221e+02, 3.15935730e+02, 4.41944031e+02, 3.27061188e+02,
    4.45364105e+02, 3.38131805e+02, 4.48725800e+02, 3.49103271e+02,
    4.52374725e+02, 3.59990051e+02, 4.27948090e+02, 3.20744507e+02,
    4.31608643e+02, 3.32069153e+02, 4.34958191e+02, 3.43172028e+02,
    4.38526245e+02, 3.54184326e+02, 4.42003357e+02, 3.65174713e+02,
    4.17135590e+02, 3.25672974e+02, 4.20938354e+02, 3.37058319e+02,
    4.24485718e+02, 3.48238129e+02, 4.27929840e+02, 3.59250702e+02,
    4.31626495e+02, 3.70183716e+02, 4.06221283e+02, 3.30578796e+02,
    4.10220886e+02, 3.42062073e+02, 4.13976501e+02, 3.53424896e+02,
    4.17541901e+02, 3.64401642e+02, 4.20991089e+02, 3.75443665e+02,
    3.95323395e+02, 3.35684052e+02, 3.99253357e+02, 3.47174988e+02,
    4.03264465e+02, 3.58468658e+02, 4.06783752e+02, 3.69748779e+02,
    4.10408417e+02, 3.80570557e+02 ]
