%YAML:1.0
---
points: [ 2.93833496e+02, 3.09281677e+02, 2.93904266e+02, 3.21424316e+02,
    2.93922668e+02, 3.33601044e+02, 2.94029297e+02, 3.45844635e+02,
    2.94149506e+02, 3.58251526e+02, 2.81932983e+02, 3.09261963e+02,
    2.82023682e+02, 3.21302063e+02, 2.82088898e+02, 3.33527771e+02,
    2.82169495e+02, 3.45800781e+02, 2.82129333e+02, 3.58209229e+02,
    2.70042023e+02, 3.09303833e+02, 2.70126282e+02, 3.21359741e+02,
    2.70111786e+02, 3.33539551e+02, 2.70136627e+02, 3.45816406e+02,
    2.70160706e+02, 3.58055542e+02, 2.58182648e+02, 3.09301727e+02,
    2.58272858e+02, 3.21420013e+02, 2.58189331e+02, 3.33550415e+02,
    2.58190887e+02, 3.45780884e+02, 2.58038910e+02, 3.58071899e+02,
    2.46258316e+02, 3.09281586e+02, 2.46262787e+02, 3.21447540e+02,
    2.46253891e+02, 3.33615875e+02, 2.46174011e+02, 3.45739502e+02,
    2.46165955e+02, 3.57924347e+02, 2.34361877e+02, 3.09273956e+02,
    2.34361710e+02, 3.21454529e+02, 2.34255569e+02, 3.33705811e+02,
    2.34215591e+02, 3.45841766e+02, 2.34119492e+02, 3.58038055e+02,
    2.22455444e+02, 3.09298218e+02, 2.22318024e+02, 3.21473450e+02,
    2.22312698e+02, 3.33790924e+02, 2.22249832e+02, 3.45963470e+02,
    2.22220139e+02, 3.57997803e+02 ]
