%YAML:1.0
---
points: [ 2.57399811e+02, 3.06901825e+02, 2.62194122e+02, 3.17362671e+02,
    2.67006897e+02, 3.27821686e+02, 2.71791412e+02, 3.38265625e+02,
    2.76573456e+02, 3.48743164e+02, 2.46830704e+02, 3.13092712e+02,
    2.51700256e+02, 3.23607849e+02, 2.56480499e+02, 3.34029510e+02,
    2.61335297e+02, 3.44499054e+02, 2.66333557e+02, 3.55010925e+02,
    2.35986877e+02, 3.19391357e+02, 2.40994720e+02, 3.29908783e+02,
    2.45834015e+02, 3.40412903e+02, 2.50839386e+02, 3.50910187e+02,
    2.55809387e+02, 3.61391052e+02, 2.24852676e+02, 3.25659576e+02,
    2.30069260e+02, 3.36394318e+02, 2.35096237e+02, 3.46845001e+02,
    2.40124847e+02, 3.57320892e+02, 2.45112442e+02, 3.67984955e+02,
    2.13608948e+02, 3.32082886e+02, 2.18884918e+02, 3.42935669e+02,
    2.24021561e+02, 3.53476135e+02, 2.29099014e+02, 3.63927338e+02,
    2.34235458e+02, 3.74317963e+02, 2.02108902e+02, 3.38730927e+02,
    2.07487228e+02, 3.49530640e+02, 2.12796967e+02, 3.60294189e+02,
    2.18038956e+02, 3.70679901e+02, 2.23098633e+02, 3.81181946e+02,
    1.90486389e+02, 3.45441162e+02, 1.95959015e+02, 3.56332550e+02,
    2.01375519e+02, 3.67165497e+02, 2.06633804e+02, 3.77549622e+02,
    2.12073151e+02, 3.87685242e+02 ]
