%YAML:1.0
---
points: [ 3.29941895e+02, 3.36740967e+02, 3.23854889e+02, 3.47756927e+02,
    3.17884033e+02, 3.58789734e+02, 3.11700317e+02, 3.69782532e+02,
    3.05506775e+02, 3.80929108e+02, 3.19197052e+02, 3.29594452e+02,
    3.13393127e+02, 3.40494934e+02, 3.07435852e+02, 3.51317627e+02,
    3.01405426e+02, 3.62192444e+02, 2.95161987e+02, 3.72988495e+02,
    3.08923126e+02, 3.22680634e+02, 3.03149231e+02, 3.33333984e+02,
    2.97307281e+02, 3.44009125e+02, 2.91357758e+02, 3.54730011e+02,
    2.85318695e+02, 3.65468536e+02, 2.98955505e+02, 3.15931580e+02,
    2.93250427e+02, 3.26477539e+02, 2.87526672e+02, 3.36977081e+02,
    2.81682770e+02, 3.47512909e+02, 2.75575348e+02, 3.58032959e+02,
    2.89358276e+02, 3.09460205e+02, 2.83652374e+02, 3.19784027e+02,
    2.77993530e+02, 3.30088959e+02, 2.72225647e+02, 3.40468323e+02,
    2.66395721e+02, 3.50898865e+02, 2.79963837e+02, 3.03205078e+02,
    2.74319733e+02, 3.13319000e+02, 2.68669159e+02, 3.23499786e+02,
    2.63033783e+02, 3.33635468e+02, 2.57246674e+02, 3.43908661e+02,
    2.70862793e+02, 2.97030731e+02, 2.65265015e+02, 3.07045288e+02,
    2.59686920e+02, 3.17015411e+02, 2.54088455e+02, 3.27110474e+02,
    2.48514755e+02, 3.37192749e+02 ]
