%YAML:1.0
---
points: [ 1.00755341e+03, 8.65346863e+02, 1.00711340e+03, 8.97683777e+02,
    1.00644293e+03, 9.29315063e+02, 1.00571954e+03, 9.61392517e+02,
    1.00511853e+03, 9.93022278e+02, 9.70501038e+02, 8.65215454e+02,
    9.70365295e+02, 8.97285706e+02, 9.70016418e+02, 9.28812195e+02,
    9.69593018e+02, 9.60637390e+02, 9.69335144e+02, 9.92640137e+02,
    9.33478210e+02, 8.64717957e+02, 9.33521240e+02, 8.96833618e+02,
    9.33567627e+02, 9.28511475e+02, 9.33492065e+02, 9.60244141e+02,
    9.33448486e+02, 9.92127747e+02, 8.96540222e+02, 8.64394043e+02,
    8.96946777e+02, 8.96722351e+02, 8.97375977e+02, 9.28270447e+02,
    8.97520142e+02, 9.59669983e+02, 8.97576843e+02, 9.91471497e+02,
    8.59576904e+02, 8.63564392e+02, 8.60319275e+02, 8.96460999e+02,
    8.60895752e+02, 9.28013550e+02, 8.61510803e+02, 9.59225098e+02,
    8.62033508e+02, 9.90423584e+02, 8.22561462e+02, 8.63306946e+02,
    8.23582703e+02, 8.96079468e+02, 8.24487183e+02, 9.28229065e+02,
    8.25489197e+02, 9.59125305e+02, 8.26505737e+02, 9.90165894e+02,
    7.85618164e+02, 8.63235596e+02, 7.86761902e+02, 8.96026550e+02,
    7.88077454e+02, 9.28081970e+02, 7.89529663e+02, 9.59108643e+02,
    7.90726257e+02, 9.89427124e+02 ]
