%YAML:1.0
---
points: [ 2.97659851e+02, 3.22651245e+02, 2.97076324e+02, 3.33945343e+02,
    2.96640778e+02, 3.44827393e+02, 2.96028809e+02, 3.55867401e+02,
    2.95655426e+02, 3.66798859e+02, 2.84732178e+02, 3.22394623e+02,
    2.84482025e+02, 3.33616821e+02, 2.83951294e+02, 3.44470306e+02,
    2.83722687e+02, 3.55601471e+02, 2.83288208e+02, 3.66657043e+02,
    2.71864410e+02, 3.22200928e+02, 2.71654877e+02, 3.33289185e+02,
    2.71484589e+02, 3.44227600e+02, 2.71140533e+02, 3.55244141e+02,
    2.70818115e+02, 3.66222626e+02, 2.59059875e+02, 3.21952637e+02,
    2.58934052e+02, 3.33260895e+02, 2.58792908e+02, 3.44062988e+02,
    2.58668945e+02, 3.55074066e+02, 2.58565979e+02, 3.65906769e+02,
    2.46326859e+02, 3.21566345e+02, 2.46202820e+02, 3.32998596e+02,
    2.46291824e+02, 3.43934509e+02, 2.46120041e+02, 3.54664154e+02,
    2.46046860e+02, 3.65374756e+02, 2.33561630e+02, 3.21298096e+02,
    2.33650681e+02, 3.32719360e+02, 2.33654022e+02, 3.43835968e+02,
    2.33736618e+02, 3.54538788e+02, 2.33698242e+02, 3.65172333e+02,
    2.20690460e+02, 3.21182587e+02, 2.20823135e+02, 3.32512146e+02,
    2.21058090e+02, 3.43689728e+02, 2.21265717e+02, 3.54402374e+02,
    2.21520203e+02, 3.64861664e+02 ]
