%YAML:1.0
---
points: [ 9.87538605e+01, 3.16803741e+02, 9.86081848e+01, 3.29616394e+02,
    9.88030243e+01, 3.42203369e+02, 9.84234772e+01, 3.54921295e+02,
    9.81709595e+01, 3.67527588e+02, 8.86451874e+01, 3.15513611e+02,
    8.87679214e+01, 3.27827728e+02, 8.88179932e+01, 3.40393951e+02,
    8.86545715e+01, 3.52788361e+02, 8.81962585e+01, 3.65385498e+02,
    7.88331985e+01, 3.13919830e+02, 7.90388489e+01, 3.26273590e+02,
    7.91712952e+01, 3.38487457e+02, 7.90679169e+01, 3.50791656e+02,
    7.88894653e+01, 3.63035400e+02, 6.96546326e+01, 3.12474640e+02,
    6.96265182e+01, 3.24626282e+02, 6.98461304e+01, 3.36763885e+02,
    6.99492645e+01, 3.48710236e+02, 6.96533051e+01, 3.60906311e+02,
    6.05669136e+01, 3.10932770e+02, 6.05427399e+01, 3.23037262e+02,
    6.08172913e+01, 3.34891998e+02, 6.08939171e+01, 3.46803467e+02,
    6.10984268e+01, 3.58493927e+02, 5.18014832e+01, 3.09582611e+02,
    5.18231430e+01, 3.21236847e+02, 5.17600365e+01, 3.33284851e+02,
    5.22738800e+01, 3.44757263e+02, 5.24272003e+01, 3.56469879e+02,
    4.31005936e+01, 3.07989044e+02, 4.31462173e+01, 3.19879883e+02,
    4.35019569e+01, 3.31351624e+02, 4.37331085e+01, 3.43074493e+02,
    4.42749710e+01, 3.54263580e+02 ]
