%YAML:1.0
---
points: [ 1.11598282e+02, 3.09382477e+02, 1.11462868e+02, 3.21283478e+02,
    1.11296585e+02, 3.33068878e+02, 1.11234207e+02, 3.44928345e+02,
    1.11341644e+02, 3.56893951e+02, 9.88353882e+01, 3.10872314e+02,
    9.87768097e+01, 3.22795593e+02, 9.86874924e+01, 3.34760651e+02,
    9.86783905e+01, 3.46866577e+02, 9.86434555e+01, 3.58882843e+02,
    8.58006973e+01, 3.12252441e+02, 8.57606277e+01, 3.24374207e+02,
    8.57670670e+01, 3.36494263e+02, 8.57324982e+01, 3.48639771e+02,
    8.59441757e+01, 3.60714874e+02, 7.26185837e+01, 3.13625763e+02,
    7.25841827e+01, 3.25926025e+02, 7.26045761e+01, 3.38174194e+02,
    7.27005920e+01, 3.50371857e+02, 7.27719650e+01, 3.62585419e+02,
    5.88397522e+01, 3.14871002e+02, 5.89632988e+01, 3.27481232e+02,
    5.91949081e+01, 3.39711334e+02, 5.93822746e+01, 3.52055054e+02,
    5.97555428e+01, 3.64175964e+02, 4.50830116e+01, 3.16292023e+02,
    4.52796745e+01, 3.28769836e+02, 4.55339241e+01, 3.41375153e+02,
    4.58781815e+01, 3.53653290e+02, 4.63002548e+01, 3.65937256e+02,
    3.10372715e+01, 3.17428467e+02, 3.13862629e+01, 3.30179718e+02,
    3.18022099e+01, 3.42788330e+02, 3.22500992e+01, 3.55235474e+02,
    3.30520935e+01, 3.67322144e+02 ]
