%YAML:1.0
---
points: [ 1.31218811e+02, 3.33378723e+02, 1.27987106e+02, 3.43478882e+02,
    1.24868736e+02, 3.53317657e+02, 1.21922089e+02, 3.63195099e+02,
    1.19209633e+02, 3.72806976e+02, 1.18070381e+02, 3.32966064e+02,
    1.15080658e+02, 3.43112000e+02, 1.12036751e+02, 3.52923859e+02,
    1.09259811e+02, 3.62948761e+02, 1.06284706e+02, 3.72831207e+02,
    1.04582764e+02, 3.32475098e+02, 1.01672539e+02, 3.42729614e+02,
    9.88512650e+01, 3.52759277e+02, 9.60484009e+01, 3.62661743e+02,
    9.36912155e+01, 3.72637817e+02, 9.06967545e+01, 3.31704407e+02,
    8.80953903e+01, 3.42259369e+02, 8.53419495e+01, 3.52393250e+02,
    8.28991547e+01, 3.62327393e+02, 8.02540054e+01, 3.72285278e+02,
    7.66175690e+01, 3.30807312e+02, 7.39548721e+01, 3.41687836e+02,
    7.15848236e+01, 3.51831909e+02, 6.91313248e+01, 3.61810455e+02,
    6.71797333e+01, 3.71670349e+02, 6.21043968e+01, 3.30016754e+02,
    5.97019501e+01, 3.40884125e+02, 5.74341812e+01, 3.51418945e+02,
    5.55359230e+01, 3.61348389e+02, 5.32787361e+01, 3.71216888e+02,
    4.72470322e+01, 3.29165253e+02, 4.51406479e+01, 3.40118103e+02,
    4.33068848e+01, 3.50697144e+02, 4.12948418e+01, 3.60719147e+02,
    3.99275208e+01, 3.70320312e+02 ]
