%YAML:1.0
---
points: [ 3.99530884e+02, 8.21911377e+02, 4.09087158e+02, 8.54507202e+02,
    4.18269836e+02, 8.86596130e+02, 4.27900116e+02, 9.18842102e+02,
    4.37443970e+02, 9.50781128e+02, 3.62138458e+02, 8.37471924e+02,
    3.71850433e+02, 8.70685303e+02, 3.81465179e+02, 9.03603333e+02,
    3.91475769e+02, 9.36334229e+02, 4.01466187e+02, 9.69064453e+02,
    3.22760101e+02, 8.53737976e+02, 3.33108826e+02, 8.87531738e+02,
    3.43232605e+02, 9.21182068e+02, 3.53465424e+02, 9.54522278e+02,
    3.63795593e+02, 9.87972107e+02, 2.81559174e+02, 8.70688232e+02,
    2.92614777e+02, 9.05468384e+02, 3.02970978e+02, 9.39584900e+02,
    3.13695160e+02, 9.73557922e+02, 3.24582062e+02, 1.00757721e+03,
    2.38507767e+02, 8.88266296e+02, 2.50012131e+02, 9.23936279e+02,
    2.61333191e+02, 9.58647827e+02, 2.72320892e+02, 9.93475769e+02,
    2.83453003e+02, 1.02778857e+03, 1.93558350e+02, 9.06779480e+02,
    2.05706848e+02, 9.43159668e+02, 2.17667511e+02, 9.78925354e+02,
    2.29344055e+02, 1.01425122e+03, 2.40756973e+02, 1.04936719e+03,
    1.46735779e+02, 9.26227844e+02, 1.59534943e+02, 9.63291931e+02,
    1.72111725e+02, 9.99860779e+02, 1.84363235e+02, 1.03579529e+03,
    1.96668427e+02, 1.07134521e+03 ]
