%YAML:1.0
---
points: [ 8.72053299e+01, 3.05490662e+02, 9.04558182e+01, 3.16793121e+02,
    9.33893967e+01, 3.27685333e+02, 9.65716782e+01, 3.38750000e+02,
    9.98465195e+01, 3.49728241e+02, 7.52611008e+01, 3.10597412e+02,
    7.84606705e+01, 3.21933075e+02, 8.16437454e+01, 3.33182373e+02,
    8.50492401e+01, 3.44289062e+02, 8.85199738e+01, 3.55374084e+02,
    6.27918816e+01, 3.15789093e+02, 6.62109375e+01, 3.27296753e+02,
    6.95803375e+01, 3.38702667e+02, 7.31483917e+01, 3.49998352e+02,
    7.67578201e+01, 3.61061035e+02, 5.01123352e+01, 3.21112823e+02,
    5.37189484e+01, 3.32775818e+02, 5.72604485e+01, 3.44312408e+02,
    6.09419937e+01, 3.55629883e+02, 6.46254120e+01, 3.67101959e+02,
    3.68893852e+01, 3.26340088e+02, 4.08620567e+01, 3.38382538e+02,
    4.46825180e+01, 3.49900421e+02, 4.84468460e+01, 3.61490356e+02,
    5.24492683e+01, 3.72757935e+02, 2.37376614e+01, 3.31830627e+02,
    2.77830029e+01, 3.43796082e+02, 3.18678093e+01, 3.55822510e+02,
    3.59890022e+01, 3.67290009e+02, 4.00002403e+01, 3.78910004e+02,
    1.02765942e+01, 3.37219208e+02, 1.46811800e+01, 3.49540375e+02,
    1.90224838e+01, 3.61382935e+02, 2.33002129e+01, 3.73343719e+02,
    2.77453594e+01, 3.84389679e+02 ]
