%YAML:1.0
---
points: [ 3.99525452e+02, 8.22140381e+02, 4.08982330e+02, 8.54661499e+02,
    4.18241272e+02, 8.86793518e+02, 4.27823242e+02, 9.19117249e+02,
    4.37487640e+02, 9.51049072e+02, 3.62047211e+02, 8.37643982e+02,
    3.71830597e+02, 8.70843994e+02, 3.81423553e+02, 9.03774963e+02,
    3.91446625e+02, 9.36499329e+02, 4.01486725e+02, 9.69259705e+02,
    3.22706848e+02, 8.53930115e+02, 3.32970123e+02, 8.87715759e+02,
    3.43147858e+02, 9.21348267e+02, 3.53401154e+02, 9.54681885e+02,
    3.63772919e+02, 9.88206299e+02, 2.81537384e+02, 8.70896118e+02,
    2.92558105e+02, 9.05605835e+02, 3.02995117e+02, 9.39697937e+02,
    3.13628235e+02, 9.73795898e+02, 3.24546692e+02, 1.00781830e+03,
    2.38485733e+02, 8.88449463e+02, 2.50076569e+02, 9.24152832e+02,
    2.61228119e+02, 9.58861389e+02, 2.72264648e+02, 9.93619690e+02,
    2.83452301e+02, 1.02806824e+03, 1.93511932e+02, 9.07043091e+02,
    2.05669952e+02, 9.43344055e+02, 2.17630463e+02, 9.79263062e+02,
    2.29293091e+02, 1.01444128e+03, 2.40722946e+02, 1.04953528e+03,
    1.46706955e+02, 9.26400574e+02, 1.59482590e+02, 9.63434448e+02,
    1.72091797e+02, 1.00015588e+03, 1.84325516e+02, 1.03607178e+03,
    1.96608231e+02, 1.07156287e+03 ]
