%YAML:1.0
---
points: [ 8.71311340e+01, 3.05560822e+02, 9.04488831e+01, 3.16828094e+02,
    9.33536148e+01, 3.27758423e+02, 9.65740585e+01, 3.38804108e+02,
    9.97974854e+01, 3.49783325e+02, 7.52796478e+01, 3.10651337e+02,
    7.84638138e+01, 3.21953644e+02, 8.16468506e+01, 3.33245331e+02,
    8.50503998e+01, 3.44326294e+02, 8.84999847e+01, 3.55429962e+02,
    6.27741241e+01, 3.15836884e+02, 6.62073593e+01, 3.27345154e+02,
    6.95376740e+01, 3.38760651e+02, 7.31139832e+01, 3.50059052e+02,
    7.67569504e+01, 3.61081268e+02, 5.00755119e+01, 3.21149384e+02,
    5.36877518e+01, 3.32869019e+02, 5.72727165e+01, 3.44361084e+02,
    6.09485474e+01, 3.55690125e+02, 6.46150589e+01, 3.67163300e+02,
    3.68764534e+01, 3.26387299e+02, 4.08508034e+01, 3.38405212e+02,
    4.46552773e+01, 3.49958130e+02, 4.83754234e+01, 3.61614471e+02,
    5.23837471e+01, 3.72857727e+02, 2.37238407e+01, 3.31923706e+02,
    2.77487278e+01, 3.43871704e+02, 3.18557644e+01, 3.55884308e+02,
    3.59567070e+01, 3.67333527e+02, 4.00140076e+01, 3.78998962e+02,
    1.02803211e+01, 3.37279388e+02, 1.46598454e+01, 3.49610138e+02,
    1.90316143e+01, 3.61424438e+02, 2.32690639e+01, 3.73388702e+02,
    2.76580162e+01, 3.84483917e+02 ]
