%YAML:1.0
---
depthShift: 6.6349490931901292e+00
