%YAML:1.0
points: [ 3.24133423e+02, 2.04976807e+02, 3.31065735e+02, 2.05745087e+02,
    3.37471039e+02, 2.06208206e+02, 3.44826508e+02, 2.06866837e+02,
    3.51468842e+02, 2.07573227e+02, 3.23423798e+02, 2.11494110e+02,
    3.30265900e+02, 2.12319397e+02, 3.37063354e+02, 2.12954071e+02,
    3.43976044e+02, 2.13705383e+02, 3.50941803e+02, 2.14440460e+02,
    3.22878937e+02, 2.18441360e+02, 3.29750153e+02, 2.19074326e+02,
    3.36488312e+02, 2.19783310e+02, 3.43335663e+02, 2.20796371e+02,
    3.50162018e+02, 2.21113312e+02, 3.22318359e+02, 2.25077637e+02,
    3.28915924e+02, 2.25849442e+02, 3.35690704e+02, 2.26611847e+02,
    3.42770630e+02, 2.27301300e+02, 3.49600006e+02, 2.27446075e+02,
    3.21685883e+02, 2.31435760e+02, 3.28354645e+02, 2.32692413e+02,
    3.35125671e+02, 2.33454895e+02, 3.41950958e+02, 2.33910843e+02,
    3.48840851e+02, 2.34761810e+02, 3.20874603e+02, 2.38796021e+02,
    3.27665863e+02, 2.39509445e+02, 3.34523346e+02, 2.40276871e+02,
    3.41350830e+02, 2.40748322e+02, 3.48339264e+02, 2.41689484e+02,
    3.20377747e+02, 2.45519302e+02, 3.26840881e+02, 2.46185471e+02,
    3.33844391e+02, 2.46896759e+02, 3.40696838e+02, 2.47609116e+02,
    3.47662720e+02, 2.48589951e+02 ]
