%YAML:1.0
points: [ 2.06275009e+02, 1.24791908e+02, 2.10266907e+02, 1.30937836e+02,
    2.13335892e+02, 1.36573654e+02, 2.17744019e+02, 1.42804947e+02,
    2.20887604e+02, 1.48602676e+02, 2.00518280e+02, 1.28996033e+02,
    2.04298782e+02, 1.34677933e+02, 2.07922867e+02, 1.40612991e+02,
    2.11730042e+02, 1.46299774e+02, 2.15561554e+02, 1.51903229e+02,
    1.94802536e+02, 1.32376694e+02, 1.98457611e+02, 1.38457825e+02,
    2.02251236e+02, 1.44294769e+02, 2.05933838e+02, 1.50068024e+02,
    2.09415955e+02, 1.55957642e+02, 1.88818405e+02, 1.36463287e+02,
    1.92697205e+02, 1.42151642e+02, 1.96349228e+02, 1.48117538e+02,
    2.00125366e+02, 1.53700928e+02, 2.03888031e+02, 1.59320038e+02,
    1.83159973e+02, 1.39754822e+02, 1.86804642e+02, 1.45903015e+02,
    1.90685196e+02, 1.51679626e+02, 1.94256638e+02, 1.57705170e+02,
    1.97614899e+02, 1.63624512e+02, 1.77075531e+02, 1.43931015e+02,
    1.81043747e+02, 1.49668671e+02, 1.84700684e+02, 1.55649109e+02,
    1.88424423e+02, 1.61439240e+02, 1.92274979e+02, 1.66852158e+02,
    1.71901459e+02, 1.47354721e+02, 1.74877823e+02, 1.52970245e+02,
    1.79473083e+02, 1.59216080e+02, 1.82400024e+02, 1.64884415e+02,
    1.86882401e+02, 1.71185471e+02 ]
