%YAML:1.0
points: [ 7.69819458e+02, 2.94564636e+02, 7.80603699e+02, 3.11688995e+02,
    7.91524292e+02, 3.28881592e+02, 8.02515137e+02, 3.46175537e+02,
    8.13474060e+02, 3.63332092e+02, 7.53014282e+02, 3.05503113e+02,
    7.63893616e+02, 3.22838409e+02, 7.74765137e+02, 3.39944427e+02,
    7.85622009e+02, 3.57286713e+02, 7.96546326e+02, 3.74388763e+02,
    7.36166077e+02, 3.16591095e+02, 7.47203186e+02, 3.33847656e+02,
    7.58050903e+02, 3.51166168e+02, 7.68801880e+02, 3.68181152e+02,
    7.79728943e+02, 3.85340576e+02, 7.19141052e+02, 3.27534576e+02,
    7.30307495e+02, 3.44872009e+02, 7.41270325e+02, 3.62084198e+02,
    7.52001709e+02, 3.79233276e+02, 7.62814758e+02, 3.96284149e+02,
    7.02330444e+02, 3.38438812e+02, 7.13453796e+02, 3.55822083e+02,
    7.24491272e+02, 3.73110199e+02, 7.35348999e+02, 3.90055145e+02,
    7.46059204e+02, 4.07192688e+02, 6.85574036e+02, 3.49515656e+02,
    6.96686707e+02, 3.66801422e+02, 7.07718323e+02, 3.83886719e+02,
    7.18421814e+02, 4.01001678e+02, 7.29408386e+02, 4.18092560e+02,
    6.68945312e+02, 3.60393524e+02, 6.79836060e+02, 3.77685455e+02,
    6.90924866e+02, 3.94796631e+02, 7.01666077e+02, 4.11859039e+02,
    7.12660583e+02, 4.28894012e+02 ]
