%YAML:1.0
points: [ 3.24114899e+02, 2.04966949e+02, 3.31053436e+02, 2.05722610e+02,
    3.37472046e+02, 2.06233856e+02, 3.44843384e+02, 2.06881134e+02,
    3.51484772e+02, 2.07561096e+02, 3.23456329e+02, 2.11425323e+02,
    3.30256989e+02, 2.12322449e+02, 3.37120239e+02, 2.12969528e+02,
    3.43967773e+02, 2.13689240e+02, 3.50968353e+02, 2.14448563e+02,
    3.22906250e+02, 2.18435165e+02, 3.29682556e+02, 2.19046173e+02,
    3.36463318e+02, 2.19815094e+02, 3.43346313e+02, 2.21013779e+02,
    3.46174988e+02, 2.20884979e+02, 3.22315155e+02, 2.25102097e+02,
    3.28879303e+02, 2.25809387e+02, 3.35720703e+02, 2.26598038e+02,
    3.42748352e+02, 2.27276260e+02, 3.49597626e+02, 2.27478912e+02,
    3.21887634e+02, 2.28459167e+02, 3.28365417e+02, 2.32730408e+02,
    3.35077972e+02, 2.33471466e+02, 3.41907196e+02, 2.33892914e+02,
    3.48863281e+02, 2.34774170e+02, 3.20879578e+02, 2.38777542e+02,
    3.27685913e+02, 2.39484207e+02, 3.34514160e+02, 2.40198044e+02,
    3.41386200e+02, 2.40780151e+02, 3.48326141e+02, 2.41804184e+02,
    3.20364960e+02, 2.45591614e+02, 3.26899475e+02, 2.46207001e+02,
    3.33866608e+02, 2.46941635e+02, 3.40735413e+02, 2.47577042e+02,
    3.47700928e+02, 2.48585999e+02 ]
