%YAML:1.0
points: [ 3.50180450e+02, 1.49874725e+02, 3.56073975e+02, 1.52327164e+02,
    3.61932648e+02, 1.54766846e+02, 3.68975952e+02, 1.56723190e+02,
    3.74669647e+02, 1.59993362e+02, 3.47151581e+02, 1.55395340e+02,
    3.53138519e+02, 1.58319412e+02, 3.60041290e+02, 1.60795883e+02,
    3.66234283e+02, 1.63177444e+02, 3.73079865e+02, 1.65157303e+02,
    3.45730469e+02, 1.60773972e+02, 3.51018250e+02, 1.64209244e+02,
    3.57065369e+02, 1.67256058e+02, 3.63981476e+02, 1.69661591e+02,
    3.69420624e+02, 1.72756165e+02, 3.42773682e+02, 1.68419678e+02,
    3.48631683e+02, 1.70691559e+02, 3.54736450e+02, 1.73336792e+02,
    3.61169769e+02, 1.75907257e+02, 3.67591766e+02, 1.78597641e+02,
    3.40370422e+02, 1.74636780e+02, 3.46240967e+02, 1.76869141e+02,
    3.52154816e+02, 1.79569992e+02, 3.58499969e+02, 1.82033203e+02,
    3.64486938e+02, 1.84362213e+02, 3.37142090e+02, 1.81094788e+02,
    3.43330719e+02, 1.83658386e+02, 3.50088348e+02, 1.87088715e+02,
    3.56097534e+02, 1.88806091e+02, 3.62735291e+02, 1.90780289e+02,
    3.35296509e+02, 1.86800461e+02, 3.40159943e+02, 1.88772247e+02,
    3.47253693e+02, 1.92103775e+02, 3.53200226e+02, 1.94116089e+02,
    3.59751556e+02, 1.97896484e+02 ]
