%YAML:1.0
points: [ 1.18547205e+03, 3.63555450e+02, 1.20402893e+03, 3.70591156e+02,
    1.22249805e+03, 3.77628662e+02, 1.24109839e+03, 3.84703552e+02,
    1.25950500e+03, 3.91841827e+02, 1.17834106e+03, 3.81795990e+02,
    1.19665991e+03, 3.88957245e+02, 1.21532458e+03, 3.96067596e+02,
    1.23375818e+03, 4.03200500e+02, 1.25224194e+03, 4.10365936e+02,
    1.17114783e+03, 4.00182251e+02, 1.18945630e+03, 4.07337158e+02,
    1.20788574e+03, 4.14421112e+02, 1.22657812e+03, 4.21463837e+02,
    1.24489160e+03, 4.28658478e+02, 1.16418616e+03, 4.18359314e+02,
    1.18254614e+03, 4.25517426e+02, 1.20071948e+03, 4.32748322e+02,
    1.21937366e+03, 4.39820709e+02, 1.23780371e+03, 4.47037781e+02,
    1.15693396e+03, 4.36452637e+02, 1.17528198e+03, 4.43744843e+02,
    1.19349329e+03, 4.51021729e+02, 1.21214685e+03, 4.58182800e+02,
    1.23065649e+03, 4.65344818e+02, 1.14980676e+03, 4.54781006e+02,
    1.16792749e+03, 4.62034424e+02, 1.18641870e+03, 4.69310486e+02,
    1.20481970e+03, 4.76499329e+02, 1.22355737e+03, 4.83609802e+02,
    1.14247681e+03, 4.73229584e+02, 1.16087769e+03, 4.80387665e+02,
    1.17920605e+03, 4.87602173e+02, 1.19769238e+03, 4.94766571e+02,
    1.21625708e+03, 5.01996002e+02 ]
