%YAML:1.0
points: [ 3.74512695e+02, 2.53813995e+02, 3.70129059e+02, 2.59059906e+02,
    3.66748810e+02, 2.64232819e+02, 3.62100311e+02, 2.70342499e+02,
    3.58799500e+02, 2.75281677e+02, 3.68321075e+02, 2.49367111e+02,
    3.64860596e+02, 2.55043808e+02, 3.60938873e+02, 2.60655121e+02,
    3.57035858e+02, 2.66205750e+02, 3.53412781e+02, 2.72073486e+02,
    3.63140106e+02, 2.45951462e+02, 3.59084717e+02, 2.51048431e+02,
    3.55238831e+02, 2.56423462e+02, 3.51294006e+02, 2.62120026e+02,
    3.47306213e+02, 2.67142487e+02, 3.57473114e+02, 2.41430954e+02,
    3.53559814e+02, 2.47180634e+02, 3.49454590e+02, 2.52541718e+02,
    3.45521393e+02, 2.58322296e+02, 3.42019440e+02, 2.63799774e+02,
    3.51811066e+02, 2.37994980e+02, 3.47923737e+02, 2.43204483e+02,
    3.43995148e+02, 2.48668594e+02, 3.40091766e+02, 2.54072021e+02,
    3.36198212e+02, 2.59170654e+02, 3.45968719e+02, 2.33415283e+02,
    3.42183868e+02, 2.39040314e+02, 3.38299194e+02, 2.44650803e+02,
    3.34387024e+02, 2.50254318e+02, 3.30725342e+02, 2.55728806e+02,
    3.40584900e+02, 2.30284286e+02, 3.37593323e+02, 2.34819443e+02,
    3.32616119e+02, 2.40939102e+02, 3.29785126e+02, 2.46082291e+02,
    3.24548767e+02, 2.51458099e+02 ]
