%YAML:1.0
points: [ 1.25810608e+03, 6.63486206e+02, 1.24688562e+03, 6.79736816e+02,
    1.23575891e+03, 6.96004944e+02, 1.22457812e+03, 7.12385132e+02,
    1.21342676e+03, 7.28712219e+02, 1.24164124e+03, 6.52128540e+02,
    1.23052393e+03, 6.68355286e+02, 1.21939282e+03, 6.84538574e+02,
    1.20832678e+03, 7.00874817e+02, 1.19682288e+03, 7.17238770e+02,
    1.22547510e+03, 6.40706543e+02, 1.21413525e+03, 6.56778564e+02,
    1.20294434e+03, 6.72984375e+02, 1.19179211e+03, 6.89435913e+02,
    1.18061963e+03, 7.05688538e+02, 1.20941345e+03, 6.29333191e+02,
    1.19795654e+03, 6.45518311e+02, 1.18655579e+03, 6.61636719e+02,
    1.17556958e+03, 6.77986206e+02, 1.16441113e+03, 6.94345581e+02,
    1.19326721e+03, 6.17973816e+02, 1.18167383e+03, 6.34084595e+02,
    1.17035681e+03, 6.50287415e+02, 1.15921826e+03, 6.66528625e+02,
    1.14822144e+03, 6.83030396e+02, 1.17690698e+03, 6.06578796e+02,
    1.16541016e+03, 6.22663025e+02, 1.15413159e+03, 6.38909424e+02,
    1.14288867e+03, 6.55160034e+02, 1.13184985e+03, 6.71477539e+02,
    1.16067810e+03, 5.95249878e+02, 1.14931018e+03, 6.11364563e+02,
    1.13801257e+03, 6.27556702e+02, 1.12673828e+03, 6.43737488e+02,
    1.11557483e+03, 6.60184204e+02 ]
