%YAML:1.0
points: [ 3.74144379e+02, 2.04313919e+02, 3.68276459e+02, 2.06181641e+02,
    3.61297729e+02, 2.08059723e+02, 3.54027557e+02, 2.10281372e+02,
    3.47513763e+02, 2.12017731e+02, 3.71939606e+02, 1.97729553e+02,
    3.65117615e+02, 1.99717148e+02, 3.58857117e+02, 2.01412170e+02,
    3.52746338e+02, 2.03338928e+02, 3.45489777e+02, 2.05290192e+02,
    3.69921448e+02, 1.91310303e+02, 3.63093170e+02, 1.93168320e+02,
    3.56146942e+02, 1.95063095e+02, 3.49038361e+02, 1.97207123e+02,
    3.43597382e+02, 1.98499237e+02, 3.67821289e+02, 1.84214951e+02,
    3.61209778e+02, 1.86250931e+02, 3.54128357e+02, 1.88061172e+02,
    3.49316254e+02, 1.90050430e+02, 3.41408264e+02, 1.92399918e+02,
    3.65939362e+02, 1.77637573e+02, 3.59349121e+02, 1.79384949e+02,
    3.52339020e+02, 1.81413208e+02, 3.45972443e+02, 1.83301544e+02,
    3.39786194e+02, 1.85187836e+02, 3.63533905e+02, 1.71158020e+02,
    3.57058014e+02, 1.73601181e+02, 3.49946899e+02, 1.75306076e+02,
    3.43505585e+02, 1.76678192e+02, 3.37421326e+02, 1.79232559e+02,
    3.61400574e+02, 1.65041031e+02, 3.55663666e+02, 1.66099686e+02,
    3.48235535e+02, 1.68600235e+02, 3.42025177e+02, 1.70055801e+02,
    3.35172577e+02, 1.72602005e+02 ]
