%YAML:1.0
points: [ 1.85015961e+02, 2.40201431e+02, 1.87722900e+02, 2.47211166e+02,
    1.90297699e+02, 2.52951447e+02, 1.93506531e+02, 2.60328064e+02,
    1.95727722e+02, 2.66000122e+02, 1.78450745e+02, 2.43924835e+02,
    1.81481384e+02, 2.49949066e+02, 1.84313431e+02, 2.56451996e+02,
    1.87065964e+02, 2.62323669e+02, 1.89739441e+02, 2.68838104e+02,
    1.72425507e+02, 2.46520660e+02, 1.75164017e+02, 2.52748062e+02,
    1.77828995e+02, 2.58996796e+02, 1.80556885e+02, 2.65644073e+02,
    1.83194977e+02, 2.71792419e+02, 1.65453094e+02, 2.49572006e+02,
    1.68397446e+02, 2.55378937e+02, 1.71299820e+02, 2.61773926e+02,
    1.74081192e+02, 2.68110809e+02, 1.76289200e+02, 2.74473694e+02,
    1.59190155e+02, 2.52067932e+02, 1.62115463e+02, 2.58444031e+02,
    1.64597641e+02, 2.64625793e+02, 1.67357880e+02, 2.71174713e+02,
    1.70062881e+02, 2.77786865e+02, 1.52580353e+02, 2.54987381e+02,
    1.55319260e+02, 2.61414734e+02, 1.58246689e+02, 2.67675690e+02,
    1.61120422e+02, 2.74170502e+02, 1.63748550e+02, 2.79988159e+02,
    1.46425827e+02, 2.57652588e+02, 1.48703674e+02, 2.63826141e+02,
    1.51857147e+02, 2.70334961e+02, 1.54285400e+02, 2.77281952e+02,
    1.57429260e+02, 2.83382721e+02 ]
