%YAML:1.0
points: [ 1.88799103e+02, 2.76738464e+02, 1.81902115e+02, 2.77098694e+02,
    1.74990860e+02, 2.77538910e+02, 1.68030853e+02, 2.77745117e+02,
    1.61287109e+02, 2.77756866e+02, 1.88756760e+02, 2.69892822e+02,
    1.81832382e+02, 2.70161102e+02, 1.74860443e+02, 2.70662201e+02,
    1.67865631e+02, 2.70834625e+02, 1.61042252e+02, 2.70987946e+02,
    1.88669449e+02, 2.62944183e+02, 1.81683029e+02, 2.63487213e+02,
    1.74767609e+02, 2.63689911e+02, 1.67842270e+02, 2.63779388e+02,
    1.60968460e+02, 2.60879822e+02, 1.88383987e+02, 2.56074341e+02,
    1.81642410e+02, 2.56710449e+02, 1.74743683e+02, 2.56835602e+02,
    1.67681732e+02, 2.56944885e+02, 1.60753723e+02, 2.57390289e+02,
    1.88250336e+02, 2.52519836e+02, 1.81376404e+02, 2.49741425e+02,
    1.74668900e+02, 2.49733368e+02, 1.67624771e+02, 2.50038055e+02,
    1.60501328e+02, 2.50686996e+02, 1.87691513e+02, 2.42689957e+02,
    1.81078827e+02, 2.42784027e+02, 1.74317215e+02, 2.42864227e+02,
    1.67350510e+02, 2.43349884e+02, 1.60322464e+02, 2.43711990e+02,
    1.87610596e+02, 2.35748779e+02, 1.80936813e+02, 2.35800110e+02,
    1.73932098e+02, 2.36082764e+02, 1.67093216e+02, 2.36620010e+02,
    1.60103561e+02, 2.36773682e+02 ]
