%YAML:1.0
points: [ 9.05732544e+02, 6.19468201e+02, 9.25498962e+02, 6.19690063e+02,
    9.45269897e+02, 6.20071106e+02, 9.65037231e+02, 6.20395752e+02,
    9.84899597e+02, 6.20750732e+02, 9.05473938e+02, 6.39371948e+02,
    9.25147339e+02, 6.39535767e+02, 9.44916138e+02, 6.39763306e+02,
    9.64632812e+02, 6.40218018e+02, 9.84489319e+02, 6.40500671e+02,
    9.05093018e+02, 6.59208923e+02, 9.24728271e+02, 6.59390503e+02,
    9.44586365e+02, 6.59583252e+02, 9.64435181e+02, 6.59950195e+02,
    9.84246582e+02, 6.60450256e+02, 9.04746399e+02, 6.79030518e+02,
    9.24494568e+02, 6.79211670e+02, 9.44339172e+02, 6.79406250e+02,
    9.64156311e+02, 6.79737732e+02, 9.83831665e+02, 6.80206360e+02,
    9.04492371e+02, 6.98637085e+02, 9.24217957e+02, 6.98913757e+02,
    9.43995056e+02, 6.99177307e+02, 9.63797607e+02, 6.99398743e+02,
    9.83488770e+02, 6.99819641e+02, 9.04116882e+02, 7.18512146e+02,
    9.24004272e+02, 7.18812256e+02, 9.43688293e+02, 7.19076538e+02,
    9.63533569e+02, 7.19339600e+02, 9.83335388e+02, 7.19639465e+02,
    9.03694885e+02, 7.38551392e+02, 9.23543579e+02, 7.38811035e+02,
    9.43495789e+02, 7.39143921e+02, 9.63313538e+02, 7.39352905e+02,
    9.82867188e+02, 7.39509705e+02 ]
