%YAML:1.0
points: [ 2.00662338e+02, 1.30094406e+02, 2.01477936e+02, 1.37092758e+02,
    2.02072205e+02, 1.43747650e+02, 2.02715897e+02, 1.50775726e+02,
    2.03339828e+02, 1.57177048e+02, 1.93997406e+02, 1.30833862e+02,
    1.94704697e+02, 1.37652267e+02, 1.95429398e+02, 1.44516281e+02,
    1.95991699e+02, 1.51292511e+02, 1.96845428e+02, 1.57409531e+02,
    1.87121155e+02, 1.31317413e+02, 1.87794952e+02, 1.38219299e+02,
    1.88571747e+02, 1.45021805e+02, 1.89154572e+02, 1.51913986e+02,
    1.89654160e+02, 1.58414902e+02, 1.80372009e+02, 1.32064484e+02,
    1.81025925e+02, 1.38624313e+02, 1.81717926e+02, 1.45582718e+02,
    1.82471527e+02, 1.52559662e+02, 1.82798553e+02, 1.59001770e+02,
    1.73816879e+02, 1.32576050e+02, 1.74339966e+02, 1.39462708e+02,
    1.74845703e+02, 1.46348602e+02, 1.75605530e+02, 1.52868866e+02,
    1.76148224e+02, 1.59784302e+02, 1.66611725e+02, 1.33199249e+02,
    1.67296783e+02, 1.39960938e+02, 1.68092407e+02, 1.46673386e+02,
    1.68782593e+02, 1.53724258e+02, 1.69395584e+02, 1.60307556e+02,
    1.60078094e+02, 1.33717438e+02, 1.60436066e+02, 1.40637573e+02,
    1.61288864e+02, 1.47238708e+02, 1.61845505e+02, 1.54066177e+02,
    1.62675262e+02, 1.60990479e+02 ]
