%YAML:1.0
points: [ 7.54663208e+02, 3.10373779e+02, 7.56422852e+02, 3.29832092e+02,
    7.58706665e+02, 3.49773621e+02, 7.60523254e+02, 3.69235046e+02,
    7.62467041e+02, 3.88738831e+02, 7.34773254e+02, 3.12205811e+02,
    7.37112122e+02, 3.31898834e+02, 7.38953186e+02, 3.51552460e+02,
    7.40849121e+02, 3.71299896e+02, 7.42674683e+02, 3.90711334e+02,
    7.15105530e+02, 3.13826752e+02, 7.17376770e+02, 3.33823395e+02,
    7.19383545e+02, 3.53536926e+02, 7.21331238e+02, 3.72922791e+02,
    7.22987671e+02, 3.92506805e+02, 6.95576843e+02, 3.15811279e+02,
    6.97545776e+02, 3.35521576e+02, 6.99819031e+02, 3.55468048e+02,
    7.01665771e+02, 3.75037964e+02, 7.03278564e+02, 3.94466156e+02,
    6.75758179e+02, 3.17778839e+02, 6.77714294e+02, 3.37468109e+02,
    6.80102844e+02, 3.57165833e+02, 6.81953003e+02, 3.76791168e+02,
    6.83924072e+02, 3.96557800e+02, 6.55915283e+02, 3.19558594e+02,
    6.58097656e+02, 3.39305786e+02, 6.60193848e+02, 3.59081635e+02,
    6.62033386e+02, 3.78574707e+02, 6.64144653e+02, 3.98295746e+02,
    6.36169189e+02, 3.21373138e+02, 6.38278992e+02, 3.40987793e+02,
    6.40016235e+02, 3.60603027e+02, 6.42313660e+02, 3.80615326e+02,
    6.44335022e+02, 4.00309784e+02 ]
