%YAML:1.0
points: [ 1.05050879e+03, 3.43485504e+02, 1.04955493e+03, 3.63359528e+02,
    1.04856494e+03, 3.83187012e+02, 1.04759351e+03, 4.03355194e+02,
    1.04662036e+03, 4.23483459e+02, 1.03054712e+03, 3.42361847e+02,
    1.02941736e+03, 3.62369049e+02, 1.02840210e+03, 3.82331055e+02,
    1.02751257e+03, 4.02408936e+02, 1.02649756e+03, 4.22446655e+02,
    1.01052618e+03, 3.41205566e+02, 1.00944611e+03, 3.61360199e+02,
    1.00826074e+03, 3.81418060e+02, 1.00733850e+03, 4.01324554e+02,
    1.00641833e+03, 4.21387024e+02, 9.90470886e+02, 3.39914154e+02,
    9.89403748e+02, 3.60261536e+02, 9.88211853e+02, 3.80356201e+02,
    9.87129639e+02, 4.00269073e+02, 9.86217957e+02, 4.20183929e+02,
    9.70324951e+02, 3.38893188e+02, 9.69295959e+02, 3.59192413e+02,
    9.68135681e+02, 3.79270386e+02, 9.67009094e+02, 3.99146606e+02,
    9.66061340e+02, 4.19051880e+02, 9.50192993e+02, 3.37793579e+02,
    9.49096558e+02, 3.58088776e+02, 9.48153687e+02, 3.78110382e+02,
    9.46969788e+02, 3.97895691e+02, 9.45811157e+02, 4.18014832e+02,
    9.30045410e+02, 3.36750732e+02, 9.28843994e+02, 3.56773010e+02,
    9.27816833e+02, 3.76853577e+02, 9.26762756e+02, 3.96888245e+02,
    9.25783203e+02, 4.17126465e+02 ]
