%YAML:1.0
points: [ 3.09877106e+02, 1.34940506e+02, 3.09554504e+02, 1.41896805e+02,
    3.08808167e+02, 1.48959412e+02, 3.08588623e+02, 1.55950058e+02,
    3.07858948e+02, 1.62834106e+02, 3.02870300e+02, 1.34475616e+02,
    3.02665222e+02, 1.41604279e+02, 3.01832031e+02, 1.48596878e+02,
    3.01699249e+02, 1.55616043e+02, 3.01095734e+02, 1.62595490e+02,
    2.96082336e+02, 1.33928848e+02, 2.95733765e+02, 1.40967712e+02,
    2.95071075e+02, 1.47995895e+02, 2.94698883e+02, 1.54922028e+02,
    2.94179626e+02, 1.61989914e+02, 2.89098724e+02, 1.33574646e+02,
    2.88775421e+02, 1.40648499e+02, 2.88186981e+02, 1.47649170e+02,
    2.87753632e+02, 1.54710999e+02, 2.87533569e+02, 1.61592239e+02,
    2.82364258e+02, 1.32998901e+02, 2.81766174e+02, 1.40075699e+02,
    2.81354889e+02, 1.47132431e+02, 2.80849426e+02, 1.54165680e+02,
    2.80495117e+02, 1.61016235e+02, 2.75468506e+02, 1.32548691e+02,
    2.74795013e+02, 1.39599670e+02, 2.74600891e+02, 1.46664413e+02,
    2.73846008e+02, 1.53663971e+02, 2.73647644e+02, 1.60690903e+02,
    2.68488708e+02, 1.32134003e+02, 2.67880554e+02, 1.39040039e+02,
    2.67635986e+02, 1.46125992e+02, 2.66977234e+02, 1.53087143e+02,
    2.66666779e+02, 1.60224365e+02 ]
