%YAML:1.0
points: [ 1.05807141e+03, 4.87773560e+02, 1.07766345e+03, 4.88086914e+02,
    1.09721082e+03, 4.88381287e+02, 1.11708435e+03, 4.88572357e+02,
    1.13680579e+03, 4.88853027e+02, 1.05771887e+03, 5.07539124e+02,
    1.07741260e+03, 5.07670776e+02, 1.09704041e+03, 5.07981567e+02,
    1.11674146e+03, 5.08339264e+02, 1.13665076e+03, 5.08528900e+02,
    1.05762671e+03, 5.27323181e+02, 1.07715894e+03, 5.27535522e+02,
    1.09683118e+03, 5.27736938e+02, 1.11659143e+03, 5.27986816e+02,
    1.13648950e+03, 5.28441650e+02, 1.05750403e+03, 5.46968811e+02,
    1.07703992e+03, 5.47177368e+02, 1.09655127e+03, 5.47457703e+02,
    1.11651965e+03, 5.47704102e+02, 1.13628198e+03, 5.48055359e+02,
    1.05731091e+03, 5.66593933e+02, 1.07687292e+03, 5.66840027e+02,
    1.09645422e+03, 5.67121826e+02, 1.11629797e+03, 5.67257751e+02,
    1.13593359e+03, 5.67593079e+02, 1.05708752e+03, 5.86483215e+02,
    1.07668311e+03, 5.86641174e+02, 1.09647070e+03, 5.86817627e+02,
    1.11618689e+03, 5.87159424e+02, 1.13574426e+03, 5.87351807e+02,
    1.05679956e+03, 6.06236450e+02, 1.07653735e+03, 6.06417603e+02,
    1.09636829e+03, 6.06578796e+02, 1.11610535e+03, 6.06837219e+02,
    1.13555920e+03, 6.07154053e+02 ]
