%YAML:1.0
points: [ 2.93875244e+02, 2.40111435e+02, 2.93754150e+02, 2.47150528e+02,
    2.93620300e+02, 2.54177734e+02, 2.93341278e+02, 2.61224945e+02,
    2.92969025e+02, 2.68325745e+02, 2.86955322e+02, 2.39834457e+02,
    2.86744202e+02, 2.46861038e+02, 2.86617157e+02, 2.53838211e+02,
    2.86346802e+02, 2.60901062e+02, 2.85976532e+02, 2.68033356e+02,
    2.79905212e+02, 2.39721512e+02, 2.79780701e+02, 2.46698929e+02,
    2.79650513e+02, 2.53663101e+02, 2.79309784e+02, 2.60715424e+02,
    2.78981171e+02, 2.67699219e+02, 2.72991669e+02, 2.39548981e+02,
    2.72766449e+02, 2.46480652e+02, 2.72706024e+02, 2.53373260e+02,
    2.72389526e+02, 2.60467621e+02, 2.71978485e+02, 2.67548065e+02,
    2.66113037e+02, 2.39144897e+02, 2.65796539e+02, 2.45908646e+02,
    2.65694122e+02, 2.52916550e+02, 2.65389954e+02, 2.60023041e+02,
    2.65004486e+02, 2.67182526e+02, 2.59028290e+02, 2.38797653e+02,
    2.58806152e+02, 2.45835556e+02, 2.58707794e+02, 2.52759888e+02,
    2.58408447e+02, 2.59816345e+02, 2.58029755e+02, 2.66921082e+02,
    2.52172226e+02, 2.38731430e+02, 2.51813232e+02, 2.45557251e+02,
    2.51727341e+02, 2.52586884e+02, 2.51428497e+02, 2.59663910e+02,
    2.50964447e+02, 2.66683105e+02 ]
