%YAML:1.0
points: [ 1.02551672e+03, 6.27414124e+02, 1.02481238e+03, 6.47723022e+02,
    1.02425537e+03, 6.67925659e+02, 1.02363324e+03, 6.88405151e+02,
    1.02316107e+03, 7.08693787e+02, 1.00545740e+03, 6.26681946e+02,
    1.00469489e+03, 6.46847168e+02, 1.00413531e+03, 6.67285828e+02,
    1.00341180e+03, 6.87534973e+02, 1.00283954e+03, 7.08167725e+02,
    9.85242310e+02, 6.25990173e+02, 9.84531738e+02, 6.46306458e+02,
    9.83757996e+02, 6.66555847e+02, 9.83272278e+02, 6.87037170e+02,
    9.82498108e+02, 7.07394836e+02, 9.65042236e+02, 6.25458496e+02,
    9.64386292e+02, 6.45664795e+02, 9.63699890e+02, 6.65956848e+02,
    9.62981628e+02, 6.86454712e+02, 9.62411743e+02, 7.06710388e+02,
    9.44703125e+02, 6.24734009e+02, 9.44072388e+02, 6.45143250e+02,
    9.43467712e+02, 6.65382202e+02, 9.42803345e+02, 6.85638245e+02,
    9.42283569e+02, 7.06285461e+02, 9.24498108e+02, 6.24217224e+02,
    9.23787659e+02, 6.44457031e+02, 9.23159607e+02, 6.64693542e+02,
    9.22551208e+02, 6.84992310e+02, 9.21999817e+02, 7.05492004e+02,
    9.04396912e+02, 6.23435425e+02, 9.03610779e+02, 6.43779785e+02,
    9.02876465e+02, 6.64010681e+02, 9.02185425e+02, 6.84455566e+02,
    9.01662048e+02, 7.04664612e+02 ]
