%YAML:1.0
points: [ 7.74638916e+02, 4.89712860e+02, 7.94462097e+02, 4.90076599e+02,
    8.14210999e+02, 4.90497253e+02, 8.33725830e+02, 4.90703644e+02,
    8.53607300e+02, 4.91163086e+02, 7.74405884e+02, 5.09342743e+02,
    7.94167236e+02, 5.09620331e+02, 8.13842896e+02, 5.09922119e+02,
    8.33507446e+02, 5.10497650e+02, 8.53334778e+02, 5.10762848e+02,
    7.73947998e+02, 5.29184082e+02, 7.93804810e+02, 5.29324585e+02,
    8.13486023e+02, 5.29600830e+02, 8.33367065e+02, 5.30113159e+02,
    8.52880188e+02, 5.30390320e+02, 7.73587769e+02, 5.48883728e+02,
    7.93348328e+02, 5.49269714e+02, 8.13227417e+02, 5.49506531e+02,
    8.32979736e+02, 5.49741821e+02, 8.52636047e+02, 5.50175598e+02,
    7.73302185e+02, 5.68645996e+02, 7.92982178e+02, 5.68875244e+02,
    8.12845337e+02, 5.69325195e+02, 8.32575562e+02, 5.69538635e+02,
    8.52370178e+02, 5.69916443e+02, 7.72846252e+02, 5.88261963e+02,
    7.92533325e+02, 5.88619080e+02, 8.12442749e+02, 5.88883728e+02,
    8.32303528e+02, 5.89254944e+02, 8.52100281e+02, 5.89595276e+02,
    7.72457581e+02, 6.08198669e+02, 7.92258606e+02, 6.08323608e+02,
    8.12041748e+02, 6.08621643e+02, 8.31807251e+02, 6.08984680e+02,
    8.51694641e+02, 6.09321350e+02 ]
