%YAML:1.0
points: [ 1.24147473e+03, 5.63171021e+02, 1.22110522e+03, 5.64509949e+02,
    1.20055054e+03, 5.65610657e+02, 1.18043457e+03, 5.66598999e+02,
    1.16003442e+03, 5.67610291e+02, 1.24039319e+03, 5.43093323e+02,
    1.21975842e+03, 5.44301514e+02, 1.19942822e+03, 5.45314453e+02,
    1.17917810e+03, 5.46442627e+02, 1.15908313e+03, 5.47686096e+02,
    1.23923083e+03, 5.22803955e+02, 1.21855603e+03, 5.24057312e+02,
    1.19821240e+03, 5.25217346e+02, 1.17792700e+03, 5.26317261e+02,
    1.15793262e+03, 5.27456177e+02, 1.23805945e+03, 5.02619598e+02,
    1.21754175e+03, 5.03682495e+02, 1.19701001e+03, 5.05001373e+02,
    1.17684167e+03, 5.06272614e+02, 1.15665784e+03, 5.07330200e+02,
    1.23677515e+03, 4.82429535e+02, 1.21649084e+03, 4.83580780e+02,
    1.19592737e+03, 4.84908997e+02, 1.17556873e+03, 4.86073730e+02,
    1.15536267e+03, 4.87144684e+02, 1.23569031e+03, 4.62105957e+02,
    1.21540503e+03, 4.63504761e+02, 1.19502039e+03, 4.64704407e+02,
    1.17456763e+03, 4.65826233e+02, 1.15428857e+03, 4.66965546e+02,
    1.23458899e+03, 4.41826447e+02, 1.21432495e+03, 4.43278412e+02,
    1.19386963e+03, 4.44517487e+02, 1.17351697e+03, 4.45618744e+02,
    1.15327124e+03, 4.46811646e+02 ]
