%YAML:1.0
points: [ 1.02504541e+03, 5.01027252e+02, 1.02573462e+03, 5.20569641e+02,
    1.02633252e+03, 5.40304993e+02, 1.02686914e+03, 5.60189087e+02,
    1.02753589e+03, 5.79861633e+02, 1.00557666e+03, 5.01542969e+02,
    1.00612653e+03, 5.21256836e+02, 1.00657935e+03, 5.40805603e+02,
    1.00721411e+03, 5.60591064e+02, 1.00763580e+03, 5.80471313e+02,
    9.85796082e+02, 5.02167419e+02, 9.86350403e+02, 5.21847778e+02,
    9.86710205e+02, 5.41403442e+02, 9.87401611e+02, 5.61187988e+02,
    9.88014587e+02, 5.80920898e+02, 9.66180115e+02, 5.02531097e+02,
    9.66598694e+02, 5.22405640e+02, 9.67165466e+02, 5.41997498e+02,
    9.67714539e+02, 5.61617493e+02, 9.68496460e+02, 5.81468994e+02,
    9.46544312e+02, 5.03023682e+02, 9.47061462e+02, 5.22825562e+02,
    9.47570068e+02, 5.42523193e+02, 9.48174622e+02, 5.62231506e+02,
    9.48672485e+02, 5.82024841e+02, 9.26748779e+02, 5.03501251e+02,
    9.27327698e+02, 5.23479431e+02, 9.27778198e+02, 5.43191040e+02,
    9.28314026e+02, 5.62695679e+02, 9.28850098e+02, 5.82499939e+02,
    9.07090332e+02, 5.04132965e+02, 9.07465393e+02, 5.23909607e+02,
    9.07984375e+02, 5.43692261e+02, 9.08520447e+02, 5.63348572e+02,
    9.09119080e+02, 5.83097168e+02 ]
