%YAML:1.0
points: [ 3.80034027e+02, 2.64329773e+02, 3.75820984e+02, 2.70565460e+02,
    3.73340454e+02, 2.76648102e+02, 3.69977112e+02, 2.83083496e+02,
    3.67410156e+02, 2.88944977e+02, 3.72630005e+02, 2.60997559e+02,
    3.69962585e+02, 2.67319305e+02, 3.66916016e+02, 2.73455017e+02,
    3.64079315e+02, 2.80206421e+02, 3.61052704e+02, 2.85885437e+02,
    3.66578217e+02, 2.58367859e+02, 3.63191742e+02, 2.64291992e+02,
    3.60431519e+02, 2.70770447e+02, 3.57427338e+02, 2.76948334e+02,
    3.54394592e+02, 2.82942261e+02, 3.60004883e+02, 2.55050156e+02,
    3.57306305e+02, 2.61258453e+02, 3.53911072e+02, 2.67370911e+02,
    3.51178040e+02, 2.74212555e+02, 3.48399292e+02, 2.80284607e+02,
    3.53643005e+02, 2.52406677e+02, 3.50695801e+02, 2.58391144e+02,
    3.47705627e+02, 2.64636719e+02, 3.44560303e+02, 2.71254028e+02,
    3.41669250e+02, 2.76733276e+02, 3.47013824e+02, 2.48855408e+02,
    3.44292419e+02, 2.55216919e+02, 3.41308411e+02, 2.61535675e+02,
    3.38462158e+02, 2.68140228e+02, 3.35048706e+02, 2.73986816e+02,
    3.41032104e+02, 2.46644943e+02, 3.38291504e+02, 2.52166931e+02,
    3.35021576e+02, 2.58966431e+02, 3.32450500e+02, 2.64808838e+02,
    3.29120392e+02, 2.70934540e+02 ]
