%YAML:1.0
points: [ 3.69093323e+02, 2.18672272e+02, 3.61928467e+02, 2.18906891e+02,
    3.54806122e+02, 2.19361511e+02, 3.47745056e+02, 2.19719559e+02,
    3.40736237e+02, 2.19876099e+02, 3.68807587e+02, 2.11726013e+02,
    3.61616364e+02, 2.11837082e+02, 3.54574982e+02, 2.12316605e+02,
    3.47456207e+02, 2.12786057e+02, 3.40515533e+02, 2.12866806e+02,
    3.68422150e+02, 2.04643570e+02, 3.61195312e+02, 2.04858551e+02,
    3.54055481e+02, 2.05444321e+02, 3.46963318e+02, 2.05724106e+02,
    3.39917053e+02, 2.05651337e+02, 3.68001373e+02, 1.97735046e+02,
    3.60898010e+02, 1.97836121e+02, 3.53727051e+02, 1.98344467e+02,
    3.46705841e+02, 1.98755417e+02, 3.39742462e+02, 1.98952484e+02,
    3.67653534e+02, 1.90643814e+02, 3.60595978e+02, 1.90924072e+02,
    3.53417969e+02, 1.91414032e+02, 3.46323181e+02, 1.91745026e+02,
    3.39217743e+02, 1.91911255e+02, 3.67382385e+02, 1.83693741e+02,
    3.60187683e+02, 1.83832672e+02, 3.53014313e+02, 1.84524506e+02,
    3.45923584e+02, 1.84769897e+02, 3.38884247e+02, 1.84961334e+02,
    3.66879547e+02, 1.76699875e+02, 3.59885834e+02, 1.76844940e+02,
    3.52795410e+02, 1.77393738e+02, 3.45750824e+02, 1.77734741e+02,
    3.38606781e+02, 1.78111252e+02 ]
