%YAML:1.0
points: [ 1.02579688e+03, 4.98380157e+02, 1.02563440e+03, 5.19075745e+02,
    1.02539099e+03, 5.39591736e+02, 1.02529919e+03, 5.60383911e+02,
    1.02521277e+03, 5.80952576e+02, 1.00564606e+03, 4.98446503e+02,
    1.00550018e+03, 5.19115723e+02, 1.00533899e+03, 5.39549194e+02,
    1.00514374e+03, 5.60281616e+02, 1.00506348e+03, 5.80605713e+02,
    9.85530151e+02, 4.98543365e+02, 9.85597229e+02, 5.19082458e+02,
    9.85457581e+02, 5.39473450e+02, 9.85311646e+02, 5.59949341e+02,
    9.85153442e+02, 5.80454895e+02, 9.65557373e+02, 4.98596741e+02,
    9.65602051e+02, 5.19139221e+02, 9.65561096e+02, 5.39444214e+02,
    9.65287659e+02, 5.59784851e+02, 9.65256409e+02, 5.80173096e+02,
    9.45924744e+02, 4.98785675e+02, 9.46082092e+02, 5.19152466e+02,
    9.46022339e+02, 5.39399353e+02, 9.45797852e+02, 5.59603516e+02,
    9.45469910e+02, 5.79807922e+02, 9.26636169e+02, 4.98929657e+02,
    9.26651978e+02, 5.19175476e+02, 9.26630493e+02, 5.39297485e+02,
    9.26472778e+02, 5.59440796e+02, 9.26302124e+02, 5.79563538e+02,
    9.07465210e+02, 4.99053741e+02, 9.07381958e+02, 5.19125366e+02,
    9.07381042e+02, 5.39250122e+02, 9.07151733e+02, 5.59200989e+02,
    9.07184937e+02, 5.79309509e+02 ]
