%YAML:1.0
points: [ 1.70896774e+02, 1.84911926e+02, 1.77853180e+02, 1.85603699e+02,
    1.84850220e+02, 1.86006042e+02, 1.91886307e+02, 1.86588226e+02,
    1.98901932e+02, 1.86902039e+02, 1.70482315e+02, 1.92079376e+02,
    1.77547302e+02, 1.92688934e+02, 1.84554825e+02, 1.92895996e+02,
    1.91555634e+02, 1.93585480e+02, 1.98561050e+02, 1.93768280e+02,
    1.70038284e+02, 1.98889496e+02, 1.77044922e+02, 1.99627457e+02,
    1.84116302e+02, 1.99867111e+02, 1.91119583e+02, 2.00486832e+02,
    1.98084274e+02, 2.00899551e+02, 1.69545059e+02, 2.05895309e+02,
    1.76648880e+02, 2.06568085e+02, 1.83698425e+02, 2.06937576e+02,
    1.90694519e+02, 2.07598053e+02, 1.97717102e+02, 2.07728165e+02,
    1.69101303e+02, 2.13010223e+02, 1.76256424e+02, 2.13657410e+02,
    1.83323776e+02, 2.13859085e+02, 1.90286514e+02, 2.14444397e+02,
    1.97232803e+02, 2.14860886e+02, 1.68642838e+02, 2.19930679e+02,
    1.75771011e+02, 2.20585663e+02, 1.82824951e+02, 2.20832809e+02,
    1.89774277e+02, 2.21395691e+02, 1.96829544e+02, 2.21715759e+02,
    1.68244247e+02, 2.26881775e+02, 1.75334488e+02, 2.27466827e+02,
    1.82410583e+02, 2.27775681e+02, 1.89354675e+02, 2.28255554e+02,
    1.96460876e+02, 2.28745712e+02 ]
