%YAML:1.0
points: [ 2.75248535e+02, 2.21369537e+02, 2.70555359e+02, 2.26786789e+02,
    2.67201202e+02, 2.32228958e+02, 2.62433167e+02, 2.38106384e+02,
    2.59003906e+02, 2.43299408e+02, 2.69068512e+02, 2.17077927e+02,
    2.65062744e+02, 2.22880173e+02, 2.61207153e+02, 2.28408890e+02,
    2.57227631e+02, 2.34154633e+02, 2.53309814e+02, 2.39673126e+02,
    2.63469147e+02, 2.13850067e+02, 2.59453247e+02, 2.18891403e+02,
    2.55507065e+02, 2.24375153e+02, 2.51677139e+02, 2.30052567e+02,
    2.47563492e+02, 2.35594940e+02, 2.57148376e+02, 2.09074570e+02,
    2.53751465e+02, 2.14951294e+02, 2.49861938e+02, 2.20550125e+02,
    2.45745529e+02, 2.26273651e+02, 2.41897705e+02, 2.32012848e+02,
    2.51859177e+02, 2.05602463e+02, 2.47904877e+02, 2.11020706e+02,
    2.44051514e+02, 2.16558578e+02, 2.40107666e+02, 2.22264984e+02,
    2.36017914e+02, 2.27442276e+02, 2.46002472e+02, 2.00989273e+02,
    2.42552582e+02, 2.06985367e+02, 2.38429199e+02, 2.12433197e+02,
    2.34547882e+02, 2.18303909e+02, 2.30533401e+02, 2.23846802e+02,
    2.40612061e+02, 1.98246964e+02, 2.36814972e+02, 2.03034821e+02,
    2.32578568e+02, 2.08654419e+02, 2.28945587e+02, 2.14451141e+02,
    2.24604111e+02, 2.19840378e+02 ]
