%YAML:1.0
points: [ 1.02322168e+03, 5.60202881e+02, 1.00666888e+03, 5.71783936e+02,
    9.90203491e+02, 5.83419250e+02, 9.73725525e+02, 5.95018616e+02,
    9.57149902e+02, 6.06619446e+02, 1.01166858e+03, 5.43627014e+02,
    9.95255249e+02, 5.55273132e+02, 9.78561768e+02, 5.66858215e+02,
    9.62148315e+02, 5.78478943e+02, 9.45606323e+02, 5.90182983e+02,
    1.00017291e+03, 5.27033508e+02, 9.83566589e+02, 5.38723816e+02,
    9.67093628e+02, 5.50378723e+02, 9.50497742e+02, 5.61880920e+02,
    9.33857605e+02, 5.73587646e+02, 9.88544067e+02, 5.10536957e+02,
    9.71965881e+02, 5.22284302e+02, 9.55442749e+02, 5.33751160e+02,
    9.38895386e+02, 5.45415283e+02, 9.22339600e+02, 5.56887207e+02,
    9.76861511e+02, 4.94039459e+02, 9.60417480e+02, 5.05580963e+02,
    9.43831726e+02, 5.17235840e+02, 9.27310486e+02, 5.28693909e+02,
    9.10617798e+02, 5.40386597e+02, 9.65356873e+02, 4.77390839e+02,
    9.48794434e+02, 4.89060852e+02, 9.32282959e+02, 5.00618683e+02,
    9.15742432e+02, 5.12148132e+02, 8.99055603e+02, 5.23736572e+02,
    9.53771973e+02, 4.60750641e+02, 9.37252380e+02, 4.72413574e+02,
    9.20617798e+02, 4.84023743e+02, 9.04110352e+02, 4.95593689e+02,
    8.87523315e+02, 5.07179230e+02 ]
