%YAML:1.0
points: [ 2.93326294e+02, 2.16737000e+02, 2.87304901e+02, 2.21547226e+02,
    2.81682465e+02, 2.24426941e+02, 2.76144196e+02, 2.28971008e+02,
    2.70400543e+02, 2.32217514e+02, 2.88929871e+02, 2.11478210e+02,
    2.83309082e+02, 2.15227737e+02, 2.77871948e+02, 2.19235474e+02,
    2.72431396e+02, 2.23167923e+02, 2.67244385e+02, 2.27035919e+02,
    2.85486084e+02, 2.05755447e+02, 2.79511322e+02, 2.09417847e+02,
    2.73949371e+02, 2.13722046e+02, 2.68264282e+02, 2.17604675e+02,
    2.62531586e+02, 2.21257721e+02, 2.80889221e+02, 1.99813354e+02,
    2.75565125e+02, 2.03932159e+02, 2.70153625e+02, 2.07610474e+02,
    2.64344757e+02, 2.11485519e+02, 2.59249969e+02, 2.16147202e+02,
    2.77582581e+02, 1.94187485e+02, 2.71709778e+02, 1.98082001e+02,
    2.66019836e+02, 2.02070923e+02, 2.60465424e+02, 2.06071213e+02,
    2.54676849e+02, 2.09743103e+02, 2.73254517e+02, 1.88600021e+02,
    2.67735291e+02, 1.92295334e+02, 2.62125092e+02, 1.96547211e+02,
    2.56345093e+02, 2.00295837e+02, 2.51274887e+02, 2.04294113e+02,
    2.69672699e+02, 1.83273071e+02, 2.63978210e+02, 1.86617691e+02,
    2.58179504e+02, 1.91108368e+02, 2.52612350e+02, 1.94951950e+02,
    2.46222748e+02, 1.98990005e+02 ]
