%YAML:1.0
points: [ 2.78650970e+02, 2.33612274e+02, 2.72653381e+02, 2.38740677e+02,
    2.66593109e+02, 2.43324112e+02, 2.60627228e+02, 2.48329498e+02,
    2.54617554e+02, 2.52982803e+02, 2.73660400e+02, 2.27683304e+02,
    2.67757477e+02, 2.32550903e+02, 2.61785065e+02, 2.37424728e+02,
    2.55813522e+02, 2.42215073e+02, 2.49955750e+02, 2.47154785e+02,
    2.68946625e+02, 2.21734497e+02, 2.62901245e+02, 2.26582550e+02,
    2.56928650e+02, 2.31417831e+02, 2.51047455e+02, 2.36308487e+02,
    2.44897858e+02, 2.41078156e+02, 2.64011597e+02, 2.15726868e+02,
    2.58120850e+02, 2.20577179e+02, 2.52227432e+02, 2.25412628e+02,
    2.46147614e+02, 2.30244827e+02, 2.40362518e+02, 2.35154114e+02,
    2.59431030e+02, 2.09753662e+02, 2.53386963e+02, 2.14658859e+02,
    2.47341354e+02, 2.19422501e+02, 2.41413300e+02, 2.24300598e+02,
    2.35281891e+02, 2.29003876e+02, 2.54497040e+02, 2.03799301e+02,
    2.48418884e+02, 2.08568832e+02, 2.42602417e+02, 2.13464462e+02,
    2.36457153e+02, 2.18166489e+02, 2.30530502e+02, 2.23095810e+02,
    2.49791229e+02, 1.97902954e+02, 2.43805939e+02, 2.02612213e+02,
    2.37719177e+02, 2.07483276e+02, 2.31756088e+02, 2.12233063e+02,
    2.25707733e+02, 2.17213715e+02 ]
