%YAML:1.0
points: [ 3.58305939e+02, 1.80789597e+02, 3.66021088e+02, 1.82120621e+02,
    3.73644226e+02, 1.83321075e+02, 3.81274109e+02, 1.84545776e+02,
    3.88747314e+02, 1.85832016e+02, 3.57056946e+02, 1.88382614e+02,
    3.64651611e+02, 1.89673828e+02, 3.72229004e+02, 1.91053818e+02,
    3.79940918e+02, 1.92234375e+02, 3.87425995e+02, 1.93476730e+02,
    3.55748993e+02, 1.96094513e+02, 3.63281769e+02, 1.97307053e+02,
    3.70911285e+02, 1.98613571e+02, 3.78555756e+02, 1.99920425e+02,
    3.86153534e+02, 2.01153503e+02, 3.54555634e+02, 2.03689957e+02,
    3.62116730e+02, 2.05009430e+02, 3.69634186e+02, 2.06227844e+02,
    3.77289551e+02, 2.07403275e+02, 3.84958649e+02, 2.08785583e+02,
    3.53277618e+02, 2.11275024e+02, 3.60815765e+02, 2.12595230e+02,
    3.68322418e+02, 2.13898239e+02, 3.75923645e+02, 2.15164276e+02,
    3.83713623e+02, 2.16350693e+02, 3.51939758e+02, 2.19069229e+02,
    3.59458496e+02, 2.20270493e+02, 3.67066284e+02, 2.21458221e+02,
    3.74645477e+02, 2.22756912e+02, 3.82375397e+02, 2.24012268e+02,
    3.50684601e+02, 2.26587357e+02, 3.58204468e+02, 2.27876053e+02,
    3.65801910e+02, 2.29160950e+02, 3.73419464e+02, 2.30390900e+02,
    3.81087769e+02, 2.31646286e+02 ]
