%YAML:1.0
points: [ 3.58671722e+02, 1.12987030e+02, 3.62738892e+02, 1.19549255e+02,
    3.66472412e+02, 1.26271614e+02, 3.70402161e+02, 1.33025864e+02,
    3.74309753e+02, 1.39697479e+02, 3.52013184e+02, 1.17178871e+02,
    3.55865662e+02, 1.23552971e+02, 3.59780518e+02, 1.30285049e+02,
    3.63672729e+02, 1.37042526e+02, 3.67564606e+02, 1.43496735e+02,
    3.45232727e+02, 1.20976311e+02, 3.49080353e+02, 1.27682686e+02,
    3.52935486e+02, 1.34338593e+02, 3.56847961e+02, 1.40999588e+02,
    3.60678284e+02, 1.47558838e+02, 3.38394836e+02, 1.25004265e+02,
    3.42291351e+02, 1.31647766e+02, 3.46113312e+02, 1.38342422e+02,
    3.50048065e+02, 1.45067505e+02, 3.54003632e+02, 1.51444656e+02,
    3.31803131e+02, 1.28900162e+02, 3.35413300e+02, 1.35458344e+02,
    3.39330109e+02, 1.42245316e+02, 3.43156403e+02, 1.48986008e+02,
    3.47158478e+02, 1.55465195e+02, 3.24978821e+02, 1.33054916e+02,
    3.28757080e+02, 1.39441818e+02, 3.32498962e+02, 1.46183426e+02,
    3.36337189e+02, 1.52920761e+02, 3.40297485e+02, 1.59276505e+02,
    3.18416443e+02, 1.37012299e+02, 3.22125183e+02, 1.43315201e+02,
    3.25902374e+02, 1.50290848e+02, 3.29846924e+02, 1.56694092e+02,
    3.33733765e+02, 1.63439789e+02 ]
