%YAML:1.0
points: [ 1.00152118e+03, 3.81218689e+02, 9.93123169e+02, 3.99360260e+02,
    9.84324707e+02, 4.17499695e+02, 9.75591614e+02, 4.35504425e+02,
    9.66939453e+02, 4.53519287e+02, 9.83421204e+02, 3.72412476e+02,
    9.74749573e+02, 3.90496094e+02, 9.66261841e+02, 4.08686798e+02,
    9.57451660e+02, 4.26733124e+02, 9.48747192e+02, 4.44683533e+02,
    9.65399841e+02, 3.63500641e+02, 9.56656555e+02, 3.81772278e+02,
    9.47934753e+02, 3.99953003e+02, 9.39396423e+02, 4.18005798e+02,
    9.30526184e+02, 4.35865509e+02, 9.47227966e+02, 3.54805084e+02,
    9.38505737e+02, 3.73037048e+02, 9.29739868e+02, 3.91239166e+02,
    9.21166199e+02, 4.09259399e+02, 9.12377625e+02, 4.27303680e+02,
    9.28873962e+02, 3.46192047e+02, 9.20343445e+02, 3.64138184e+02,
    9.11586487e+02, 3.82432617e+02, 9.02885437e+02, 4.00523346e+02,
    8.94173584e+02, 4.18590973e+02, 9.10664429e+02, 3.37217804e+02,
    9.02106567e+02, 3.55412872e+02, 8.93424622e+02, 3.73520844e+02,
    8.84632812e+02, 3.91610077e+02, 8.75908081e+02, 4.09713593e+02,
    8.92571045e+02, 3.28370789e+02, 8.83810486e+02, 3.46501709e+02,
    8.75279236e+02, 3.64585938e+02, 8.66537842e+02, 3.82798279e+02,
    8.57621033e+02, 4.00855469e+02 ]
