%YAML:1.0
points: [ 6.44262207e+02, 4.90895508e+02, 6.64616943e+02, 4.91553894e+02,
    6.85088562e+02, 4.92420502e+02, 7.05164490e+02, 4.93089233e+02,
    7.25080078e+02, 4.93723450e+02, 6.42564087e+02, 5.10137665e+02,
    6.63138550e+02, 5.11164429e+02, 6.83489075e+02, 5.11911835e+02,
    7.03450134e+02, 5.12687073e+02, 7.23647949e+02, 5.13025146e+02,
    6.40660034e+02, 5.29620056e+02, 6.61370422e+02, 5.30516418e+02,
    6.81813904e+02, 5.31325684e+02, 7.02125977e+02, 5.32226746e+02,
    7.22248230e+02, 5.32643250e+02, 6.38887878e+02, 5.49502136e+02,
    6.59628967e+02, 5.50328674e+02, 6.80404480e+02, 5.51108582e+02,
    7.00649902e+02, 5.51537476e+02, 7.20838867e+02, 5.52286865e+02,
    6.37531982e+02, 5.69555298e+02, 6.58075256e+02, 5.70161194e+02,
    6.78631653e+02, 5.70824951e+02, 6.99184326e+02, 5.71565918e+02,
    7.19548767e+02, 5.72321472e+02, 6.35469421e+02, 5.89495972e+02,
    6.56249146e+02, 5.90271606e+02, 6.76959351e+02, 5.90875671e+02,
    6.97552429e+02, 5.91561462e+02, 7.18152832e+02, 5.92266663e+02,
    6.33636108e+02, 6.09624878e+02, 6.54546509e+02, 6.10237488e+02,
    6.75326172e+02, 6.10919556e+02, 6.95934387e+02, 6.11646729e+02,
    7.16647034e+02, 6.12474548e+02 ]
