%YAML:1.0
points: [ 9.80226929e+02, 3.14215393e+02, 9.79466248e+02, 3.34336578e+02,
    9.78641296e+02, 3.54301025e+02, 9.78053772e+02, 3.73976257e+02,
    9.77294434e+02, 3.93725769e+02, 9.60943726e+02, 3.12354401e+02,
    9.60319458e+02, 3.32494537e+02, 9.59379700e+02, 3.52523560e+02,
    9.58649414e+02, 3.72427948e+02, 9.58216553e+02, 3.92348297e+02,
    9.41645996e+02, 3.10379517e+02, 9.40716858e+02, 3.30584778e+02,
    9.39929993e+02, 3.50675781e+02, 9.39244995e+02, 3.70920227e+02,
    9.38619019e+02, 3.90730591e+02, 9.22174622e+02, 3.08488464e+02,
    9.21523438e+02, 3.28832153e+02, 9.20385193e+02, 3.49259949e+02,
    9.19551270e+02, 3.69299042e+02, 9.19068237e+02, 3.89193848e+02,
    9.02229370e+02, 3.06749817e+02, 9.01607056e+02, 3.27046173e+02,
    9.00648499e+02, 3.47373322e+02, 8.99986328e+02, 3.67559998e+02,
    8.99179138e+02, 3.87782806e+02, 8.82239807e+02, 3.04543976e+02,
    8.81474792e+02, 3.25005310e+02, 8.80723511e+02, 3.45468811e+02,
    8.79853821e+02, 3.65821747e+02, 8.79265137e+02, 3.86341919e+02,
    8.62152954e+02, 3.02599915e+02, 8.61425842e+02, 3.23113190e+02,
    8.60499878e+02, 3.43614105e+02, 8.59805176e+02, 3.64261108e+02,
    8.58869080e+02, 3.84643372e+02 ]
