%YAML:1.0
points: [ 1.11940063e+03, 5.08520966e+02, 1.11832300e+03, 5.28484253e+02,
    1.11704395e+03, 5.48767761e+02, 1.11596497e+03, 5.68849182e+02,
    1.11468188e+03, 5.88804321e+02, 1.09959155e+03, 5.07067993e+02,
    1.09824731e+03, 5.27279602e+02, 1.09690369e+03, 5.47216553e+02,
    1.09597852e+03, 5.67394958e+02, 1.09477173e+03, 5.87546936e+02,
    1.07968518e+03, 5.05548523e+02, 1.07840918e+03, 5.25770752e+02,
    1.07704126e+03, 5.45796570e+02, 1.07582947e+03, 5.66033020e+02,
    1.07478955e+03, 5.86327454e+02, 1.05970044e+03, 5.04116272e+02,
    1.05854590e+03, 5.24365845e+02, 1.05721558e+03, 5.44591309e+02,
    1.05587000e+03, 5.64676025e+02, 1.05464844e+03, 5.85010498e+02,
    1.03955713e+03, 5.02724487e+02, 1.03843872e+03, 5.23050354e+02,
    1.03716040e+03, 5.43212891e+02, 1.03577405e+03, 5.63392029e+02,
    1.03445544e+03, 5.83524780e+02, 1.01947815e+03, 5.01376648e+02,
    1.01827228e+03, 5.21565491e+02, 1.01713098e+03, 5.41741699e+02,
    1.01579407e+03, 5.61972046e+02, 1.01442230e+03, 5.82227844e+02,
    9.99532898e+02, 4.99790253e+02, 9.98311768e+02, 5.20070129e+02,
    9.96974792e+02, 5.40390808e+02, 9.95691406e+02, 5.60588257e+02,
    9.94255066e+02, 5.80824707e+02 ]
