%YAML:1.0
points: [ 3.26733490e+02, 1.99370697e+02, 3.26184723e+02, 2.06270859e+02,
    3.25759827e+02, 2.13323227e+02, 3.25319214e+02, 2.20173035e+02,
    3.24835083e+02, 2.27066116e+02, 3.19794586e+02, 1.98770660e+02,
    3.19400787e+02, 2.05782471e+02, 3.18843475e+02, 2.12747421e+02,
    3.18631439e+02, 2.19695816e+02, 3.17980743e+02, 2.26722870e+02,
    3.12861023e+02, 1.98321991e+02, 3.12420624e+02, 2.05264999e+02,
    3.11816437e+02, 2.12172516e+02, 3.11569855e+02, 2.19130402e+02,
    3.10997223e+02, 2.26053955e+02, 3.05868195e+02, 1.97760818e+02,
    3.05697083e+02, 2.04728638e+02, 3.04954895e+02, 2.11713562e+02,
    3.04687561e+02, 2.18748840e+02, 3.04189270e+02, 2.25626099e+02,
    2.98939087e+02, 1.97309570e+02, 2.98727600e+02, 2.04174500e+02,
    2.98037323e+02, 2.11109970e+02, 2.97731903e+02, 2.18092331e+02,
    2.97113068e+02, 2.24905426e+02, 2.92243622e+02, 1.96679733e+02,
    2.91728638e+02, 2.03700134e+02, 2.91257629e+02, 2.10655518e+02,
    2.90737579e+02, 2.17722656e+02, 2.90420135e+02, 2.24665863e+02,
    2.85232086e+02, 1.96241943e+02, 2.84843994e+02, 2.03062378e+02,
    2.84489044e+02, 2.10038788e+02, 2.83863892e+02, 2.16957596e+02,
    2.83385620e+02, 2.23983719e+02 ]
