%YAML:1.0
points: [ 2.00988358e+02, 2.41948334e+02, 2.01176025e+02, 2.49787369e+02,
    2.01381256e+02, 2.57500916e+02, 2.01606415e+02, 2.65490204e+02,
    2.01729187e+02, 2.73261078e+02, 1.93473267e+02, 2.42482758e+02,
    1.93648270e+02, 2.50107452e+02, 1.93711533e+02, 2.57880127e+02,
    1.93795456e+02, 2.65826385e+02, 1.93910736e+02, 2.73726074e+02,
    1.85818878e+02, 2.42836502e+02, 1.85895676e+02, 2.50591354e+02,
    1.86096252e+02, 2.58332855e+02, 1.86172119e+02, 2.66104034e+02,
    1.86390366e+02, 2.74014374e+02, 1.78220062e+02, 2.43246277e+02,
    1.78374222e+02, 2.50881760e+02, 1.78577667e+02, 2.58775513e+02,
    1.78618820e+02, 2.66539276e+02, 1.78699921e+02, 2.74508850e+02,
    1.70661148e+02, 2.43588242e+02, 1.70726730e+02, 2.51418182e+02,
    1.70889557e+02, 2.59048706e+02, 1.70839493e+02, 2.66887085e+02,
    1.70848984e+02, 2.74831604e+02, 1.62943222e+02, 2.43906784e+02,
    1.63167160e+02, 2.51798126e+02, 1.63290527e+02, 2.59555786e+02,
    1.63358215e+02, 2.67328735e+02, 1.63335129e+02, 2.75119385e+02,
    1.55613235e+02, 2.44419800e+02, 1.55660294e+02, 2.52074142e+02,
    1.55706604e+02, 2.59856720e+02, 1.55669418e+02, 2.67764832e+02,
    1.55722565e+02, 2.75598389e+02 ]
