%YAML:1.0
points: [ 9.90615601e+02, 6.61167847e+02, 9.90311462e+02, 6.81415283e+02,
    9.89488098e+02, 7.01497253e+02, 9.89233276e+02, 7.21771545e+02,
    9.88598816e+02, 7.41937866e+02, 9.71492065e+02, 6.61228638e+02,
    9.70766846e+02, 6.81398682e+02, 9.70302856e+02, 7.01558411e+02,
    9.69676208e+02, 7.21828491e+02, 9.69453186e+02, 7.42296692e+02,
    9.52231750e+02, 6.61024109e+02, 9.51466248e+02, 6.81378357e+02,
    9.50636414e+02, 7.01631042e+02, 9.50257080e+02, 7.22090515e+02,
    9.49926025e+02, 7.42616516e+02, 9.32515442e+02, 6.60818665e+02,
    9.31847351e+02, 6.81389404e+02, 9.31269958e+02, 7.01667908e+02,
    9.30682007e+02, 7.22360474e+02, 9.30192688e+02, 7.42899536e+02,
    9.12493225e+02, 6.60645691e+02, 9.12135376e+02, 6.81371155e+02,
    9.11458801e+02, 7.01730347e+02, 9.10813354e+02, 7.22424988e+02,
    9.10349731e+02, 7.43117981e+02, 8.92572449e+02, 6.60599609e+02,
    8.92045105e+02, 6.81395935e+02, 8.91496826e+02, 7.02071045e+02,
    8.90712952e+02, 7.22562500e+02, 8.90183105e+02, 7.43470459e+02,
    8.72453308e+02, 6.60537231e+02, 8.71885925e+02, 6.81394226e+02,
    8.71329224e+02, 7.02129944e+02, 8.70612549e+02, 7.22881165e+02,
    8.69842712e+02, 7.43596436e+02 ]
