%YAML:1.0
points: [ 2.23902664e+02, 1.85178452e+02, 2.24318024e+02, 1.92018127e+02,
    2.24566177e+02, 1.98901550e+02, 2.24655823e+02, 2.05851303e+02,
    2.24801971e+02, 2.12769714e+02, 2.16975510e+02, 1.85409454e+02,
    2.17264114e+02, 1.92283157e+02, 2.17594101e+02, 1.99190948e+02,
    2.17754044e+02, 2.05970459e+02, 2.17731613e+02, 2.12880859e+02,
    2.09919388e+02, 1.85599014e+02, 2.10261353e+02, 1.92557648e+02,
    2.10589935e+02, 1.99536484e+02, 2.10671616e+02, 2.06358658e+02,
    2.10744553e+02, 2.13261612e+02, 2.02953781e+02, 1.85750977e+02,
    2.03198059e+02, 1.92690948e+02, 2.03496109e+02, 1.99687149e+02,
    2.03652405e+02, 2.06611755e+02, 2.03678833e+02, 2.13568146e+02,
    1.95836441e+02, 1.85745560e+02, 1.96181274e+02, 1.92716476e+02,
    1.96364777e+02, 1.99735565e+02, 1.96534210e+02, 2.06695770e+02,
    1.96649963e+02, 2.13747284e+02, 1.88809387e+02, 1.85801468e+02,
    1.88984482e+02, 1.92779602e+02, 1.89248886e+02, 1.99814896e+02,
    1.89500977e+02, 2.06806885e+02, 1.89493423e+02, 2.13794159e+02,
    1.81766830e+02, 1.85886871e+02, 1.81821472e+02, 1.92860489e+02,
    1.81988434e+02, 1.99840897e+02, 1.82190430e+02, 2.06868195e+02,
    1.82391403e+02, 2.13934906e+02 ]
