%YAML:1.0
points: [ 1.00581531e+03, 5.07907623e+02, 1.01007477e+03, 5.27740784e+02,
    1.01395306e+03, 5.47458801e+02, 1.01821057e+03, 5.67125488e+02,
    1.02242938e+03, 5.86651184e+02, 9.87481018e+02, 5.12199890e+02,
    9.91639282e+02, 5.32128540e+02, 9.95775208e+02, 5.51636780e+02,
    9.99781372e+02, 5.71397339e+02, 1.00446393e+03, 5.91300537e+02,
    9.69175476e+02, 5.16239258e+02, 9.73090698e+02, 5.36188171e+02,
    9.77138611e+02, 5.55874512e+02, 9.81385864e+02, 5.75908264e+02,
    9.86132446e+02, 5.95772095e+02, 9.50006714e+02, 5.20466003e+02,
    9.54377930e+02, 5.40381775e+02, 9.58504883e+02, 5.60422119e+02,
    9.62845764e+02, 5.80503601e+02, 9.67308655e+02, 6.00402954e+02,
    9.30906860e+02, 5.24572449e+02, 9.35434326e+02, 5.44780457e+02,
    9.39585571e+02, 5.65132080e+02, 9.43809326e+02, 5.84940491e+02,
    9.48263733e+02, 6.04927307e+02, 9.11825134e+02, 5.28744873e+02,
    9.16331055e+02, 5.49238647e+02, 9.20581848e+02, 5.69429749e+02,
    9.24623230e+02, 5.89525696e+02, 9.28760864e+02, 6.09823181e+02,
    8.92392151e+02, 5.33237854e+02, 8.96801025e+02, 5.53520996e+02,
    9.01311035e+02, 5.73889648e+02, 9.05590088e+02, 5.94325623e+02,
    9.09627075e+02, 6.14471802e+02 ]
