%YAML:1.0
points: [ 9.92310608e+02, 5.04516907e+02, 9.89387085e+02, 5.26630554e+02,
    9.86204285e+02, 5.48952881e+02, 9.83121826e+02, 5.70875000e+02,
    9.80117798e+02, 5.93001343e+02, 9.70291443e+02, 5.01578094e+02,
    9.67243347e+02, 5.23638794e+02, 9.64274109e+02, 5.45616333e+02,
    9.60895264e+02, 5.67645630e+02, 9.57851562e+02, 5.90010437e+02,
    9.48330322e+02, 4.98335754e+02, 9.45152527e+02, 5.20448303e+02,
    9.42164795e+02, 5.42539001e+02, 9.38823730e+02, 5.64792419e+02,
    9.35799622e+02, 5.86857483e+02, 9.26292053e+02, 4.95338135e+02,
    9.23126709e+02, 5.17491760e+02, 9.20026794e+02, 5.39513672e+02,
    9.16996704e+02, 5.61535400e+02, 9.13565918e+02, 5.83594299e+02,
    9.04128906e+02, 4.92186340e+02, 9.01189331e+02, 5.14227112e+02,
    8.97780518e+02, 5.36357178e+02, 8.94790161e+02, 5.58560303e+02,
    8.91504272e+02, 5.80649719e+02, 8.81909912e+02, 4.88938934e+02,
    8.78977905e+02, 5.11252014e+02, 8.75748779e+02, 5.33320618e+02,
    8.72719971e+02, 5.55345459e+02, 8.69573730e+02, 5.77441772e+02,
    8.59832825e+02, 4.85967499e+02, 8.56819092e+02, 5.07865479e+02,
    8.53757202e+02, 5.30002380e+02, 8.50547058e+02, 5.52216675e+02,
    8.47547852e+02, 5.74493958e+02 ]
