%YAML:1.0
points: [ 3.61752411e+02, 2.34243500e+02, 3.69376740e+02, 2.36031418e+02,
    3.76915009e+02, 2.37760864e+02, 3.84509705e+02, 2.39488724e+02,
    3.91963684e+02, 2.41219223e+02, 3.59923157e+02, 2.41691483e+02,
    3.67357819e+02, 2.43449219e+02, 3.74979706e+02, 2.45253952e+02,
    3.82579071e+02, 2.46980286e+02, 3.90145844e+02, 2.48760834e+02,
    3.58059723e+02, 2.49186829e+02, 3.65523376e+02, 2.50973953e+02,
    3.73063354e+02, 2.52708557e+02, 3.80705261e+02, 2.54559280e+02,
    3.88194275e+02, 2.56176819e+02, 3.56241089e+02, 2.56738190e+02,
    3.63704468e+02, 2.58409973e+02, 3.71224457e+02, 2.60149536e+02,
    3.78795624e+02, 2.61963867e+02, 3.86346680e+02, 2.63765991e+02,
    3.54443787e+02, 2.64163666e+02, 3.61939423e+02, 2.65893250e+02,
    3.69320312e+02, 2.67610168e+02, 3.76861176e+02, 2.69417084e+02,
    3.84495056e+02, 2.71192261e+02, 3.52552246e+02, 2.71769165e+02,
    3.60079956e+02, 2.73429413e+02, 3.67438904e+02, 2.75080292e+02,
    3.74986938e+02, 2.76843201e+02, 3.82604156e+02, 2.78632751e+02,
    3.50765747e+02, 2.79095886e+02, 3.58179688e+02, 2.80789001e+02,
    3.65609161e+02, 2.82475769e+02, 3.73207886e+02, 2.84322632e+02,
    3.80683899e+02, 2.86026001e+02 ]
