%YAML:1.0
points: [ 2.84008362e+02, 1.97779236e+02, 2.82969147e+02, 2.05322205e+02,
    2.81813568e+02, 2.13092316e+02, 2.80686096e+02, 2.20600677e+02,
    2.79579712e+02, 2.28262039e+02, 2.76342377e+02, 1.96566177e+02,
    2.75327576e+02, 2.04238831e+02, 2.74211609e+02, 2.11844116e+02,
    2.73152313e+02, 2.19445221e+02, 2.72091309e+02, 2.27148026e+02,
    2.68852264e+02, 1.95534973e+02, 2.67693451e+02, 2.03145218e+02,
    2.66615631e+02, 2.10719177e+02, 2.65483887e+02, 2.18340942e+02,
    2.64300049e+02, 2.26054199e+02, 2.61213470e+02, 1.94408264e+02,
    2.60167908e+02, 2.02054703e+02, 2.59108551e+02, 2.09591553e+02,
    2.57891846e+02, 2.17285858e+02, 2.56846130e+02, 2.24796463e+02,
    2.53603012e+02, 1.93319046e+02, 2.52531403e+02, 2.00876190e+02,
    2.51389481e+02, 2.08476746e+02, 2.50341232e+02, 2.16146744e+02,
    2.49185699e+02, 2.23676422e+02, 2.46095551e+02, 1.92175903e+02,
    2.44969452e+02, 1.99779892e+02, 2.43882431e+02, 2.07434036e+02,
    2.42638367e+02, 2.15055908e+02, 2.41513168e+02, 2.22591537e+02,
    2.38360947e+02, 1.91064972e+02, 2.37321426e+02, 1.98612320e+02,
    2.36262894e+02, 2.06223160e+02, 2.35155029e+02, 2.13978043e+02,
    2.34064606e+02, 2.21506882e+02 ]
