%YAML:1.0
points: [ 3.90661255e+02, 2.63809052e+02, 3.86352539e+02, 2.70279602e+02,
    3.82274933e+02, 2.76823059e+02, 3.78012329e+02, 2.83269653e+02,
    3.74003998e+02, 2.89824524e+02, 3.84125122e+02, 2.59381836e+02,
    3.79882599e+02, 2.66143738e+02, 3.75611084e+02, 2.72541901e+02,
    3.71526245e+02, 2.79203918e+02, 3.67454865e+02, 2.85625549e+02,
    3.77549957e+02, 2.55367920e+02, 3.73283813e+02, 2.61762512e+02,
    3.69175293e+02, 2.68241028e+02, 3.65020477e+02, 2.74821503e+02,
    3.60866516e+02, 2.81307159e+02, 3.71082886e+02, 2.51036911e+02,
    3.66760254e+02, 2.57517731e+02, 3.62486603e+02, 2.64066833e+02,
    3.58408813e+02, 2.70654144e+02, 3.54424500e+02, 2.77138367e+02,
    3.64408722e+02, 2.46853348e+02, 3.60269989e+02, 2.53293076e+02,
    3.56036926e+02, 2.59759888e+02, 3.51888733e+02, 2.66258820e+02,
    3.47706238e+02, 2.72790710e+02, 3.57851562e+02, 2.42489136e+02,
    3.53720398e+02, 2.49090240e+02, 3.49467133e+02, 2.55511154e+02,
    3.45288483e+02, 2.62175140e+02, 3.41168365e+02, 2.68581635e+02,
    3.51267029e+02, 2.38513199e+02, 3.47334534e+02, 2.44847641e+02,
    3.43100891e+02, 2.51375549e+02, 3.38923859e+02, 2.57794891e+02,
    3.34473419e+02, 2.64269836e+02 ]
