%YAML:1.0
points: [ 9.88875183e+02, 3.30832611e+02, 9.86457214e+02, 3.51078705e+02,
    9.83785400e+02, 3.71261902e+02, 9.81452148e+02, 3.91221252e+02,
    9.79177246e+02, 4.11081421e+02, 9.70282471e+02, 3.27629364e+02,
    9.67703369e+02, 3.47709198e+02, 9.65152283e+02, 3.67856659e+02,
    9.62860535e+02, 3.87996002e+02, 9.60498291e+02, 4.08009949e+02,
    9.51382874e+02, 3.23853638e+02, 9.48751892e+02, 3.44541199e+02,
    9.46244568e+02, 3.64615540e+02, 9.43847290e+02, 3.84914429e+02,
    9.41781372e+02, 4.05031006e+02, 9.32395813e+02, 3.20338348e+02,
    9.29761597e+02, 3.40697083e+02, 9.27125916e+02, 3.61355835e+02,
    9.24678284e+02, 3.81594666e+02, 9.22533569e+02, 4.02176392e+02,
    9.12654358e+02, 3.16714691e+02, 9.10473816e+02, 3.37426788e+02,
    9.07678162e+02, 3.57893433e+02, 9.05413391e+02, 3.78483002e+02,
    9.02840332e+02, 3.98986786e+02, 8.93225342e+02, 3.13040192e+02,
    8.90656982e+02, 3.33754456e+02, 8.88366455e+02, 3.54634186e+02,
    8.85646606e+02, 3.75279816e+02, 8.83227295e+02, 3.95910583e+02,
    8.73467712e+02, 3.09346588e+02, 8.70921631e+02, 3.30134857e+02,
    8.68589417e+02, 3.51001892e+02, 8.66021912e+02, 3.71718445e+02,
    8.63474670e+02, 3.92559265e+02 ]
