%YAML:1.0
points: [ 3.78758850e+02, 2.44648590e+02, 3.71380341e+02, 2.47194122e+02,
    3.64272125e+02, 2.50009567e+02, 3.57089905e+02, 2.52678665e+02,
    3.50144135e+02, 2.55027252e+02, 3.75201141e+02, 2.38003830e+02,
    3.68038147e+02, 2.40679214e+02, 3.61213745e+02, 2.43329483e+02,
    3.54118744e+02, 2.46124115e+02, 3.47256317e+02, 2.48404205e+02,
    3.72177887e+02, 2.31436783e+02, 3.65118347e+02, 2.34224564e+02,
    3.58044830e+02, 2.37070465e+02, 3.50987366e+02, 2.39261429e+02,
    3.44165161e+02, 2.41699280e+02, 3.68629456e+02, 2.25163300e+02,
    3.62011139e+02, 2.27873032e+02, 3.54920685e+02, 2.30432678e+02,
    3.48105225e+02, 2.32988586e+02, 3.41170593e+02, 2.34851913e+02,
    3.65924866e+02, 2.19037018e+02, 3.58759705e+02, 2.21475189e+02,
    3.51900085e+02, 2.24104172e+02, 3.45140686e+02, 2.27015015e+02,
    3.38373840e+02, 2.29285629e+02, 3.61995453e+02, 2.12231705e+02,
    3.55477844e+02, 2.15066986e+02, 3.48868530e+02, 2.18154480e+02,
    3.42074341e+02, 2.20339905e+02, 3.35190063e+02, 2.23150681e+02,
    3.59598236e+02, 2.07284561e+02, 3.53331360e+02, 2.09689865e+02,
    3.46042664e+02, 2.12095612e+02, 3.39371063e+02, 2.14855530e+02,
    3.32286835e+02, 2.16957550e+02 ]
