%YAML:1.0
points: [ 1.28803870e+03, 2.57810181e+02, 1.30291687e+03, 2.74487885e+02,
    1.31743274e+03, 2.91339447e+02, 1.33235388e+03, 3.07913757e+02,
    1.34727710e+03, 3.24654785e+02, 1.27148474e+03, 2.72262451e+02,
    1.28594360e+03, 2.89230194e+02, 1.30061584e+03, 3.05937805e+02,
    1.31546912e+03, 3.22578339e+02, 1.33060962e+03, 3.39116608e+02,
    1.25469800e+03, 2.86775085e+02, 1.26927222e+03, 3.03696655e+02,
    1.28379102e+03, 3.20609497e+02, 1.29879810e+03, 3.37196472e+02,
    1.31381604e+03, 3.53650848e+02, 1.23793311e+03, 3.01377472e+02,
    1.25262708e+03, 3.18239655e+02, 1.26719080e+03, 3.35158508e+02,
    1.28210693e+03, 3.51678162e+02, 1.29708752e+03, 3.68336090e+02,
    1.22099219e+03, 3.16104767e+02, 1.23595435e+03, 3.32632568e+02,
    1.25046423e+03, 3.49581757e+02, 1.26514221e+03, 3.66405396e+02,
    1.28004150e+03, 3.83141632e+02, 1.20440845e+03, 3.30622070e+02,
    1.21912805e+03, 3.47337616e+02, 1.23382446e+03, 3.63975555e+02,
    1.24845154e+03, 3.80968506e+02, 1.26327490e+03, 3.97655609e+02,
    1.18758032e+03, 3.45159332e+02, 1.20251099e+03, 3.61754669e+02,
    1.21717297e+03, 3.78591766e+02, 1.23181543e+03, 3.95385803e+02,
    1.24647119e+03, 4.12311401e+02 ]
