%YAML:1.0
points: [ 1.80663681e+02, 1.65070679e+02, 1.72898773e+02, 1.65661148e+02,
    1.65188293e+02, 1.66141724e+02, 1.57428696e+02, 1.66612488e+02,
    1.49683334e+02, 1.67218765e+02, 1.80219101e+02, 1.57520401e+02,
    1.72476028e+02, 1.57952194e+02, 1.64699387e+02, 1.58461105e+02,
    1.56893173e+02, 1.58991226e+02, 1.49176086e+02, 1.59543671e+02,
    1.79644363e+02, 1.49802170e+02, 1.71962311e+02, 1.50362488e+02,
    1.64235016e+02, 1.50856735e+02, 1.56447800e+02, 1.51341965e+02,
    1.48696945e+02, 1.51835999e+02, 1.79016327e+02, 1.42064117e+02,
    1.71431778e+02, 1.42644012e+02, 1.63704468e+02, 1.43244034e+02,
    1.55966751e+02, 1.43706131e+02, 1.48151688e+02, 1.44194016e+02,
    1.78595383e+02, 1.34467621e+02, 1.70863739e+02, 1.35041595e+02,
    1.63243118e+02, 1.35568115e+02, 1.55536133e+02, 1.36011139e+02,
    1.47664413e+02, 1.36589417e+02, 1.77976181e+02, 1.26786987e+02,
    1.70463867e+02, 1.27381477e+02, 1.62701553e+02, 1.27904373e+02,
    1.54978897e+02, 1.28467834e+02, 1.47122864e+02, 1.28847214e+02,
    1.77575394e+02, 1.19198288e+02, 1.69814499e+02, 1.19744049e+02,
    1.62181381e+02, 1.20314484e+02, 1.54507538e+02, 1.20733299e+02,
    1.46766861e+02, 1.21326958e+02 ]
