%YAML:1.0
points: [ 2.00622421e+02, 1.75831299e+02, 1.93445465e+02, 1.75978836e+02,
    1.86545959e+02, 1.76298660e+02, 1.79282822e+02, 1.76399734e+02,
    1.72290207e+02, 1.76538452e+02, 2.00650238e+02, 1.68701675e+02,
    1.93700043e+02, 1.69188965e+02, 1.86668915e+02, 1.69585892e+02,
    1.79600616e+02, 1.69646393e+02, 1.72414337e+02, 1.69673065e+02,
    2.00705551e+02, 1.61979630e+02, 1.93734436e+02, 1.62493118e+02,
    1.86730179e+02, 1.62695541e+02, 1.79703766e+02, 1.62709183e+02,
    1.72651917e+02, 1.62699173e+02, 2.00791946e+02, 1.55390015e+02,
    1.93783371e+02, 1.55661926e+02, 1.86819580e+02, 1.55774384e+02,
    1.79865265e+02, 1.55739044e+02, 1.72796616e+02, 1.55671219e+02,
    2.00826294e+02, 1.48802582e+02, 1.93845825e+02, 1.48688644e+02,
    1.86936859e+02, 1.48749725e+02, 1.80049362e+02, 1.45832245e+02,
    1.73147308e+02, 1.45806931e+02, 2.00949203e+02, 1.41658707e+02,
    1.93963974e+02, 1.41445572e+02, 1.87032059e+02, 1.41761581e+02,
    1.80226730e+02, 1.42253754e+02, 1.73147308e+02, 1.45806900e+02,
    2.01045364e+02, 1.34943451e+02, 1.94216476e+02, 1.35105621e+02,
    1.87281403e+02, 1.35472321e+02, 1.80366333e+02, 1.38905960e+02,
    1.73626526e+02, 1.35873032e+02 ]
