%YAML:1.0
points: [ 7.38178467e+02, 7.64329956e+02, 7.21246826e+02, 7.79551575e+02,
    7.04400391e+02, 7.94814514e+02, 6.87549866e+02, 8.10211426e+02,
    6.70763184e+02, 8.25489868e+02, 7.23230896e+02, 7.47623474e+02,
    7.06484375e+02, 7.62841736e+02, 6.89460083e+02, 7.78084106e+02,
    6.72673828e+02, 7.93285461e+02, 6.55693604e+02, 8.08680969e+02,
    7.08254028e+02, 7.30957092e+02, 6.91481384e+02, 7.45968994e+02,
    6.74624207e+02, 7.61287415e+02, 6.57586060e+02, 7.76591187e+02,
    6.40768738e+02, 7.91729065e+02, 6.92922607e+02, 7.14486633e+02,
    6.76422119e+02, 7.29426208e+02, 6.59642822e+02, 7.44453979e+02,
    6.42564697e+02, 7.59759949e+02, 6.25544312e+02, 7.75111145e+02,
    6.77916443e+02, 6.97700928e+02, 6.61419312e+02, 7.12690491e+02,
    6.44695801e+02, 7.27675903e+02, 6.27668945e+02, 7.42980774e+02,
    6.10580688e+02, 7.58405273e+02, 6.62921875e+02, 6.81052002e+02,
    6.46449768e+02, 6.95903076e+02, 6.29626831e+02, 7.11082031e+02,
    6.12650208e+02, 7.26361145e+02, 5.95470032e+02, 7.41602356e+02,
    6.48225342e+02, 6.64353760e+02, 6.31311462e+02, 6.79378174e+02,
    6.14621338e+02, 6.94402100e+02, 5.97517822e+02, 7.09658997e+02,
    5.80668396e+02, 7.24848877e+02 ]
