%YAML:1.0
points: [ 1.01357599e+03, 6.81527893e+02, 1.01320441e+03, 7.03911926e+02,
    1.01278992e+03, 7.26428833e+02, 1.01241614e+03, 7.49056946e+02,
    1.01199780e+03, 7.71374023e+02, 9.91434143e+02, 6.81016479e+02,
    9.90919067e+02, 7.03403198e+02, 9.90546570e+02, 7.25861877e+02,
    9.90234314e+02, 7.48507324e+02, 9.89766235e+02, 7.70871765e+02,
    9.69314575e+02, 6.80619629e+02, 9.68765442e+02, 7.02998413e+02,
    9.68280029e+02, 7.25352966e+02, 9.67820923e+02, 7.47957703e+02,
    9.67330078e+02, 7.70460999e+02, 9.46781372e+02, 6.80398376e+02,
    9.46367920e+02, 7.02496887e+02, 9.45842651e+02, 7.24748657e+02,
    9.45343384e+02, 7.47502075e+02, 9.44989319e+02, 7.70203064e+02,
    9.24439331e+02, 6.79829956e+02, 9.23970642e+02, 7.02155884e+02,
    9.23474121e+02, 7.24385193e+02, 9.23062073e+02, 7.46941956e+02,
    9.22584229e+02, 7.69676941e+02, 9.02062500e+02, 6.79422852e+02,
    9.01588074e+02, 7.01597473e+02, 9.01243591e+02, 7.23862915e+02,
    9.00706665e+02, 7.46470459e+02, 9.00270996e+02, 7.69267456e+02,
    8.79798523e+02, 6.78753906e+02, 8.79405701e+02, 7.01314148e+02,
    8.78814758e+02, 7.23488586e+02, 8.78310608e+02, 7.46031494e+02,
    8.77831360e+02, 7.68641541e+02 ]
