%YAML:1.0
points: [ 1.03896692e+03, 5.16703735e+02, 1.03904150e+03, 5.39017822e+02,
    1.03905017e+03, 5.61301147e+02, 1.03920715e+03, 5.83725403e+02,
    1.03926331e+03, 6.06359192e+02, 1.01666125e+03, 5.16617554e+02,
    1.01665222e+03, 5.38899841e+02, 1.01667505e+03, 5.61310608e+02,
    1.01665979e+03, 5.83668335e+02, 1.01674420e+03, 6.06350952e+02,
    9.94469116e+02, 5.16559875e+02, 9.94373108e+02, 5.38870361e+02,
    9.94258728e+02, 5.61280518e+02, 9.94388550e+02, 5.83586426e+02,
    9.94232117e+02, 6.06236877e+02, 9.72090149e+02, 5.16470459e+02,
    9.71878967e+02, 5.38727295e+02, 9.71815491e+02, 5.61206909e+02,
    9.71744873e+02, 5.83610413e+02, 9.71800049e+02, 6.06219604e+02,
    9.49542969e+02, 5.16382202e+02, 9.49468323e+02, 5.38687317e+02,
    9.49420471e+02, 5.61167847e+02, 9.49370117e+02, 5.83458435e+02,
    9.49415161e+02, 6.06073792e+02, 9.27361755e+02, 5.16341309e+02,
    9.27253174e+02, 5.38639404e+02, 9.27208313e+02, 5.61142334e+02,
    9.26984131e+02, 5.83485840e+02, 9.27016235e+02, 6.06105347e+02,
    9.05025452e+02, 5.16241943e+02, 9.04896057e+02, 5.38661804e+02,
    9.04708374e+02, 5.61050049e+02, 9.04599365e+02, 5.83438171e+02,
    9.04545227e+02, 6.06066833e+02 ]
