%YAML:1.0
points: [ 1.95523041e+02, 2.16853531e+02, 2.00650681e+02, 2.22220062e+02,
    2.04923996e+02, 2.27112823e+02, 2.10188797e+02, 2.32470688e+02,
    2.14149246e+02, 2.37444458e+02, 1.90428360e+02, 2.21604477e+02,
    1.95687057e+02, 2.26302826e+02, 2.00652145e+02, 2.31327194e+02,
    2.05679443e+02, 2.36347153e+02, 2.10538467e+02, 2.41140335e+02,
    1.85932800e+02, 2.25279953e+02, 1.90568130e+02, 2.30660065e+02,
    1.95456604e+02, 2.35944717e+02, 2.00531174e+02, 2.40998856e+02,
    2.05367691e+02, 2.46466629e+02, 1.80101807e+02, 2.30147308e+02,
    1.85161545e+02, 2.35487854e+02, 1.90113434e+02, 2.40663925e+02,
    1.95211853e+02, 2.45819382e+02, 2.00372498e+02, 2.50800766e+02,
    1.75024078e+02, 2.34471390e+02, 1.79835251e+02, 2.40003647e+02,
    1.84808594e+02, 2.45384613e+02, 1.89871033e+02, 2.50657593e+02,
    1.94959045e+02, 2.56066193e+02, 1.69115036e+02, 2.39429749e+02,
    1.74273056e+02, 2.44841110e+02, 1.79267776e+02, 2.50229858e+02,
    1.84456406e+02, 2.55587967e+02, 1.89672897e+02, 2.60705536e+02,
    1.63720840e+02, 2.44245529e+02, 1.68566849e+02, 2.49601547e+02,
    1.73922913e+02, 2.55230774e+02, 1.78902679e+02, 2.60426514e+02,
    1.84212585e+02, 2.66160858e+02 ]
