%YAML:1.0
points: [ 2.70413147e+02, 2.14880432e+02, 276., 2.18750000e+02,
    2.81615265e+02, 2.22114746e+02, 2.87500000e+02, 2.25750000e+02,
    2.93131042e+02, 2.29164963e+02, 2.67153809e+02, 2.21056000e+02,
    2.72998322e+02, 2.24699631e+02, 2.78977692e+02, 2.28245148e+02,
    2.84847992e+02, 2.31975281e+02, 2.90494049e+02, 2.35409973e+02,
    2.64247345e+02, 2.27433517e+02, 2.70542664e+02, 2.30204803e+02,
    2.76239319e+02, 2.34274857e+02, 2.82076874e+02, 2.37892349e+02, 288.,
    2.41500000e+02, 2.61696960e+02, 2.32650055e+02, 2.67766327e+02,
    2.36363449e+02, 2.73386566e+02, 2.40179184e+02, 2.79458832e+02,
    2.43836899e+02, 2.84940979e+02, 2.47414276e+02, 2.59306458e+02,
    2.39315613e+02, 2.64758148e+02, 2.43005936e+02, 2.70510559e+02,
    2.46172546e+02, 2.76488983e+02, 2.49970963e+02, 2.82313080e+02,
    2.53213181e+02, 2.55758545e+02, 2.46123566e+02, 2.61500458e+02,
    2.49352844e+02, 2.67648346e+02, 2.52856567e+02, 2.73379913e+02,
    2.55998901e+02, 2.79637573e+02, 2.59902985e+02, 2.52912262e+02,
    2.52280029e+02, 2.58743835e+02, 2.55684967e+02, 2.64832642e+02,
    2.59867615e+02, 2.70766418e+02, 2.62693359e+02, 2.76698792e+02,
    2.67299500e+02 ]
