%YAML:1.0
points: [ 1.30183875e+03, 4.81229675e+02, 1.30284607e+03, 5.03393463e+02,
    1.30371021e+03, 5.25623657e+02, 1.30476477e+03, 5.48200256e+02,
    1.30562793e+03, 5.70570679e+02, 1.27956384e+03, 4.81600159e+02,
    1.28034985e+03, 5.03870667e+02, 1.28130664e+03, 5.26140625e+02,
    1.28198804e+03, 5.48672791e+02, 1.28291394e+03, 5.71106140e+02,
    1.25720801e+03, 4.82109619e+02, 1.25778699e+03, 5.04322571e+02,
    1.25852966e+03, 5.26684692e+02, 1.25956726e+03, 5.49237976e+02,
    1.26027112e+03, 5.71465027e+02, 1.23485474e+03, 4.82444519e+02,
    1.23547595e+03, 5.04770325e+02, 1.23608606e+03, 5.27261719e+02,
    1.23703931e+03, 5.49560486e+02, 1.23779407e+03, 5.71995178e+02,
    1.21253137e+03, 4.82912170e+02, 1.21295654e+03, 5.05360687e+02,
    1.21352942e+03, 5.27636536e+02, 1.21447095e+03, 5.50052246e+02,
    1.21559778e+03, 5.72418213e+02, 1.19030847e+03, 4.83379242e+02,
    1.19055090e+03, 5.05747375e+02, 1.19123669e+03, 5.28175903e+02,
    1.19197717e+03, 5.50471252e+02, 1.19287708e+03, 5.72787659e+02,
    1.16769934e+03, 4.83838287e+02, 1.16839783e+03, 5.06237762e+02,
    1.16876587e+03, 5.28579163e+02, 1.16960596e+03, 5.50910889e+02,
    1.17040161e+03, 5.73424194e+02 ]
