%YAML:1.0
points: [ 1.17035535e+03, 6.22268433e+02, 1.14808594e+03, 6.23454041e+02,
    1.12555713e+03, 6.24630859e+02, 1.10334424e+03, 6.25941223e+02,
    1.08095532e+03, 6.27344849e+02, 1.16909338e+03, 5.99825439e+02,
    1.14654871e+03, 6.01299805e+02, 1.12415308e+03, 6.02412292e+02,
    1.10190869e+03, 6.03630676e+02, 1.07979175e+03, 6.04930176e+02,
    1.16755322e+03, 5.77499939e+02, 1.14504016e+03, 5.78859741e+02,
    1.12270715e+03, 5.80303772e+02, 1.10061792e+03, 5.81367432e+02,
    1.07848181e+03, 5.82564392e+02, 1.16589917e+03, 5.55289490e+02,
    1.14360583e+03, 5.56529724e+02, 1.12137195e+03, 5.57931396e+02,
    1.09933691e+03, 5.59306335e+02, 1.07694678e+03, 5.60396423e+02,
    1.16452502e+03, 5.33240051e+02, 1.14232068e+03, 5.34395935e+02,
    1.11992383e+03, 5.35596008e+02, 1.09763354e+03, 5.36982300e+02,
    1.07552283e+03, 5.38253174e+02, 1.16318823e+03, 5.10834839e+02,
    1.14078174e+03, 5.12353821e+02, 1.11850757e+03, 5.13453308e+02,
    1.09635474e+03, 5.14645264e+02, 1.07425720e+03, 5.16011414e+02,
    1.16167957e+03, 4.88604065e+02, 1.13947217e+03, 4.90103027e+02,
    1.11726538e+03, 4.91430084e+02, 1.09511304e+03, 4.92580872e+02,
    1.07287073e+03, 4.93771454e+02 ]
