%YAML:1.0
points: [ 3.45586334e+02, 2.38826767e+02, 3.37760834e+02, 2.39272247e+02,
    3.29931641e+02, 2.39663605e+02, 3.22168762e+02, 2.39942078e+02,
    3.14593750e+02, 2.40379623e+02, 3.45073883e+02, 2.31067932e+02,
    3.37227936e+02, 2.31582962e+02, 3.29541290e+02, 2.31838425e+02,
    3.21795349e+02, 2.32255249e+02, 3.14015076e+02, 2.32635757e+02,
    3.44621735e+02, 2.23395599e+02, 3.36774139e+02, 2.23796570e+02,
    3.28956635e+02, 2.24106796e+02, 3.21291748e+02, 2.24639709e+02,
    3.13696747e+02, 2.24857834e+02, 3.44046967e+02, 2.15750381e+02,
    3.36345581e+02, 2.15940720e+02, 3.28496033e+02, 2.16516586e+02,
    3.20855652e+02, 2.16821518e+02, 3.13122070e+02, 2.17235062e+02,
    3.43636383e+02, 2.07841324e+02, 3.35864624e+02, 2.08532166e+02,
    3.28056122e+02, 2.08837173e+02, 3.20404663e+02, 2.09141968e+02,
    3.12665222e+02, 2.09616257e+02, 3.43171661e+02, 2.00328384e+02,
    3.35446106e+02, 2.00714096e+02, 3.27695068e+02, 2.01092224e+02,
    3.19843811e+02, 2.01546829e+02, 3.12281097e+02, 2.01757248e+02,
    3.42717743e+02, 1.92685974e+02, 3.35005035e+02, 1.92963776e+02,
    3.27227692e+02, 1.93488129e+02, 3.19601074e+02, 1.93794891e+02,
    3.11798523e+02, 1.94246292e+02 ]
