%YAML:1.0
points: [ 9.27296387e+02, 2.62936249e+02, 9.49413086e+02, 2.65770142e+02,
    9.71534851e+02, 2.68842346e+02, 9.93742798e+02, 2.71512146e+02,
    1.01592963e+03, 2.74511322e+02, 9.24494629e+02, 2.85131927e+02,
    9.46773560e+02, 2.87910706e+02, 9.68971436e+02, 2.91086884e+02,
    9.91076416e+02, 2.93719086e+02, 1.01315027e+03, 2.96505737e+02,
    9.22109741e+02, 3.07330872e+02, 9.44145508e+02, 3.10224060e+02,
    9.66217529e+02, 3.13085938e+02, 9.88380615e+02, 3.15704681e+02,
    1.01061804e+03, 3.18472229e+02, 9.19290100e+02, 3.29367188e+02,
    9.41504578e+02, 3.32381714e+02, 9.63737854e+02, 3.35229523e+02,
    9.85748413e+02, 3.37997345e+02, 1.00781024e+03, 3.40497101e+02,
    9.16708130e+02, 3.51562469e+02, 9.38737000e+02, 3.54397278e+02,
    9.60912170e+02, 3.57206726e+02, 9.83014709e+02, 3.60098297e+02,
    1.00533588e+03, 3.62827423e+02, 9.13861389e+02, 3.73638519e+02,
    9.36258911e+02, 3.76551849e+02, 9.58443420e+02, 3.79392487e+02,
    9.80450806e+02, 3.82202759e+02, 1.00248639e+03, 3.85014130e+02,
    9.11372192e+02, 3.95934631e+02, 9.33521973e+02, 3.98464325e+02,
    9.55621094e+02, 4.01439484e+02, 9.77843262e+02, 4.04175476e+02,
    9.99952393e+02, 4.07119568e+02 ]
