%YAML:1.0
points: [ 2.99779480e+02, 1.86417191e+02, 3.05206848e+02, 1.90754456e+02,
    3.11642975e+02, 1.93458374e+02, 3.17890594e+02, 1.97836594e+02,
    3.23431366e+02, 2.00916046e+02, 2.96278748e+02, 1.91947296e+02,
    3.02166870e+02, 1.95844101e+02, 3.08174988e+02, 1.99381989e+02,
    3.14600891e+02, 2.02848465e+02, 3.20700806e+02, 2.06357452e+02,
    2.93402527e+02, 1.97816376e+02, 2.99058899e+02, 2.01445328e+02,
    3.05017181e+02, 2.05073227e+02, 3.11049347e+02, 2.08533707e+02,
    3.17050415e+02, 2.12380539e+02, 2.89325317e+02, 2.03856842e+02,
    2.95461609e+02, 2.07384262e+02, 3.01530243e+02, 2.10905258e+02,
    3.08015594e+02, 2.14669098e+02, 3.14192535e+02, 2.18081665e+02,
    2.86642792e+02, 2.09308594e+02, 2.92192261e+02, 2.13361435e+02,
    2.98348816e+02, 2.17071655e+02, 3.04343506e+02, 2.20647598e+02,
    3.10562714e+02, 2.24180161e+02, 2.82635101e+02, 2.15777542e+02,
    2.88583466e+02, 2.19308395e+02, 2.94813629e+02, 2.22849869e+02,
    3.01004120e+02, 2.26691422e+02, 3.07286224e+02, 2.30133942e+02,
    2.79483276e+02, 2.21556778e+02, 2.85222382e+02, 2.24887466e+02,
    2.91689178e+02, 2.29224777e+02, 2.97569092e+02, 2.32265823e+02,
    3.03957214e+02, 2.36587280e+02 ]
