%YAML:1.0
points: [ 2.56594208e+02, 1.90424042e+02, 2.64057861e+02, 1.92012360e+02,
    2.71659698e+02, 1.93598328e+02, 2.78994293e+02, 1.95222458e+02,
    2.86592621e+02, 1.96781036e+02, 2.54971680e+02, 1.97824478e+02,
    2.62523651e+02, 1.99461258e+02, 2.69920288e+02, 2.01217072e+02,
    2.77414856e+02, 2.02693680e+02, 2.85074615e+02, 2.04247803e+02,
    2.53399231e+02, 2.05309357e+02, 2.60996765e+02, 2.07022202e+02,
    2.68408600e+02, 2.08514175e+02, 2.75880096e+02, 2.10212936e+02,
    2.83430267e+02, 2.11754944e+02, 2.51834808e+02, 2.12894760e+02,
    2.59341095e+02, 2.14553375e+02, 2.66795502e+02, 2.16078766e+02,
    2.74373108e+02, 2.17671326e+02, 2.81882263e+02, 2.19256927e+02,
    2.50249146e+02, 2.20355286e+02, 2.57806641e+02, 2.22023041e+02,
    2.65268890e+02, 2.23629822e+02, 2.72812439e+02, 2.25156799e+02,
    2.80341461e+02, 2.26776611e+02, 2.48678467e+02, 2.27886963e+02,
    2.56189667e+02, 2.29456070e+02, 2.63625366e+02, 2.31127502e+02,
    2.71208618e+02, 2.32762909e+02, 2.78785004e+02, 2.34334045e+02,
    2.47072586e+02, 2.35427979e+02, 2.54465744e+02, 2.37151108e+02,
    2.62083252e+02, 2.38660019e+02, 2.69615204e+02, 2.40295883e+02,
    2.77205200e+02, 2.41886093e+02 ]
