%YAML:1.0
points: [ 6.96505005e+02, 4.60942474e+02, 7.18141418e+02, 4.65305725e+02,
    7.39713867e+02, 4.69605072e+02, 7.61658142e+02, 4.73672668e+02,
    7.83617493e+02, 4.77883545e+02, 6.91915955e+02, 4.82534607e+02,
    7.13727722e+02, 4.86889740e+02, 7.35493835e+02, 4.91352234e+02,
    7.57466370e+02, 4.95702423e+02, 7.79386719e+02, 4.99705566e+02,
    6.87472961e+02, 5.04330994e+02, 7.09479065e+02, 5.08665833e+02,
    7.31363403e+02, 5.13193115e+02, 7.53064026e+02, 5.17401917e+02,
    7.74851685e+02, 5.21636108e+02, 6.82616028e+02, 5.26179871e+02,
    7.04882080e+02, 5.30469116e+02, 7.26931885e+02, 5.34893250e+02,
    7.48494385e+02, 5.39272888e+02, 7.70353149e+02, 5.43488586e+02,
    6.78178284e+02, 5.48217896e+02, 7.00459961e+02, 5.52451416e+02,
    7.22405945e+02, 5.56684875e+02, 7.44195984e+02, 5.61002075e+02,
    7.65748962e+02, 5.65413025e+02, 6.73696289e+02, 5.70114929e+02,
    6.95834290e+02, 5.74477478e+02, 7.17764709e+02, 5.78615662e+02,
    7.39563538e+02, 5.82837036e+02, 7.61368164e+02, 5.87249939e+02,
    6.69122375e+02, 5.92010681e+02, 6.91191040e+02, 5.96397339e+02,
    7.13253479e+02, 6.00643555e+02, 7.35076416e+02, 6.04869202e+02,
    7.57145142e+02, 6.09128296e+02 ]
