%YAML:1.0
points: [ 1.81966476e+02, 1.82038116e+02, 1.89463348e+02, 1.83555756e+02,
    1.97038651e+02, 1.85134613e+02, 2.04556839e+02, 1.86657516e+02,
    2.12084900e+02, 1.88151489e+02, 1.80421494e+02, 1.89546906e+02,
    1.87957855e+02, 1.91102448e+02, 1.95534927e+02, 1.92549500e+02,
    2.02972427e+02, 1.94154526e+02, 2.10566986e+02, 1.95580521e+02,
    1.78838043e+02, 1.97078522e+02, 1.86356293e+02, 1.98622330e+02,
    1.93956543e+02, 2.00119644e+02, 2.01477554e+02, 2.01498444e+02,
    2.09006104e+02, 2.03249893e+02, 1.77132645e+02, 2.04459930e+02,
    1.84803497e+02, 2.06146973e+02, 1.92372131e+02, 2.07683884e+02,
    1.99864075e+02, 2.09167938e+02, 2.07510040e+02, 2.10533844e+02,
    1.75502686e+02, 2.12161621e+02, 1.83198044e+02, 2.13710953e+02,
    1.90800644e+02, 2.15192749e+02, 1.98282715e+02, 2.16684052e+02,
    2.05769028e+02, 2.18277176e+02, 1.73974854e+02, 2.19641083e+02,
    1.81606781e+02, 2.21193314e+02, 1.89239777e+02, 2.22708252e+02,
    1.96752884e+02, 2.24288452e+02, 2.04274933e+02, 2.25721481e+02,
    1.72328522e+02, 2.27176941e+02, 1.79930405e+02, 2.28732880e+02,
    1.87644745e+02, 2.30294632e+02, 1.95050720e+02, 2.31801132e+02,
    2.02730148e+02, 2.33349014e+02 ]
