%YAML:1.0
points: [ 2.68363770e+02, 1.73342194e+02, 2.62890533e+02, 1.78624359e+02,
    2.59078430e+02, 1.83603912e+02, 2.53864029e+02, 1.89045151e+02,
    2.49744797e+02, 1.93633514e+02, 2.62728424e+02, 1.68492859e+02,
    2.58448151e+02, 1.74154083e+02, 2.53593079e+02, 1.79532822e+02,
    2.49108658e+02, 1.84724396e+02, 2.45059998e+02, 1.90022552e+02,
    2.57896240e+02, 1.64574051e+02, 2.53029663e+02, 1.69429855e+02,
    2.48535461e+02, 1.74859680e+02, 2.43845596e+02, 1.80266068e+02,
    2.39191040e+02, 1.85116959e+02, 2.52426682e+02, 1.59570236e+02,
    2.47954376e+02, 1.64998001e+02, 2.43231689e+02, 1.70152634e+02,
    2.38442856e+02, 1.75676010e+02, 2.34354172e+02, 1.80899139e+02,
    2.47373001e+02, 1.55211990e+02, 2.42479523e+02, 1.60357574e+02,
    2.37676651e+02, 1.65630676e+02, 2.33094604e+02, 1.70867645e+02,
    2.28406006e+02, 1.76177322e+02, 2.41762131e+02, 1.49970459e+02,
    2.37096268e+02, 1.55501968e+02, 2.32400146e+02, 1.61022812e+02,
    2.27650711e+02, 1.66398926e+02, 2.23196625e+02, 1.71822906e+02,
    2.36302551e+02, 1.45624359e+02, 2.31804764e+02, 1.50665939e+02,
    2.26698456e+02, 1.56374847e+02, 2.22460373e+02, 1.61554977e+02,
    2.17242188e+02, 1.67134171e+02 ]
