%YAML:1.0
points: [ 8.23055542e+02, 3.20114105e+02, 8.33103394e+02, 3.39356293e+02,
    8.43182312e+02, 3.58717590e+02, 8.53406067e+02, 3.78309113e+02,
    8.63574829e+02, 3.97712097e+02, 8.03396301e+02, 3.29911530e+02,
    8.13465332e+02, 3.49381989e+02, 8.23554199e+02, 3.68773468e+02,
    8.33567505e+02, 3.88406097e+02, 8.43870178e+02, 4.07795837e+02,
    7.83419189e+02, 3.39788696e+02, 7.93602417e+02, 3.59452545e+02,
    8.03757568e+02, 3.79080048e+02, 8.13915283e+02, 3.98457703e+02,
    8.24186951e+02, 4.17947571e+02, 7.63452209e+02, 3.49548096e+02,
    7.73680786e+02, 3.69376862e+02, 7.84049377e+02, 3.88999481e+02,
    7.94034973e+02, 4.08506500e+02, 8.04299561e+02, 4.27994232e+02,
    7.43543152e+02, 3.59476196e+02, 7.53867737e+02, 3.79387878e+02,
    7.64087280e+02, 3.99132050e+02, 7.74274536e+02, 4.18582642e+02,
    7.84305237e+02, 4.38151154e+02, 7.23639526e+02, 3.69562622e+02,
    7.33913696e+02, 3.89433624e+02, 7.44244385e+02, 4.09111603e+02,
    7.54312439e+02, 4.28667664e+02, 7.64423218e+02, 4.48239929e+02,
    7.03658630e+02, 3.79586670e+02, 7.13769897e+02, 3.99504852e+02,
    7.24237305e+02, 4.19272522e+02, 7.34214722e+02, 4.38732391e+02,
    7.44515991e+02, 4.58429077e+02 ]
