%YAML:1.0
points: [ 3.23743744e+02, 2.05327332e+02, 3.17973724e+02, 2.10502686e+02,
    3.13237762e+02, 2.14858673e+02, 3.07500366e+02, 2.19980103e+02,
    3.03351715e+02, 2.23472626e+02, 3.17989410e+02, 2.00644806e+02,
    3.13049805e+02, 2.05187515e+02, 3.07909363e+02, 2.09759262e+02,
    3.02810059e+02, 2.15160217e+02, 2.98768250e+02, 2.19363342e+02,
    3.12915680e+02, 1.95910858e+02, 3.07777679e+02, 2.00542465e+02,
    3.02711609e+02, 2.05042999e+02, 2.97959442e+02, 2.09324463e+02,
    2.93131561e+02, 2.14015991e+02, 3.07233490e+02, 1.90796616e+02,
    3.02467468e+02, 1.95751541e+02, 2.97708801e+02, 2.00107315e+02,
    2.92669739e+02, 2.05002655e+02, 2.88250366e+02, 2.09519958e+02,
    3.02344971e+02, 1.86157303e+02, 2.97168030e+02, 1.90907135e+02,
    2.92508545e+02, 1.95526199e+02, 2.87627899e+02, 1.99821381e+02,
    2.82868958e+02, 2.04529434e+02, 2.96661926e+02, 1.80530502e+02,
    2.92037903e+02, 1.85697281e+02, 2.86989014e+02, 1.90705673e+02,
    2.82658905e+02, 1.95492523e+02, 2.78085938e+02, 1.99879257e+02,
    2.91612946e+02, 1.76006760e+02, 2.87003357e+02, 1.80432907e+02,
    2.81869507e+02, 1.85915054e+02, 2.77614166e+02, 1.90354416e+02,
    2.72370300e+02, 1.95184982e+02 ]
