%YAML:1.0
points: [ 3.51393890e+02, 1.46409988e+02, 3.55241699e+02, 1.52974121e+02,
    3.59059967e+02, 1.59676773e+02, 3.63150848e+02, 1.66326172e+02,
    3.66677032e+02, 1.73062653e+02, 3.44926453e+02, 1.50223618e+02,
    3.48852783e+02, 1.56626450e+02, 3.52496704e+02, 1.63222946e+02,
    3.56356079e+02, 1.70020020e+02, 3.60327209e+02, 1.76468430e+02,
    3.38474426e+02, 1.53511292e+02, 3.42153229e+02, 1.60345490e+02,
    3.45757996e+02, 1.67084763e+02, 3.49782166e+02, 1.73583374e+02,
    3.53595917e+02, 1.80273865e+02, 3.31812744e+02, 1.57360916e+02,
    3.35409607e+02, 1.64118698e+02, 3.39196838e+02, 1.70656479e+02,
    3.43208466e+02, 1.77321198e+02, 3.47072845e+02, 1.83907654e+02,
    3.25282562e+02, 1.61037537e+02, 3.28881470e+02, 1.67654221e+02,
    3.32583679e+02, 1.74314880e+02, 3.36394012e+02, 1.81089722e+02,
    3.40292236e+02, 1.87727005e+02, 3.18414795e+02, 1.64659988e+02,
    3.22219604e+02, 1.71360870e+02, 3.25920349e+02, 1.78142044e+02,
    3.29804108e+02, 1.84700729e+02, 3.33725189e+02, 1.91228271e+02,
    3.12025604e+02, 1.68313431e+02, 3.15495819e+02, 1.74951782e+02,
    3.19456390e+02, 1.81825775e+02, 3.23151215e+02, 1.88273254e+02,
    3.27091949e+02, 1.95172104e+02 ]
