%YAML:1.0
points: [ 1.18642896e+03, 3.55187103e+02, 1.19754749e+03, 3.74136383e+02,
    1.20863330e+03, 3.93297028e+02, 1.21976086e+03, 4.12307587e+02,
    1.23084656e+03, 4.31554962e+02, 1.16748291e+03, 3.65612457e+02,
    1.17842590e+03, 3.84790924e+02, 1.18952917e+03, 4.03868042e+02,
    1.20055310e+03, 4.23140808e+02, 1.21181531e+03, 4.42252960e+02,
    1.14841101e+03, 3.76311432e+02, 1.15940613e+03, 3.95487671e+02,
    1.17029150e+03, 4.14669067e+02, 1.18167261e+03, 4.33727112e+02,
    1.19273486e+03, 4.53131348e+02, 1.12958081e+03, 3.86588776e+02,
    1.14044482e+03, 4.06097260e+02, 1.15135852e+03, 4.25504913e+02,
    1.16254578e+03, 4.44524475e+02, 1.17370764e+03, 4.63708771e+02,
    1.11050256e+03, 3.97307068e+02, 1.12135266e+03, 4.16660126e+02,
    1.13226782e+03, 4.36124084e+02, 1.14345276e+03, 4.55323364e+02,
    1.15473999e+03, 4.74554626e+02, 1.09132532e+03, 4.07939758e+02,
    1.10213794e+03, 4.27526123e+02, 1.11318872e+03, 4.46793671e+02,
    1.12429272e+03, 4.66117950e+02, 1.13562830e+03, 4.85332397e+02,
    1.07211011e+03, 4.18773834e+02, 1.08303613e+03, 4.38141449e+02,
    1.09382849e+03, 4.57551941e+02, 1.10509924e+03, 4.76758636e+02,
    1.11636890e+03, 4.96204193e+02 ]
