%YAML:1.0
points: [ 2.37273834e+02, 2.54622238e+02, 2.30622131e+02, 2.58545898e+02,
    2.23623016e+02, 2.62270721e+02, 2.16976212e+02, 2.66299988e+02,
    2.10259415e+02, 2.69931183e+02, 2.33373276e+02, 2.48163620e+02,
    2.26811447e+02, 2.51920547e+02, 2.20180618e+02, 2.55633057e+02,
    2.13303345e+02, 2.59495697e+02, 2.06516266e+02, 2.63228455e+02,
    2.29723404e+02, 2.41481873e+02, 2.23008469e+02, 2.45224747e+02,
    2.16294968e+02, 2.48965607e+02, 2.09471939e+02, 2.52681290e+02,
    2.02755722e+02, 2.56559265e+02, 2.25920609e+02, 2.34898071e+02,
    2.19229309e+02, 2.38537170e+02, 2.12567078e+02, 2.42258942e+02,
    2.05786469e+02, 2.46168823e+02, 1.99037674e+02, 2.50003326e+02,
    2.22161926e+02, 2.28186447e+02, 2.15529175e+02, 2.31786880e+02,
    2.08836929e+02, 2.35532822e+02, 2.01999741e+02, 2.39358780e+02,
    1.95127457e+02, 2.43314392e+02, 2.18476532e+02, 2.21296463e+02,
    2.11636734e+02, 2.25199173e+02, 2.05049942e+02, 2.29040527e+02,
    1.98305405e+02, 2.32545715e+02, 1.91372284e+02, 2.36403793e+02,
    2.14906616e+02, 2.14707809e+02, 2.08039139e+02, 2.18420288e+02,
    2.01327774e+02, 2.22245529e+02, 1.94298843e+02, 2.25902634e+02,
    1.87614990e+02, 2.29865891e+02 ]
