%YAML:1.0
points: [ 8.65411438e+02, 4.96647034e+02, 8.78515198e+02, 5.12516235e+02,
    8.91612122e+02, 5.28396423e+02, 9.04762085e+02, 5.44381897e+02,
    9.18125793e+02, 5.60373718e+02, 8.49447632e+02, 5.09418732e+02,
    8.62546875e+02, 5.25447144e+02, 8.75744019e+02, 5.41412292e+02,
    8.88943970e+02, 5.57371826e+02, 9.02214661e+02, 5.73378052e+02,
    8.33368347e+02, 5.22258362e+02, 8.46541443e+02, 5.38359924e+02,
    8.59682739e+02, 5.54454529e+02, 8.73135071e+02, 5.70410095e+02,
    8.86357361e+02, 5.86503052e+02, 8.17174744e+02, 5.35136108e+02,
    8.30402283e+02, 5.51370667e+02, 8.43646667e+02, 5.67599182e+02,
    8.56900635e+02, 5.83604187e+02, 8.70431335e+02, 5.99658997e+02,
    8.00766235e+02, 5.48104919e+02, 8.14093140e+02, 5.64462646e+02,
    8.27404907e+02, 5.80679993e+02, 8.40776123e+02, 5.96824402e+02,
    8.54243469e+02, 6.13009094e+02, 7.84279602e+02, 5.61345520e+02,
    7.97604431e+02, 5.77699158e+02, 8.11048889e+02, 5.93958313e+02,
    8.24502136e+02, 6.10278625e+02, 8.37903564e+02, 6.26378845e+02,
    7.67612732e+02, 5.74540833e+02, 7.81121399e+02, 5.90972473e+02,
    7.94529785e+02, 6.07359741e+02, 8.07898926e+02, 6.23675354e+02,
    8.21561340e+02, 6.40098389e+02 ]
