%YAML:1.0
points: [ 3.32499908e+02, 2.33917496e+02, 3.26331909e+02, 2.37337357e+02,
    3.19346252e+02, 2.40136169e+02, 3.13051697e+02, 2.43468002e+02,
    3.06427887e+02, 2.46213242e+02, 3.29101318e+02, 2.27644913e+02,
    3.22400665e+02, 2.30663345e+02, 3.16228699e+02, 2.33731125e+02,
    3.09637512e+02, 2.36720261e+02, 3.03517120e+02, 2.39960556e+02,
    3.26176849e+02, 2.21198273e+02, 3.19218018e+02, 2.24133011e+02,
    3.12874207e+02, 2.27359726e+02, 3.06304138e+02, 2.30210754e+02,
    3.00272308e+02, 2.33231628e+02, 3.22311737e+02, 2.14469284e+02,
    3.16270935e+02, 2.17713089e+02, 3.09460907e+02, 2.20735611e+02,
    3.03340851e+02, 2.23967056e+02, 2.97089081e+02, 2.26841263e+02,
    3.19450928e+02, 2.08099152e+02, 3.13137695e+02, 2.11379181e+02,
    3.06339722e+02, 2.14293945e+02, 3.00068817e+02, 2.17459625e+02,
    2.93703461e+02, 2.20373795e+02, 3.15695374e+02, 2.02119232e+02,
    3.09593018e+02, 2.04746552e+02, 3.03227966e+02, 2.08210754e+02,
    2.96498901e+02, 2.10919113e+02, 2.90696533e+02, 2.14115219e+02,
    3.13104919e+02, 1.96184067e+02, 3.06817596e+02, 1.98463257e+02,
    3.00238922e+02, 2.02144150e+02, 2.93818420e+02, 2.04605972e+02,
    2.87084229e+02, 2.08122208e+02 ]
