%YAML:1.0
points: [ 3.13932648e+02, 1.54388519e+02, 3.17989319e+02, 1.60569672e+02,
    3.21380157e+02, 1.66857376e+02, 3.25375366e+02, 1.72996552e+02,
    3.28887817e+02, 1.79320801e+02, 3.07800354e+02, 1.58662155e+02,
    3.11393402e+02, 1.64619888e+02, 3.15153320e+02, 1.70650772e+02,
    3.18764984e+02, 1.76700775e+02, 3.22486053e+02, 1.82804443e+02,
    3.01490082e+02, 1.62234558e+02, 3.04972748e+02, 1.68273926e+02,
    3.08767548e+02, 1.74549469e+02, 3.12548462e+02, 1.80668289e+02,
    3.16205872e+02, 1.86729950e+02, 2.95196167e+02, 1.66354248e+02,
    2.98917206e+02, 1.72135437e+02, 3.02631287e+02, 1.78154510e+02,
    3.06342194e+02, 1.84177216e+02, 3.09915985e+02, 1.90277405e+02,
    2.89247192e+02, 1.69555115e+02, 2.92929932e+02, 1.75882812e+02,
    2.96542389e+02, 1.82016464e+02, 3.00189697e+02, 1.87960632e+02,
    3.03676025e+02, 1.94383896e+02, 2.83182922e+02, 1.74021561e+02,
    2.86574860e+02, 1.79668976e+02, 2.90584015e+02, 1.85722549e+02,
    2.94150391e+02, 1.91786163e+02, 2.97600952e+02, 1.97547852e+02,
    2.77602478e+02, 1.77321259e+02, 2.80517548e+02, 1.82853928e+02,
    2.84532593e+02, 1.89308670e+02, 2.87566040e+02, 1.95409897e+02,
    2.91871307e+02, 2.01447464e+02 ]
