%YAML:1.0
points: [ 8.18623535e+02, 5.17313232e+02, 7.99421265e+02, 5.24710815e+02,
    7.80433411e+02, 5.32123718e+02, 7.61349976e+02, 5.39385010e+02,
    7.42292664e+02, 5.46739624e+02, 8.10608337e+02, 4.98638062e+02,
    7.91600586e+02, 5.05940491e+02, 7.72488403e+02, 5.13434448e+02,
    7.53322754e+02, 5.20804321e+02, 7.34156372e+02, 5.28269592e+02,
    8.02816284e+02, 4.79713501e+02, 7.83624512e+02, 4.87067596e+02,
    7.64412354e+02, 4.94513641e+02, 7.45190125e+02, 5.01999542e+02,
    7.25795837e+02, 5.09580566e+02, 7.94721313e+02, 4.60818939e+02,
    7.75538635e+02, 4.68263641e+02, 7.56369629e+02, 4.75449402e+02,
    7.36761719e+02, 4.83170197e+02, 7.17416809e+02, 4.90579193e+02,
    7.86776123e+02, 4.41702148e+02, 7.67444580e+02, 4.49077606e+02,
    7.48005737e+02, 4.56406250e+02, 7.28543274e+02, 4.63901337e+02,
    7.08936768e+02, 4.71582489e+02, 7.78713928e+02, 4.22277924e+02,
    7.59213440e+02, 4.29531342e+02, 7.39678162e+02, 4.36974365e+02,
    7.20055664e+02, 4.44537201e+02, 7.00288635e+02, 4.52285950e+02,
    7.70495728e+02, 4.02497284e+02, 7.50759216e+02, 4.09877625e+02,
    7.31267090e+02, 4.17390961e+02, 7.11414612e+02, 4.25113373e+02,
    6.91666382e+02, 4.32578583e+02 ]
