%YAML:1.0
points: [ 3.53301300e+02, 2.21918976e+02, 3.46767365e+02, 2.25903885e+02,
    3.40518127e+02, 2.29360947e+02, 3.34064606e+02, 2.33247543e+02,
    3.28075470e+02, 2.36521545e+02, 3.48677002e+02, 2.16142441e+02,
    3.42688782e+02, 2.19707260e+02, 3.36314697e+02, 2.23530716e+02,
    3.30253204e+02, 2.27019424e+02, 3.24380005e+02, 2.30642258e+02,
    3.44974701e+02, 2.10125229e+02, 3.38625000e+02, 2.13887268e+02,
    3.32470795e+02, 2.17676483e+02, 3.26173645e+02, 2.21158737e+02,
    3.20173187e+02, 2.24442017e+02, 3.40413940e+02, 2.04315781e+02,
    3.34688995e+02, 2.07854843e+02, 3.28342804e+02, 2.11699570e+02,
    3.22553589e+02, 2.15257950e+02, 3.16697388e+02, 2.18680328e+02,
    3.37087860e+02, 1.98671371e+02, 3.30692566e+02, 2.02234222e+02,
    3.24643677e+02, 2.05881760e+02, 3.18547913e+02, 2.09384369e+02,
    3.12256775e+02, 2.12826675e+02, 3.32227600e+02, 1.93065247e+02,
    3.26816040e+02, 1.96419052e+02, 3.20588165e+02, 2.00212021e+02,
    3.14740753e+02, 2.03728989e+02, 3.08945190e+02, 2.07015289e+02,
    3.29468140e+02, 1.87235962e+02, 3.23096130e+02, 1.91059845e+02,
    3.17068420e+02, 1.95143356e+02, 3.10767395e+02, 1.98160614e+02,
    3.04894073e+02, 2.02396866e+02 ]
