%YAML:1.0
---
cameraMatrix: !!opencv-matrix
   rows: 3
   cols: 3
   dt: d
   data: [ 3.8581051177766557e+02, 0., 2.5706814237073792e+02, 0.,
       3.8847875689697287e+02, 1.9079801558986833e+02, 0., 0., 1. ]
distortionCoefficients: !!opencv-matrix
   rows: 1
   cols: 5
   dt: d
   data: [ 2.2393135984281226e-01, -7.6491380654568375e-01,
       -1.6892596874089175e-02, 1.9090246340010006e-03,
       1.0163352748608032e+00 ]
rotation: !!opencv-matrix
   rows: 3
   cols: 3
   dt: d
   data: [ 1., 0., 0., 0., 1., 0., 0., 0., 1. ]
projection: !!opencv-matrix
   rows: 4
   cols: 4
   dt: d
   data: [ 3.8581051177766557e+02, 0., 2.5706814237073792e+02, 0., 0.,
       3.8847875689697287e+02, 1.9079801558986833e+02, 0., 0., 0., 1.,
       0., 0., 0., 0., 1. ]
