%YAML:1.0
---
cameraMatrix: !!opencv-matrix
   rows: 3
   cols: 3
   dt: d
   data: [ 1.0809057500237873e+03, 0., 9.5495735215938805e+02, 0.,
       1.0842309972013084e+03, 5.4113900773106059e+02, 0., 0., 1. ]
distortionCoefficients: !!opencv-matrix
   rows: 1
   cols: 5
   dt: d
   data: [ 9.5459007042168670e-02, -1.6084072530947940e-01,
       2.4435550226311769e-03, 5.9344190119879712e-04,
       7.0626191835893304e-02 ]
rotation: !!opencv-matrix
   rows: 3
   cols: 3
   dt: d
   data: [ 1., 0., 0., 0., 1., 0., 0., 0., 1. ]
projection: !!opencv-matrix
   rows: 4
   cols: 4
   dt: d
   data: [ 1.0809057500237873e+03, 0., 9.5495735215938805e+02, 0., 0.,
       1.0842309972013084e+03, 5.4113900773106059e+02, 0., 0., 0., 1.,
       0., 0., 0., 0., 1. ]
