%YAML:1.0
---
rotation: !!opencv-matrix
   rows: 3
   cols: 3
   dt: d
   data: [ 9.9999605791306856e-01, -2.7692041255723302e-03,
       -4.6439943329412410e-04, 2.7322073179890695e-03,
       9.9778424346315353e-01, -6.6476601446177327e-02,
       6.4745771619287610e-04, 6.6475070554105412e-02,
       9.9778787615070397e-01 ]
translation: !!opencv-matrix
   rows: 3
   cols: 1
   dt: d
   data: [ -4.8856957449448166e-02, 4.6386692278220683e-03,
       -5.5459893235676398e-02 ]
essential: !!opencv-matrix
   rows: 3
   cols: 3
   dt: d
   data: [ 1.5453126833782740e-04, 5.5645363478903268e-02,
       9.4162269811860159e-04, -5.5428041793865700e-02,
       3.4013494586630287e-03, 4.8774635351659400e-02,
       -4.7721382784627888e-03, -4.8735856904646269e-02,
       3.2499986836004497e-03 ]
fundamental: !!opencv-matrix
   rows: 3
   cols: 3
   dt: d
   data: [ 3.1329232995084125e-08, 1.1203898297906831e-05,
       -2.0720833396956147e-03, -1.1202860732561941e-05,
       6.8274328340107659e-07, 6.5529930079281217e-03,
       4.9866215285147971e-03, -2.1675314261348069e-02, 1. ]
