%YAML:1.0
---
depthShift: 2.1034999882001049e+01
