%YAML:1.0
points: [ 3.29826935e+02, 2.30943542e+02, 3.27051544e+02, 2.37153214e+02,
    3.24810669e+02, 2.43587662e+02, 3.21962830e+02, 2.50035370e+02,
    3.19570709e+02, 2.56549438e+02, 3.23241669e+02, 2.28165375e+02,
    3.20126465e+02, 2.34756439e+02, 3.17882477e+02, 2.41211334e+02,
    3.15290741e+02, 2.47914108e+02, 3.13379333e+02, 2.53819489e+02,
    3.16285278e+02, 2.25895035e+02, 3.14053375e+02, 2.32285706e+02,
    3.11047577e+02, 2.38446716e+02, 3.08953430e+02, 2.45169998e+02,
    3.06202850e+02, 2.51221603e+02, 3.10581024e+02, 2.23035126e+02,
    3.07204102e+02, 2.29548767e+02, 3.04841431e+02, 2.36134293e+02,
    3.02223816e+02, 2.42235947e+02, 2.99820648e+02, 2.48181488e+02,
    3.03529938e+02, 2.20904572e+02, 3.00934357e+02, 2.27636841e+02,
    2.98314758e+02, 2.33297226e+02, 2.96002747e+02, 2.39795135e+02,
    2.93283386e+02, 2.45867264e+02, 2.96456238e+02, 2.18163284e+02,
    2.94215424e+02, 2.24132980e+02, 2.91819305e+02, 2.31053162e+02,
    2.89152191e+02, 2.37502350e+02, 2.86710114e+02, 2.43725143e+02,
    2.90031311e+02, 2.15751984e+02, 2.88125397e+02, 2.22013290e+02,
    2.84899902e+02, 2.28739609e+02, 2.83329376e+02, 2.34046768e+02,
    2.79496643e+02, 2.40660599e+02 ]
