%YAML:1.0
points: [ 1.12874707e+03, 5.99013428e+02, 1.12133948e+03, 6.17999634e+02,
    1.11426648e+03, 6.36977905e+02, 1.10684973e+03, 6.56074402e+02,
    1.09968140e+03, 6.75157776e+02, 1.10956787e+03, 5.91689697e+02,
    1.10231848e+03, 6.10607178e+02, 1.09494800e+03, 6.29565063e+02,
    1.08774829e+03, 6.48482056e+02, 1.08048169e+03, 6.67617798e+02,
    1.09054565e+03, 5.84417725e+02, 1.08320349e+03, 6.03315552e+02,
    1.07584351e+03, 6.22085632e+02, 1.06860803e+03, 6.41186401e+02,
    1.06140955e+03, 6.60111328e+02, 1.07154785e+03, 5.77057129e+02,
    1.06437085e+03, 5.95929871e+02, 1.05679297e+03, 6.14777527e+02,
    1.04955518e+03, 6.33642761e+02, 1.04242517e+03, 6.52685730e+02,
    1.05260327e+03, 5.69767029e+02, 1.04535107e+03, 5.88658264e+02,
    1.03797180e+03, 6.07508484e+02, 1.03061047e+03, 6.26404541e+02,
    1.02347595e+03, 6.45393982e+02, 1.03364331e+03, 5.62539551e+02,
    1.02631482e+03, 5.81376648e+02, 1.01913904e+03, 6.00268494e+02,
    1.01173712e+03, 6.19125000e+02, 1.00449896e+03, 6.37961426e+02,
    1.01472534e+03, 5.55185303e+02, 1.00744147e+03, 5.74069153e+02,
    1.00021820e+03, 5.92842468e+02, 9.92902649e+02, 6.11633728e+02,
    9.85815552e+02, 6.30590271e+02 ]
