%YAML:1.0
points: [ 7.55201111e+02, 3.11006317e+02, 7.54910217e+02, 3.30609680e+02,
    7.54596863e+02, 3.49926941e+02, 7.54380676e+02, 3.69851227e+02,
    7.54270447e+02, 3.89362244e+02, 7.35563660e+02, 3.10988342e+02,
    7.35229675e+02, 3.30446655e+02, 7.34904114e+02, 3.49973358e+02,
    7.34713379e+02, 3.69745422e+02, 7.34536987e+02, 3.89162537e+02,
    7.15947632e+02, 3.10748047e+02, 7.15714478e+02, 3.30350006e+02,
    7.15467285e+02, 3.49936310e+02, 7.14949646e+02, 3.69550873e+02,
    7.14955261e+02, 3.89010864e+02, 6.95893372e+02, 3.10255463e+02,
    6.95873230e+02, 3.29975342e+02, 6.95766907e+02, 3.49853638e+02,
    6.95306885e+02, 3.69309265e+02, 6.95010864e+02, 3.88975189e+02,
    6.76075867e+02, 3.10054016e+02, 6.76117737e+02, 3.29876099e+02,
    6.75986389e+02, 3.49695251e+02, 6.75613159e+02, 3.69249725e+02,
    6.75245056e+02, 3.88651398e+02, 6.56328186e+02, 3.09851318e+02,
    6.56327026e+02, 3.29665955e+02, 6.56174927e+02, 3.49509094e+02,
    6.55876404e+02, 3.69004578e+02, 6.55460999e+02, 3.88532837e+02,
    6.36682678e+02, 3.09619263e+02, 6.36476746e+02, 3.29437225e+02,
    6.36367126e+02, 3.49208435e+02, 6.36035645e+02, 3.68880798e+02,
    6.35668518e+02, 3.88289612e+02 ]
