%YAML:1.0
points: [ 6.40400574e+02, 6.23304016e+02, 6.60614563e+02, 6.23093506e+02,
    6.80705505e+02, 6.22866943e+02, 7.00553528e+02, 6.22775269e+02,
    7.20223145e+02, 6.22720093e+02, 6.40520020e+02, 6.43226868e+02,
    6.60724426e+02, 6.43035950e+02, 6.80808899e+02, 6.42856384e+02,
    7.00764221e+02, 6.42581421e+02, 7.20203064e+02, 6.42448242e+02,
    6.40357727e+02, 6.63132080e+02, 6.60765808e+02, 6.62794128e+02,
    6.80775940e+02, 6.62464172e+02, 7.00798645e+02, 6.62220154e+02,
    7.20254822e+02, 6.62163452e+02, 6.40451233e+02, 6.83073242e+02,
    6.60638794e+02, 6.82625732e+02, 6.80950500e+02, 6.82265991e+02,
    7.00775696e+02, 6.82207642e+02, 7.20461548e+02, 6.82140137e+02,
    6.40524109e+02, 7.02959839e+02, 6.60665405e+02, 7.02530212e+02,
    6.80815918e+02, 7.02271240e+02, 7.00877319e+02, 7.01974731e+02,
    7.20832703e+02, 7.01905640e+02, 6.40558044e+02, 7.22825134e+02,
    6.60618164e+02, 7.22653748e+02, 6.80762634e+02, 7.22273315e+02,
    7.00801636e+02, 7.22014404e+02, 7.20886353e+02, 7.21879822e+02,
    6.40368103e+02, 7.43015137e+02, 6.60593445e+02, 7.42623169e+02,
    6.80668823e+02, 7.42239563e+02, 7.00783020e+02, 7.42039978e+02,
    7.20917969e+02, 7.41711914e+02 ]
