%YAML:1.0
points: [ 1.22761890e+03, 6.73133972e+02, 1.22738892e+03, 6.93103943e+02,
    1.22709216e+03, 7.12777771e+02, 1.22703162e+03, 7.32834229e+02,
    1.22677893e+03, 7.52819824e+02, 1.20759229e+03, 6.72683594e+02,
    1.20740710e+03, 6.92592407e+02, 1.20723108e+03, 7.12502197e+02,
    1.20705701e+03, 7.32476013e+02, 1.20704150e+03, 7.52473877e+02,
    1.18786658e+03, 6.72459900e+02, 1.18748242e+03, 6.92409485e+02,
    1.18734363e+03, 7.12178406e+02, 1.18716931e+03, 7.32151245e+02,
    1.18720874e+03, 7.52138245e+02, 1.16832715e+03, 6.72308594e+02,
    1.16794397e+03, 6.92172241e+02, 1.16748999e+03, 7.11859985e+02,
    1.16738477e+03, 7.31773560e+02, 1.16737805e+03, 7.51679871e+02,
    1.14832556e+03, 6.71798645e+02, 1.14836902e+03, 6.91786011e+02,
    1.14783643e+03, 7.11661621e+02, 1.14754980e+03, 7.31421448e+02,
    1.14742920e+03, 7.51268494e+02, 1.12858252e+03, 6.71567993e+02,
    1.12840137e+03, 6.91586426e+02, 1.12822693e+03, 7.11500000e+02,
    1.12781506e+03, 7.31167053e+02, 1.12761292e+03, 7.50995361e+02,
    1.10881409e+03, 6.71409790e+02, 1.10868372e+03, 6.91479431e+02,
    1.10848242e+03, 7.11290100e+02, 1.10814380e+03, 7.30863037e+02,
    1.10770850e+03, 7.50583679e+02 ]
