%YAML:1.0
points: [ 2.76853241e+02, 1.72339233e+02, 2.76137909e+02, 1.79185043e+02,
    2.75598816e+02, 1.85790100e+02, 2.74761749e+02, 1.92980591e+02,
    2.74228943e+02, 1.99745834e+02, 2.69769165e+02, 1.71707443e+02,
    2.69212860e+02, 1.78648834e+02, 2.68660980e+02, 1.85697723e+02,
    2.67791565e+02, 1.92478897e+02, 2.67499847e+02, 1.99409454e+02,
    2.62824768e+02, 1.71010971e+02, 2.62319000e+02, 1.77863373e+02,
    2.61760498e+02, 1.84851410e+02, 2.60973267e+02, 1.91785934e+02,
    2.60245880e+02, 1.98671997e+02, 2.56101410e+02, 1.70516296e+02,
    2.55412277e+02, 1.77375031e+02, 2.54731293e+02, 1.84358627e+02,
    2.53976044e+02, 1.91155533e+02, 2.53679993e+02, 1.98037460e+02,
    2.49067505e+02, 1.69750153e+02, 2.48547943e+02, 1.76830460e+02,
    2.47794022e+02, 1.83736542e+02, 2.47147003e+02, 1.90626953e+02,
    2.46459702e+02, 1.97474976e+02, 2.42155258e+02, 1.69099319e+02,
    2.41570007e+02, 1.76125961e+02, 2.40781021e+02, 1.82847900e+02,
    2.40171631e+02, 1.89856262e+02, 2.39704742e+02, 1.96757126e+02,
    2.35361191e+02, 1.68634644e+02, 2.34752472e+02, 1.75551926e+02,
    2.33897736e+02, 1.82459061e+02, 2.33322708e+02, 1.89314911e+02,
    2.32662186e+02, 1.96186157e+02 ]
