%YAML:1.0
points: [ 1.26862854e+03, 4.53113556e+02, 1.24923914e+03, 4.53227844e+02,
    1.22947278e+03, 4.53264954e+02, 1.20986829e+03, 4.53447235e+02,
    1.19008606e+03, 4.53707825e+02, 1.26843518e+03, 4.33462738e+02,
    1.24866260e+03, 4.33571533e+02, 1.22915320e+03, 4.33615448e+02,
    1.20948132e+03, 4.33719299e+02, 1.18973633e+03, 4.33920837e+02,
    1.26820850e+03, 4.13637024e+02, 1.24840637e+03, 4.13794067e+02,
    1.22862903e+03, 4.14076477e+02, 1.20926526e+03, 4.14049835e+02,
    1.18945264e+03, 4.14393341e+02, 1.26826648e+03, 3.93967438e+02,
    1.24835486e+03, 3.94215454e+02, 1.22844604e+03, 3.94487274e+02,
    1.20901660e+03, 3.94482330e+02, 1.18941052e+03, 3.94636139e+02,
    1.26818567e+03, 3.74375000e+02, 1.24813953e+03, 3.74646088e+02,
    1.22828577e+03, 3.74966278e+02, 1.20863318e+03, 3.75050201e+02,
    1.18924963e+03, 3.74978058e+02, 1.26785474e+03, 3.54679443e+02,
    1.24799622e+03, 3.54905029e+02, 1.22808411e+03, 3.55275635e+02,
    1.20839441e+03, 3.55454895e+02, 1.18884167e+03, 3.55493011e+02,
    1.26760999e+03, 3.35038452e+02, 1.24782312e+03, 3.35302673e+02,
    1.22790393e+03, 3.35474365e+02, 1.20829883e+03, 3.35521545e+02,
    1.18867102e+03, 3.35717407e+02 ]
