%YAML:1.0
points: [ 7.22984680e+02, 7.35221924e+02, 7.02756775e+02, 7.36275208e+02,
    6.82834473e+02, 7.37232727e+02, 6.62737366e+02, 7.38377991e+02,
    6.42913757e+02, 7.39216980e+02, 7.22404236e+02, 7.15439209e+02,
    7.02378662e+02, 7.16353149e+02, 6.82273560e+02, 7.17367859e+02,
    6.62200134e+02, 7.18238770e+02, 6.42205383e+02, 7.19076538e+02,
    7.21662598e+02, 6.95597412e+02, 7.01817139e+02, 6.96360168e+02,
    6.81716309e+02, 6.97243469e+02, 6.61510132e+02, 6.98125183e+02,
    6.41618958e+02, 6.99130920e+02, 7.20719666e+02, 6.75751648e+02,
    7.01001953e+02, 6.76524963e+02, 6.81121094e+02, 6.77171326e+02,
    6.60801941e+02, 6.78289490e+02, 6.40633606e+02, 6.79393127e+02,
    7.20007446e+02, 6.56016785e+02, 7.00412598e+02, 6.56666687e+02,
    6.80526611e+02, 6.57461792e+02, 6.60391663e+02, 6.58416626e+02,
    6.40056641e+02, 6.59444153e+02, 7.19147034e+02, 6.36010925e+02,
    6.99558899e+02, 6.36910828e+02, 6.79862915e+02, 6.37763184e+02,
    6.59703857e+02, 6.38588318e+02, 6.39411682e+02, 6.39546204e+02,
    7.18642883e+02, 6.16478760e+02, 6.98743835e+02, 6.17247864e+02,
    6.78990295e+02, 6.17972229e+02, 6.58973572e+02, 6.18747375e+02,
    6.38834167e+02, 6.19647095e+02 ]
