%YAML:1.0
points: [ 9.15351562e+02, 3.45591522e+02, 9.34914612e+02, 3.45528625e+02,
    9.54563232e+02, 3.45532990e+02, 9.74364502e+02, 3.45500580e+02,
    9.94013123e+02, 3.45428680e+02, 9.15403931e+02, 3.65359344e+02,
    9.34964050e+02, 3.65295135e+02, 9.54619385e+02, 3.65286987e+02,
    9.74439697e+02, 3.65196716e+02, 9.94037842e+02, 3.64938171e+02,
    9.15542786e+02, 3.84832245e+02, 9.35074585e+02, 3.84803101e+02,
    9.54714233e+02, 3.84843323e+02, 9.74457153e+02, 3.84685669e+02,
    9.94299561e+02, 3.84532745e+02, 9.15615173e+02, 4.04335327e+02,
    9.35239136e+02, 4.04314850e+02, 9.54792908e+02, 4.04326721e+02,
    9.74550476e+02, 4.04302185e+02, 9.94331482e+02, 4.04158478e+02,
    9.15693542e+02, 4.24142090e+02, 9.35325256e+02, 4.23917328e+02,
    9.55041321e+02, 4.24044281e+02, 9.74625549e+02, 4.23862274e+02,
    9.94515015e+02, 4.23791809e+02, 9.15705261e+02, 4.43713745e+02,
    9.35481140e+02, 4.43651581e+02, 9.55104675e+02, 4.43558380e+02,
    9.74786682e+02, 4.43645355e+02, 9.94552246e+02, 4.43535034e+02,
    9.15934814e+02, 4.63358093e+02, 9.35589172e+02, 4.63190063e+02,
    9.55318542e+02, 4.63092743e+02, 9.74910339e+02, 4.63016754e+02,
    9.94713928e+02, 4.63092407e+02 ]
