%YAML:1.0
points: [ 2.05318436e+02, 1.28761353e+02, 2.04567688e+02, 1.35764557e+02,
    2.03861069e+02, 1.42707687e+02, 2.03127258e+02, 1.49702560e+02,
    2.02339859e+02, 1.56532242e+02, 1.98244278e+02, 1.27851265e+02,
    1.97593475e+02, 1.35012985e+02, 1.96868546e+02, 1.41908768e+02,
    1.96122879e+02, 1.48866852e+02, 1.95418030e+02, 1.55813202e+02,
    1.91211670e+02, 1.27088936e+02, 1.90621567e+02, 1.34095825e+02,
    1.89934357e+02, 1.41088791e+02, 1.89200073e+02, 1.48067703e+02,
    1.88373199e+02, 1.54881378e+02, 1.84259979e+02, 1.26269142e+02,
    1.83568588e+02, 1.33267960e+02, 1.82853439e+02, 1.40243469e+02,
    1.82174057e+02, 1.47178894e+02, 1.81373901e+02, 1.54203979e+02,
    1.77231049e+02, 1.25471420e+02, 1.76629578e+02, 1.32459198e+02,
    1.75843735e+02, 1.39548737e+02, 1.75156769e+02, 1.46406509e+02,
    1.74392700e+02, 1.53382904e+02, 1.70199982e+02, 1.24605911e+02,
    1.69522430e+02, 1.31571167e+02, 1.68834946e+02, 1.38690201e+02,
    1.68191559e+02, 1.45632904e+02, 1.67395416e+02, 1.52629059e+02,
    1.63165604e+02, 1.23805641e+02, 1.62477600e+02, 1.30770477e+02,
    1.61769440e+02, 1.37779709e+02, 1.61097733e+02, 1.44801086e+02,
    1.60372238e+02, 1.51738602e+02 ]
