%YAML:1.0
points: [ 3.03261322e+02, 1.42239655e+02, 3.02816772e+02, 1.48959900e+02,
    3.02534393e+02, 1.55916611e+02, 3.01986816e+02, 1.62803848e+02,
    3.01676025e+02, 1.69815536e+02, 2.96364685e+02, 1.41785828e+02,
    2.95824463e+02, 1.48692932e+02, 2.95708710e+02, 1.55649277e+02,
    2.94992493e+02, 1.62640366e+02, 2.94824249e+02, 1.69489670e+02,
    2.89485718e+02, 1.41502853e+02, 2.88852386e+02, 1.48412582e+02,
    2.88673431e+02, 1.55313446e+02, 2.88123352e+02, 1.62174850e+02,
    2.87700134e+02, 1.68939743e+02, 2.82665649e+02, 1.40866257e+02,
    2.81936035e+02, 1.47899811e+02, 2.81672577e+02, 1.54814484e+02,
    2.81173645e+02, 1.61728119e+02, 2.80859100e+02, 1.68662323e+02,
    2.75630035e+02, 1.40599258e+02, 2.74951599e+02, 1.47656815e+02,
    2.74768219e+02, 1.54560089e+02, 2.74364044e+02, 1.61443558e+02,
    2.73748322e+02, 1.68231277e+02, 2.68705536e+02, 1.40124832e+02,
    2.68150879e+02, 1.47152817e+02, 2.67718842e+02, 1.53917389e+02,
    2.67498016e+02, 1.60897903e+02, 2.66945404e+02, 1.67743774e+02,
    2.61761292e+02, 1.39696259e+02, 2.61268402e+02, 1.46651703e+02,
    2.60807709e+02, 1.53734680e+02, 2.60568787e+02, 1.60541443e+02,
    2.59853241e+02, 1.67506439e+02 ]
