%YAML:1.0
points: [ 3.77108948e+02, 2.09596756e+02, 3.72233917e+02, 2.15399536e+02,
    3.69673706e+02, 2.21395889e+02, 3.65862915e+02, 2.27784378e+02,
    3.63801849e+02, 2.33528870e+02, 3.69466522e+02, 2.05751846e+02,
    3.66643280e+02, 2.12312851e+02, 3.63008820e+02, 2.18547836e+02,
    3.60056763e+02, 2.24726410e+02, 3.57159088e+02, 2.30774933e+02,
    3.63743866e+02, 2.03250015e+02, 3.60440399e+02, 2.09273788e+02,
    3.56947601e+02, 2.15546722e+02, 3.53848938e+02, 2.21431366e+02,
    3.50767883e+02, 2.27462036e+02, 3.57255280e+02, 1.99569916e+02,
    3.54445251e+02, 2.06118088e+02, 3.50868225e+02, 2.12212204e+02,
    3.47932770e+02, 2.18342560e+02, 3.44871094e+02, 2.24433929e+02,
    3.51354828e+02, 1.96850876e+02, 3.48333405e+02, 2.03026962e+02,
    3.44788574e+02, 2.09232391e+02, 3.41606750e+02, 2.15486313e+02,
    3.38343018e+02, 2.21161682e+02, 3.44809418e+02, 1.93272598e+02,
    3.41738159e+02, 1.99637695e+02, 3.38866089e+02, 2.06134415e+02,
    3.35608246e+02, 2.12599518e+02, 3.32094666e+02, 2.18425491e+02,
    3.38854370e+02, 1.90824036e+02, 3.36175873e+02, 1.96548645e+02,
    3.32712494e+02, 2.03307526e+02, 3.29890472e+02, 2.09049973e+02,
    3.25718231e+02, 2.14983719e+02 ]
