%YAML:1.0
points: [ 6.67792358e+02, 4.70010193e+02, 6.88126343e+02, 4.71241089e+02,
    7.08499207e+02, 4.72329651e+02, 7.28870239e+02, 4.73584808e+02,
    7.49207275e+02, 4.74780151e+02, 6.66726074e+02, 4.90343506e+02,
    6.87090515e+02, 4.91445312e+02, 7.07459595e+02, 4.92533783e+02,
    7.27826050e+02, 4.93830872e+02, 7.48113403e+02, 4.94981384e+02,
    6.65553467e+02, 5.10434174e+02, 6.86069153e+02, 5.11659302e+02,
    7.06467651e+02, 5.12900757e+02, 7.26737488e+02, 5.13861755e+02,
    7.47142883e+02, 5.15157227e+02, 6.64405579e+02, 5.30524597e+02,
    6.85136169e+02, 5.31841797e+02, 7.05534363e+02, 5.33134766e+02,
    7.25563049e+02, 5.34257690e+02, 7.45864746e+02, 5.35288086e+02,
    6.63317932e+02, 5.50806030e+02, 6.84088257e+02, 5.52099976e+02,
    7.04325439e+02, 5.53335571e+02, 7.24529358e+02, 5.54394775e+02,
    7.44633240e+02, 5.55537354e+02, 6.62148621e+02, 5.71156555e+02,
    6.82718445e+02, 5.72177979e+02, 7.03146912e+02, 5.73412659e+02,
    7.23424500e+02, 5.74608582e+02, 7.43597656e+02, 5.75724670e+02,
    6.61088806e+02, 5.91322693e+02, 6.81603149e+02, 5.92515198e+02,
    7.01998352e+02, 5.93527649e+02, 7.22425659e+02, 5.94789612e+02,
    7.42636658e+02, 5.96064575e+02 ]
