%YAML:1.0
points: [ 9.35449646e+02, 4.95877045e+02, 9.55499634e+02, 4.95954193e+02,
    9.75583374e+02, 4.96476624e+02, 9.95816162e+02, 4.96508270e+02,
    1.01587445e+03, 4.96639069e+02, 9.35317261e+02, 5.15024170e+02,
    9.55360840e+02, 5.15437317e+02, 9.75564880e+02, 5.15644836e+02,
    9.95801331e+02, 5.15868530e+02, 1.01609442e+03, 5.15852356e+02,
    9.35167114e+02, 5.34544312e+02, 9.55317627e+02, 5.34993713e+02,
    9.75581238e+02, 5.35293274e+02, 9.95878479e+02, 5.35334473e+02,
    1.01636420e+03, 5.35384827e+02, 9.34925720e+02, 5.54375671e+02,
    9.55294495e+02, 5.54532227e+02, 9.75585022e+02, 5.54979431e+02,
    9.96156189e+02, 5.55105652e+02, 1.01646460e+03, 5.55234375e+02,
    9.34732788e+02, 5.74484924e+02, 9.55199585e+02, 5.74534119e+02,
    9.75582031e+02, 5.74843018e+02, 9.96181335e+02, 5.75115845e+02,
    1.01652716e+03, 5.75348511e+02, 9.34557190e+02, 5.94449585e+02,
    9.55222351e+02, 5.94617065e+02, 9.75650635e+02, 5.94757507e+02,
    9.96313049e+02, 5.95210876e+02, 1.01668219e+03, 5.95353882e+02,
    9.34433105e+02, 6.14581604e+02, 9.55140442e+02, 6.14692078e+02,
    9.75638306e+02, 6.15017090e+02, 9.96345703e+02, 6.15224487e+02,
    1.01679022e+03, 6.15572327e+02 ]
