%YAML:1.0
points: [ 2.97718109e+02, 2.06711212e+02, 3.03504211e+02, 2.10815033e+02,
    3.09647827e+02, 2.13181183e+02, 3.15820953e+02, 2.17339035e+02,
    3.21374573e+02, 2.20146133e+02, 2.93982788e+02, 2.12652008e+02,
    3.00604065e+02, 2.16271240e+02, 3.06237274e+02, 2.19668793e+02,
    3.12381561e+02, 2.22871841e+02, 3.18790588e+02, 2.26119476e+02,
    2.91199310e+02, 2.18866180e+02, 2.96744598e+02, 2.22277847e+02,
    3.02645355e+02, 2.25672150e+02, 3.08998016e+02, 2.29279724e+02,
    3.14680817e+02, 2.32469131e+02, 2.87846649e+02, 2.24936707e+02,
    2.93424103e+02, 2.28484344e+02, 2.99195770e+02, 2.31676620e+02,
    3.05530334e+02, 2.35176849e+02, 3.11740387e+02, 2.38250610e+02,
    2.84593658e+02, 2.30845657e+02, 2.89988831e+02, 2.34329987e+02,
    2.95940613e+02, 2.37973160e+02, 3.02043243e+02, 2.41347549e+02,
    3.07810272e+02, 2.44583954e+02, 2.80534393e+02, 2.37086533e+02,
    2.86486847e+02, 2.40415955e+02, 2.92574707e+02, 2.43951859e+02,
    2.98635284e+02, 2.47270905e+02, 3.04949585e+02, 2.50611877e+02,
    2.77922119e+02, 2.43007523e+02, 2.83264526e+02, 2.46113724e+02,
    2.89489319e+02, 2.50286224e+02, 2.95278809e+02, 2.53018997e+02,
    3.01068329e+02, 2.57300323e+02 ]
