%YAML:1.0
points: [ 1.26288293e+03, 5.93926941e+02, 1.24261145e+03, 5.93850220e+02,
    1.22239246e+03, 5.93989075e+02, 1.20199316e+03, 5.93934753e+02,
    1.18153833e+03, 5.94341675e+02, 1.26090198e+03, 5.73958984e+02,
    1.24071521e+03, 5.74075195e+02, 1.22062964e+03, 5.74127258e+02,
    1.20046912e+03, 5.74255127e+02, 1.18013831e+03, 5.74358826e+02,
    1.25920776e+03, 5.54139343e+02, 1.23881836e+03, 5.54294861e+02,
    1.21869861e+03, 5.54435608e+02, 1.19890417e+03, 5.54299377e+02,
    1.17862598e+03, 5.54427551e+02, 1.25770532e+03, 5.34250183e+02,
    1.23733728e+03, 5.34417358e+02, 1.21714990e+03, 5.34554626e+02,
    1.19722900e+03, 5.34497681e+02, 1.17725757e+03, 5.34507507e+02,
    1.25582751e+03, 5.14660400e+02, 1.23560535e+03, 5.15013000e+02,
    1.21563757e+03, 5.15160461e+02, 1.19569031e+03, 5.15072021e+02,
    1.17584277e+03, 5.15142822e+02, 1.25413989e+03, 4.95631500e+02,
    1.23400293e+03, 4.95829010e+02, 1.21397974e+03, 4.95821991e+02,
    1.19429712e+03, 4.95905579e+02, 1.17452710e+03, 4.95770447e+02,
    1.25240808e+03, 4.76603302e+02, 1.23250769e+03, 4.76599121e+02,
    1.21250403e+03, 4.76744171e+02, 1.19267712e+03, 4.76626068e+02,
    1.17312268e+03, 4.76743042e+02 ]
