%YAML:1.0
points: [ 1.03503308e+03, 5.30012207e+02, 1.05277551e+03, 5.39740967e+02,
    1.07046106e+03, 5.49481079e+02, 1.08826294e+03, 5.59256836e+02,
    1.10594226e+03, 5.68861328e+02, 1.02534192e+03, 5.47740784e+02,
    1.04299915e+03, 5.57528442e+02, 1.06076648e+03, 5.67391541e+02,
    1.07837219e+03, 5.76909973e+02, 1.09624036e+03, 5.86615356e+02,
    1.01552722e+03, 5.65580017e+02, 1.03329114e+03, 5.75252991e+02,
    1.05086084e+03, 5.84922424e+02, 1.06876001e+03, 5.94637512e+02,
    1.08644373e+03, 6.04446350e+02, 1.00578455e+03, 5.83341370e+02,
    1.02354773e+03, 5.93156250e+02, 1.04129285e+03, 6.02686707e+02,
    1.05885522e+03, 6.12449219e+02, 1.07672009e+03, 6.22145935e+02,
    9.96233154e+02, 6.01028137e+02, 1.01379321e+03, 6.10679260e+02,
    1.03145447e+03, 6.20493958e+02, 1.04920520e+03, 6.30086487e+02,
    1.06704712e+03, 6.39861450e+02, 9.86420959e+02, 6.18827087e+02,
    1.00397284e+03, 6.28430603e+02, 1.02172900e+03, 6.38103027e+02,
    1.03950964e+03, 6.47823181e+02, 1.05737585e+03, 6.57604065e+02,
    9.76573669e+02, 6.36486206e+02, 9.94379028e+02, 6.46295471e+02,
    1.01191364e+03, 6.55823792e+02, 1.02975659e+03, 6.65547546e+02,
    1.04747766e+03, 6.75205933e+02 ]
