%YAML:1.0
points: [ 2.86944275e+02, 1.55829575e+02, 2.82924805e+02, 1.61223541e+02,
    2.80603485e+02, 1.67496201e+02, 2.76455139e+02, 1.73888992e+02,
    2.74325623e+02, 1.79191116e+02, 2.79867096e+02, 1.52321365e+02,
    2.76857056e+02, 1.58426254e+02, 2.73753296e+02, 1.64647034e+02,
    2.70979584e+02, 1.70644272e+02, 2.67785614e+02, 1.76626068e+02,
    2.73824738e+02, 1.49591553e+02, 2.70911682e+02, 1.55648544e+02,
    2.67775787e+02, 1.61754318e+02, 2.64531250e+02, 1.67726089e+02,
    2.61375000e+02, 1.73260635e+02, 2.67559113e+02, 1.46003174e+02,
    2.64575409e+02, 1.52589264e+02, 2.61488281e+02, 1.58748688e+02,
    2.58566681e+02, 1.64772430e+02, 2.55337494e+02, 1.70396393e+02,
    2.61147339e+02, 1.43529648e+02, 2.58347992e+02, 1.49258133e+02,
    2.55389786e+02, 1.55414551e+02, 2.52311508e+02, 1.61556671e+02,
    2.49120468e+02, 1.67318359e+02, 2.54619995e+02, 1.39463226e+02,
    2.52109802e+02, 1.45970169e+02, 2.49229004e+02, 1.52314926e+02,
    2.46027420e+02, 1.58585114e+02, 2.42745605e+02, 1.64926117e+02,
    2.48897278e+02, 1.37410812e+02, 2.46244370e+02, 1.43235977e+02,
    2.42286453e+02, 1.49350464e+02, 2.40159668e+02, 1.55604980e+02,
    2.36725174e+02, 1.61419556e+02 ]
