%YAML:1.0
points: [ 2.05093842e+02, 1.26858276e+02, 2.06203964e+02, 1.34607498e+02,
    2.07259506e+02, 1.42153809e+02, 2.08476959e+02, 1.49978638e+02,
    2.09599945e+02, 1.57506241e+02, 1.97381393e+02, 1.28141449e+02,
    1.98612030e+02, 1.35807266e+02, 1.99752975e+02, 1.43417023e+02,
    2.00855225e+02, 1.51112045e+02, 2.02146301e+02, 1.58768860e+02,
    1.89878479e+02, 1.29369522e+02, 1.91073151e+02, 1.37020126e+02,
    1.92222855e+02, 1.44701721e+02, 1.93321167e+02, 1.52292969e+02,
    1.94461166e+02, 1.59969971e+02, 1.82281876e+02, 1.30447861e+02,
    1.83443451e+02, 1.38192795e+02, 1.84682953e+02, 1.45911301e+02,
    1.85801910e+02, 1.53441727e+02, 1.87012817e+02, 1.61140060e+02,
    1.74710999e+02, 1.31662155e+02, 1.75927185e+02, 1.39353653e+02,
    1.77143875e+02, 1.47083984e+02, 1.78262253e+02, 1.54639297e+02,
    1.79342590e+02, 1.62272888e+02, 1.67189087e+02, 1.32881516e+02,
    1.68410156e+02, 1.40614685e+02, 1.69626465e+02, 1.48245880e+02,
    1.70769714e+02, 1.55841522e+02, 1.71852081e+02, 1.63403336e+02,
    1.59775543e+02, 1.34129913e+02, 1.60932358e+02, 1.41746521e+02,
    1.62148056e+02, 1.49450027e+02, 1.63160950e+02, 1.57054871e+02,
    1.64383163e+02, 1.64646210e+02 ]
