%YAML:1.0
points: [ 8.21936157e+02, 4.69216888e+02, 8.22585632e+02, 4.89128357e+02,
    8.23139404e+02, 5.09331421e+02, 8.23635132e+02, 5.29395752e+02,
    8.24259705e+02, 5.49647339e+02, 8.01592163e+02, 4.69715393e+02,
    8.02353516e+02, 4.89773773e+02, 8.02834656e+02, 5.09865295e+02,
    8.03405701e+02, 5.30007507e+02, 8.03877258e+02, 5.50215088e+02,
    7.81309998e+02, 4.70258423e+02, 7.81868896e+02, 4.90412842e+02,
    7.82550354e+02, 5.10545685e+02, 7.83125183e+02, 5.30538696e+02,
    7.83459106e+02, 5.50664978e+02, 7.60861572e+02, 4.70674652e+02,
    7.61503296e+02, 4.90915405e+02, 7.62155945e+02, 5.11195557e+02,
    7.62727295e+02, 5.31257141e+02, 7.63092529e+02, 5.51337585e+02,
    7.40385376e+02, 4.71321014e+02, 7.41095398e+02, 4.91503906e+02,
    7.41650391e+02, 5.11742737e+02, 7.42180725e+02, 5.31918152e+02,
    7.42694885e+02, 5.52176453e+02, 7.19766602e+02, 4.71748596e+02,
    7.20502869e+02, 4.92011200e+02, 7.20979675e+02, 5.12291199e+02,
    7.21562012e+02, 5.32573669e+02, 7.22109863e+02, 5.52816223e+02,
    6.99162903e+02, 4.72303467e+02, 6.99725952e+02, 4.92450195e+02,
    7.00414429e+02, 5.12809387e+02, 7.00802368e+02, 5.33235901e+02,
    7.01413269e+02, 5.53587708e+02 ]
