%YAML:1.0
points: [ 2.85860382e+02, 2.49843903e+02, 2.90194946e+02, 2.56425690e+02,
    2.94303406e+02, 2.62676178e+02, 2.98750458e+02, 2.69264343e+02,
    3.02926819e+02, 2.75571411e+02, 2.79379395e+02, 2.54249039e+02,
    2.83798706e+02, 2.60525848e+02, 2.88004089e+02, 2.66980286e+02,
    2.92311981e+02, 2.73350983e+02, 2.96495056e+02, 2.79674683e+02,
    2.73233307e+02, 2.58353699e+02, 2.77317566e+02, 2.64747894e+02,
    2.81473907e+02, 2.71073853e+02, 2.85766876e+02, 2.77520660e+02,
    2.90121613e+02, 2.84140045e+02, 2.66644196e+02, 2.62813538e+02,
    2.70933624e+02, 2.69062164e+02, 2.75284424e+02, 2.75386536e+02,
    2.79350555e+02, 2.81773804e+02, 2.83608734e+02, 2.88156342e+02,
    2.60376556e+02, 2.66869049e+02, 2.64428345e+02, 2.73244598e+02,
    2.68647186e+02, 2.79612152e+02, 2.73046021e+02, 2.86082245e+02,
    2.77304932e+02, 2.92462219e+02, 2.53754532e+02, 2.71308136e+02,
    2.58095856e+02, 2.77557404e+02, 2.62307068e+02, 2.83772278e+02,
    2.66550964e+02, 2.90104889e+02, 2.70935303e+02, 2.96650940e+02,
    2.47567673e+02, 2.75368164e+02, 2.51530777e+02, 2.81645386e+02,
    2.56126587e+02, 2.87952759e+02, 2.60178497e+02, 2.94555267e+02,
    2.64545563e+02, 3.00866943e+02 ]
