%YAML:1.0
points: [ 9.78432861e+02, 4.88299683e+02, 9.89795959e+02, 5.04948517e+02,
    1.00113141e+03, 5.21769409e+02, 1.01241638e+03, 5.38530273e+02,
    1.02366132e+03, 5.55353699e+02, 9.61760376e+02, 4.99542480e+02,
    9.73144653e+02, 5.16391663e+02, 9.84491028e+02, 5.33075195e+02,
    9.95722290e+02, 5.49842346e+02, 1.00712048e+03, 5.66604797e+02,
    9.45114014e+02, 5.10788605e+02, 9.56420776e+02, 5.27567993e+02,
    9.67727234e+02, 5.44508057e+02, 9.79109924e+02, 5.61170837e+02,
    9.90384705e+02, 5.77884949e+02, 9.28331909e+02, 5.22244324e+02,
    9.39723389e+02, 5.39004578e+02, 9.51174500e+02, 5.55650818e+02,
    9.62407959e+02, 5.72524292e+02, 9.73668030e+02, 5.89330139e+02,
    9.11535400e+02, 5.33631348e+02, 9.23057495e+02, 5.50367920e+02,
    9.34356506e+02, 5.67222229e+02, 9.45660767e+02, 5.83795715e+02,
    9.56989197e+02, 6.00735352e+02, 8.94774597e+02, 5.44885437e+02,
    9.06186462e+02, 5.61697754e+02, 9.17571289e+02, 5.78499512e+02,
    9.28898865e+02, 5.95425415e+02, 9.40345032e+02, 6.12159851e+02,
    8.78010742e+02, 5.56309326e+02, 8.89441040e+02, 5.73133057e+02,
    9.00822754e+02, 5.89886536e+02, 9.12272217e+02, 6.06650513e+02,
    9.23535461e+02, 6.23571716e+02 ]
