%YAML:1.0
points: [ 2.77690338e+02, 1.92167923e+02, 2.82239502e+02, 1.98000427e+02,
    2.85064606e+02, 2.03821121e+02, 2.89869171e+02, 2.09685425e+02,
    2.92643463e+02, 2.15494370e+02, 2.72299133e+02, 1.96432495e+02,
    2.75909607e+02, 2.02048386e+02, 2.79841339e+02, 2.07376328e+02,
    2.83771027e+02, 2.13176834e+02, 2.87598145e+02, 2.18757401e+02,
    2.66881531e+02, 2.00695007e+02, 2.70471680e+02, 2.05730011e+02,
    2.74165039e+02, 2.11358673e+02, 2.77986694e+02, 2.17128174e+02,
    2.82060120e+02, 2.23025970e+02, 2.60744904e+02, 2.04226974e+02,
    2.64666199e+02, 2.09614380e+02, 2.68548767e+02, 2.15327316e+02,
    2.72324768e+02, 2.21001373e+02, 2.76147034e+02, 2.26139008e+02,
    2.55311005e+02, 2.07579025e+02, 2.58807922e+02, 2.13585251e+02,
    2.62639832e+02, 2.19150558e+02, 2.66723297e+02, 2.24880356e+02,
    2.70394989e+02, 2.30536942e+02, 2.49248459e+02, 2.12023758e+02,
    2.53174362e+02, 2.17400406e+02, 2.57026703e+02, 2.22863434e+02,
    2.60821564e+02, 2.28581390e+02, 2.64734070e+02, 2.33931595e+02,
    2.43289841e+02, 2.15242615e+02, 2.47270752e+02, 2.21066101e+02,
    2.51569122e+02, 2.26758942e+02, 2.54830841e+02, 2.32601685e+02,
    2.59159790e+02, 2.38378082e+02 ]
