%YAML:1.0
points: [ 1.25115613e+03, 5.74236145e+02, 1.23065222e+03, 5.74902527e+02,
    1.21031689e+03, 5.75650635e+02, 1.18955615e+03, 5.76600281e+02,
    1.16889233e+03, 5.77657959e+02, 1.24770325e+03, 5.54615784e+02,
    1.22730090e+03, 5.55478027e+02, 1.20691687e+03, 5.56111572e+02,
    1.18646863e+03, 5.57149475e+02, 1.16574316e+03, 5.58233826e+02,
    1.24425098e+03, 5.35334351e+02, 1.22372095e+03, 5.36222534e+02,
    1.20368176e+03, 5.37178467e+02, 1.18354297e+03, 5.37683777e+02,
    1.16325330e+03, 5.38804993e+02, 1.24128821e+03, 5.15892090e+02,
    1.22094373e+03, 5.17112671e+02, 1.20063489e+03, 5.18191284e+02,
    1.18057397e+03, 5.18540771e+02, 1.16033862e+03, 5.19424866e+02,
    1.23805640e+03, 4.97062744e+02, 1.21761560e+03, 4.98308746e+02,
    1.19751257e+03, 4.99215790e+02, 1.17754480e+03, 4.99948944e+02,
    1.15769800e+03, 5.00546021e+02, 1.23468542e+03, 4.78531769e+02,
    1.21459460e+03, 4.79758453e+02, 1.19472546e+03, 4.80581604e+02,
    1.17482410e+03, 4.81349213e+02, 1.15479688e+03, 4.81857361e+02,
    1.23174011e+03, 4.60373627e+02, 1.21167932e+03, 4.61281281e+02,
    1.19163599e+03, 4.62223389e+02, 1.17201746e+03, 4.62774872e+02,
    1.15231567e+03, 4.63736145e+02 ]
