%YAML:1.0
points: [ 1.30037500e+03, 6.92886902e+02, 1.28846594e+03, 7.11815857e+02,
    1.27645996e+03, 7.30772766e+02, 1.26460486e+03, 7.49759644e+02,
    1.25276733e+03, 7.68887390e+02, 1.28151343e+03, 6.80710388e+02,
    1.26940002e+03, 6.99608398e+02, 1.25745288e+03, 7.18633179e+02,
    1.24557153e+03, 7.37604675e+02, 1.23395056e+03, 7.56773254e+02,
    1.26257019e+03, 6.68708679e+02, 1.25049475e+03, 6.87562927e+02,
    1.23849731e+03, 7.06469482e+02, 1.22668286e+03, 7.25528503e+02,
    1.21507336e+03, 7.44639099e+02, 1.24373608e+03, 6.56602600e+02,
    1.23174207e+03, 6.75616577e+02, 1.21947900e+03, 6.94372864e+02,
    1.20796143e+03, 7.13449524e+02, 1.19596790e+03, 7.32474060e+02,
    1.22467004e+03, 6.44495911e+02, 1.21277991e+03, 6.63458740e+02,
    1.20076636e+03, 6.82404480e+02, 1.18867383e+03, 7.01239380e+02,
    1.17692981e+03, 7.20277710e+02, 1.20574060e+03, 6.32438721e+02,
    1.19388098e+03, 6.51384460e+02, 1.18193677e+03, 6.70269043e+02,
    1.16996313e+03, 6.89305481e+02, 1.15802283e+03, 7.08139893e+02,
    1.18710962e+03, 6.20477661e+02, 1.17514075e+03, 6.39357544e+02,
    1.16328955e+03, 6.58385071e+02, 1.15123901e+03, 6.77235352e+02,
    1.13918555e+03, 6.96095337e+02 ]
