%YAML:1.0
points: [ 3.86913605e+02, 1.12856377e+02, 3.92108429e+02, 1.18813431e+02,
    3.96937927e+02, 1.24641129e+02, 4.02243927e+02, 1.30565964e+02,
    4.07149323e+02, 1.36280350e+02, 3.81212708e+02, 1.18016083e+02,
    3.86307037e+02, 1.23849747e+02, 3.91232391e+02, 1.29650330e+02,
    3.96379883e+02, 1.35506165e+02, 4.01627075e+02, 1.41168732e+02,
    3.75562439e+02, 1.22859215e+02, 3.80484009e+02, 1.28789276e+02,
    3.85478516e+02, 1.34706543e+02, 3.90581940e+02, 1.40401581e+02,
    3.95851685e+02, 1.46231323e+02, 3.69512421e+02, 1.27971252e+02,
    3.74683014e+02, 1.33822784e+02, 3.79677185e+02, 1.39606827e+02,
    3.84842194e+02, 1.45408463e+02, 3.90059601e+02, 1.51126556e+02,
    3.63855438e+02, 1.32835144e+02, 3.68907043e+02, 1.38756470e+02,
    3.73868469e+02, 1.44613815e+02, 3.78971771e+02, 1.50450027e+02,
    3.84042664e+02, 1.56323212e+02, 3.57897247e+02, 1.38030655e+02,
    3.63033417e+02, 1.43754074e+02, 3.68112793e+02, 1.49598709e+02,
    3.73099060e+02, 1.55484146e+02, 3.78296417e+02, 1.61180511e+02,
    3.52277069e+02, 1.42941681e+02, 3.57203766e+02, 1.48690887e+02,
    3.62399963e+02, 1.54658066e+02, 3.67279114e+02, 1.60351044e+02,
    3.72405731e+02, 1.66413223e+02 ]
