%YAML:1.0
points: [ 7.08406738e+02, 6.04661743e+02, 6.88090210e+02, 6.05877441e+02,
    6.67912231e+02, 6.06652710e+02, 6.47526428e+02, 6.07836060e+02,
    6.26853760e+02, 6.08839111e+02, 7.06331482e+02, 5.86133057e+02,
    6.85828003e+02, 5.86866638e+02, 6.65425781e+02, 5.87716309e+02,
    6.44708496e+02, 5.88751465e+02, 6.23890869e+02, 5.90311462e+02,
    7.03770935e+02, 5.66950378e+02, 6.83507446e+02, 5.67709900e+02,
    6.63029480e+02, 5.68608215e+02, 6.42293884e+02, 5.69841309e+02,
    6.21212952e+02, 5.71116821e+02, 7.01669678e+02, 5.47680847e+02,
    6.81042480e+02, 5.48747620e+02, 6.60496216e+02, 5.49391663e+02,
    6.39429565e+02, 5.50558228e+02, 6.18389160e+02, 5.51562744e+02,
    6.99416504e+02, 5.27930359e+02, 6.78523499e+02, 5.29043152e+02,
    6.57842163e+02, 5.29743225e+02, 6.36937378e+02, 5.30690491e+02,
    6.15827759e+02, 5.31877930e+02, 6.96947510e+02, 5.08188416e+02,
    6.76006165e+02, 5.09276215e+02, 6.55099426e+02, 5.10235443e+02,
    6.34001404e+02, 5.11278107e+02, 6.13024658e+02, 5.12088989e+02,
    6.94621277e+02, 4.88288513e+02, 6.73451660e+02, 4.89314209e+02,
    6.52368774e+02, 4.90351044e+02, 6.31299866e+02, 4.91245361e+02,
    6.10123108e+02, 4.92020599e+02 ]
