%YAML:1.0
points: [ 3.62259735e+02, 1.31115234e+02, 3.65754730e+02, 1.37659515e+02,
    3.69244446e+02, 1.44096725e+02, 3.72902740e+02, 1.51071762e+02,
    3.76248505e+02, 1.57157196e+02, 3.55440857e+02, 1.35278503e+02,
    3.59145081e+02, 1.41490692e+02, 3.62348053e+02, 1.47916260e+02,
    3.65841461e+02, 1.54239807e+02, 3.69338837e+02, 1.60877258e+02,
    3.48642883e+02, 1.38628174e+02, 3.52077545e+02, 1.45280716e+02,
    3.55653320e+02, 1.51448013e+02, 3.59120697e+02, 1.58262970e+02,
    3.62379242e+02, 1.64367691e+02, 3.42132202e+02, 1.42833694e+02,
    3.45427673e+02, 1.48867538e+02, 3.49078186e+02, 1.55318161e+02,
    3.52293610e+02, 1.61371460e+02, 3.55565063e+02, 1.67928711e+02,
    3.35558350e+02, 1.46077271e+02, 3.39128998e+02, 1.52452042e+02,
    3.42231445e+02, 1.58787704e+02, 3.45943970e+02, 1.65341782e+02,
    3.49169189e+02, 1.71353180e+02, 3.29110992e+02, 1.50215027e+02,
    3.32330139e+02, 1.56105240e+02, 3.36097687e+02, 1.62390350e+02,
    3.39192993e+02, 1.68456894e+02, 3.42761475e+02, 1.74733215e+02,
    3.23328430e+02, 1.53189178e+02, 3.26066895e+02, 1.59445724e+02,
    3.29924744e+02, 1.65832336e+02, 3.32769073e+02, 1.71895508e+02,
    3.36706116e+02, 1.78091034e+02 ]
