%YAML:1.0
points: [ 2.79723541e+02, 1.77584854e+02, 2.72703979e+02, 1.78413940e+02,
    2.65717224e+02, 1.78714050e+02, 2.58715790e+02, 1.79324448e+02,
    2.51650192e+02, 1.79740326e+02, 2.79676849e+02, 1.70892349e+02,
    2.72607452e+02, 1.71659363e+02, 2.65563507e+02, 1.71896255e+02,
    2.58328583e+02, 1.72588531e+02, 2.51253815e+02, 1.72850021e+02,
    2.79572357e+02, 1.64244492e+02, 2.72313477e+02, 1.64721970e+02,
    2.65102356e+02, 1.64967514e+02, 2.57919586e+02, 1.65562317e+02,
    2.50830704e+02, 1.65846344e+02, 2.79464172e+02, 1.57341064e+02,
    2.72087067e+02, 1.57726883e+02, 2.64832642e+02, 1.57985901e+02,
    2.57760712e+02, 1.58667206e+02, 2.50644333e+02, 1.58967728e+02,
    2.79281311e+02, 1.50244781e+02, 2.71903503e+02, 1.50584183e+02,
    2.64740234e+02, 1.50896637e+02, 2.57575684e+02, 1.51492065e+02,
    2.50148590e+02, 1.51880493e+02, 2.79183655e+02, 1.42924210e+02,
    2.71770325e+02, 1.43389725e+02, 2.64663788e+02, 1.43695038e+02,
    2.57118164e+02, 1.44196198e+02, 2.49817123e+02, 1.44657562e+02,
    2.78982819e+02, 1.35621490e+02, 2.71762085e+02, 1.35973480e+02,
    2.64299774e+02, 1.36394592e+02, 2.56859863e+02, 1.36840652e+02,
    2.49531662e+02, 1.37260300e+02 ]
