%YAML:1.0
points: [ 9.98494385e+02, 6.26067566e+02, 1.00922430e+03, 6.43841492e+02,
    1.01999451e+03, 6.61904602e+02, 1.03073755e+03, 6.79558655e+02,
    1.04167139e+03, 6.97366150e+02, 9.81132507e+02, 6.35423950e+02,
    9.91990173e+02, 6.53194336e+02, 1.00252960e+03, 6.70878601e+02,
    1.01341724e+03, 6.88577332e+02, 1.02412622e+03, 7.06213318e+02,
    9.64088074e+02, 6.44683167e+02, 9.74794922e+02, 6.62281738e+02,
    9.85550293e+02, 6.79628357e+02, 9.96149292e+02, 6.97464233e+02,
    1.00684503e+03, 7.15062012e+02, 9.47126526e+02, 6.54118530e+02,
    9.57807922e+02, 6.71431824e+02, 9.68617554e+02, 6.88675842e+02,
    9.79103760e+02, 7.06342041e+02, 9.89713623e+02, 7.23815125e+02,
    9.30373535e+02, 6.63347717e+02, 9.41307373e+02, 6.80370911e+02,
    9.51867859e+02, 6.97506409e+02, 9.62443909e+02, 7.14911377e+02,
    9.72816895e+02, 7.32531921e+02, 9.13959778e+02, 6.72307129e+02,
    9.24831421e+02, 6.89186218e+02, 9.35429932e+02, 7.06289062e+02,
    9.45842285e+02, 7.23558960e+02, 9.56216370e+02, 7.40899536e+02,
    8.97862366e+02, 6.80736328e+02, 9.08372192e+02, 6.97883301e+02,
    9.19031677e+02, 7.14853760e+02, 9.29414612e+02, 7.32166138e+02,
    9.39909363e+02, 7.49259949e+02 ]
