%YAML:1.0
points: [ 6.92277405e+02, 4.12086243e+02, 6.69930359e+02, 4.13459900e+02,
    6.47527100e+02, 4.14970490e+02, 6.24836182e+02, 4.16731873e+02,
    6.02534607e+02, 4.18496643e+02, 6.90753296e+02, 3.89749359e+02,
    6.68553894e+02, 3.91428375e+02, 6.45819397e+02, 3.92875793e+02,
    6.23529663e+02, 3.94587708e+02, 6.01179626e+02, 3.96322876e+02,
    6.89228394e+02, 3.67559479e+02, 6.66887085e+02, 3.69502838e+02,
    6.44579346e+02, 3.71030884e+02, 6.22016846e+02, 3.72325439e+02,
    5.99531616e+02, 3.74232117e+02, 6.87283447e+02, 3.45288544e+02,
    6.65234680e+02, 3.46970734e+02, 6.43150574e+02, 3.48925873e+02,
    6.20413513e+02, 3.50268982e+02, 5.97795959e+02, 3.51728424e+02,
    6.85710510e+02, 3.23214783e+02, 6.63722168e+02, 3.24806915e+02,
    6.41466125e+02, 3.26609985e+02, 6.18826294e+02, 3.28177124e+02,
    5.96271179e+02, 3.29601532e+02, 6.84246033e+02, 3.01136200e+02,
    6.62049011e+02, 3.02816071e+02, 6.39688904e+02, 3.04420502e+02,
    6.17297668e+02, 3.06134735e+02, 5.94657715e+02, 3.07482941e+02,
    6.82632568e+02, 2.78941010e+02, 6.60456116e+02, 2.80676300e+02,
    6.38308960e+02, 2.82307159e+02, 6.15637695e+02, 2.83769470e+02,
    5.93221008e+02, 2.85638672e+02 ]
