%YAML:1.0
points: [ 1.04598853e+03, 5.16523499e+02, 1.04546313e+03, 5.37251465e+02,
    1.04508679e+03, 5.57959656e+02, 1.04464673e+03, 5.78741089e+02,
    1.04440662e+03, 5.99728394e+02, 1.02511182e+03, 5.16078613e+02,
    1.02458154e+03, 5.36759521e+02, 1.02412573e+03, 5.57456726e+02,
    1.02364081e+03, 5.78301758e+02, 1.02328052e+03, 5.99339111e+02,
    1.00439575e+03, 5.15653198e+02, 1.00384332e+03, 5.36391479e+02,
    1.00332458e+03, 5.57075073e+02, 1.00283502e+03, 5.77755249e+02,
    1.00237836e+03, 5.98702393e+02, 9.83732178e+02, 5.15193176e+02,
    9.83150391e+02, 5.35887512e+02, 9.82521729e+02, 5.56571838e+02,
    9.82086365e+02, 5.77350525e+02, 9.81567749e+02, 5.98290283e+02,
    9.63133057e+02, 5.14762512e+02, 9.62525696e+02, 5.35476990e+02,
    9.61918335e+02, 5.56126282e+02, 9.61317322e+02, 5.76786316e+02,
    9.60751587e+02, 5.97704834e+02, 9.42482178e+02, 5.14383423e+02,
    9.41856323e+02, 5.35071045e+02, 9.41367676e+02, 5.55621582e+02,
    9.40617065e+02, 5.76403564e+02, 9.40087524e+02, 5.97276428e+02,
    9.21843201e+02, 5.13950378e+02, 9.21341125e+02, 5.34498962e+02,
    9.20701477e+02, 5.55256653e+02, 9.20015808e+02, 5.75841736e+02,
    9.19440125e+02, 5.96691284e+02 ]
