%YAML:1.0
points: [ 1.95859756e+02, 2.86857208e+02, 1.89795029e+02, 2.92256256e+02,
    1.84021042e+02, 2.97371857e+02, 1.78091248e+02, 3.02689606e+02,
    1.72277405e+02, 3.07796600e+02, 1.90521866e+02, 2.81073792e+02,
    1.84756073e+02, 2.86319733e+02, 1.78906235e+02, 2.91518036e+02,
    1.73021393e+02, 2.96799988e+02, 1.67202377e+02, 3.02164032e+02,
    1.85530502e+02, 2.75389252e+02, 1.79615097e+02, 2.80512756e+02,
    1.73776505e+02, 2.85714447e+02, 1.67880386e+02, 2.90921082e+02,
    1.62022415e+02, 2.96221588e+02, 1.80144730e+02, 2.69516602e+02,
    1.74414017e+02, 2.74723572e+02, 1.68659897e+02, 2.79904327e+02,
    1.62722824e+02, 2.85180939e+02, 1.56912506e+02, 2.90384827e+02,
    1.75209106e+02, 2.63837982e+02, 1.69362671e+02, 2.68969055e+02,
    1.63537521e+02, 2.74076569e+02, 1.57604980e+02, 2.79355011e+02,
    1.51689667e+02, 2.84627350e+02, 1.69923782e+02, 2.57888000e+02,
    1.64202484e+02, 2.63120422e+02, 1.58368622e+02, 2.68262512e+02,
    1.52477905e+02, 2.73531647e+02, 1.46613327e+02, 2.78797180e+02,
    1.64858292e+02, 2.52306152e+02, 1.59064896e+02, 2.57249817e+02,
    1.53179886e+02, 2.62525574e+02, 1.47300858e+02, 2.67649353e+02,
    1.41421371e+02, 2.72982330e+02 ]
