%YAML:1.0
points: [ 2.91057220e+02, 2.58856476e+02, 2.90876282e+02, 2.66633514e+02,
    2.90790161e+02, 2.74503540e+02, 2.90691437e+02, 2.82184631e+02,
    2.90548676e+02, 2.89996613e+02, 2.83524750e+02, 2.58680756e+02,
    2.83135651e+02, 2.66400696e+02, 2.82892395e+02, 2.74137268e+02,
    2.82814270e+02, 2.81949982e+02, 2.82710388e+02, 2.89862762e+02,
    2.75738617e+02, 2.58410309e+02, 2.75647858e+02, 2.66188934e+02,
    2.75359894e+02, 2.73879730e+02, 2.75033356e+02, 2.81803375e+02,
    2.74882172e+02, 2.89582092e+02, 2.67897095e+02, 2.58232422e+02,
    2.67771484e+02, 2.65960999e+02, 2.67677368e+02, 2.73719147e+02,
    2.67560211e+02, 2.81553894e+02, 2.67173767e+02, 2.89340027e+02,
    2.60371277e+02, 2.58026794e+02, 2.60050079e+02, 2.65715790e+02,
    2.59781555e+02, 2.73540527e+02, 2.59699341e+02, 2.81242859e+02,
    2.59668488e+02, 2.89138245e+02, 2.52688492e+02, 2.57793304e+02,
    2.52487900e+02, 2.65596863e+02, 2.52176834e+02, 2.73245728e+02,
    2.51876801e+02, 2.81030975e+02, 2.51725769e+02, 2.88927673e+02,
    2.44795563e+02, 2.57675873e+02, 2.44725998e+02, 2.65273651e+02,
    2.44545059e+02, 2.73059326e+02, 2.44217667e+02, 2.80902222e+02,
    2.43930954e+02, 2.88705261e+02 ]
