%YAML:1.0
points: [ 2.99897583e+02, 1.15393379e+02, 2.99746460e+02, 1.23100189e+02,
    2.99402649e+02, 1.30757965e+02, 2.99035126e+02, 1.38496918e+02,
    2.98801727e+02, 1.46203003e+02, 2.92326385e+02, 1.15150696e+02,
    2.91924255e+02, 1.22910645e+02, 2.91772247e+02, 1.30578110e+02,
    2.91556641e+02, 1.38242035e+02, 2.91196045e+02, 1.45885208e+02,
    2.84753937e+02, 1.14902969e+02, 2.84422913e+02, 1.22623642e+02,
    2.83951538e+02, 1.30375153e+02, 2.83792786e+02, 1.37958755e+02,
    2.83577820e+02, 1.45685989e+02, 2.76923126e+02, 1.14517090e+02,
    2.76703674e+02, 1.22375679e+02, 2.76433197e+02, 1.30126419e+02,
    2.76035400e+02, 1.37755310e+02, 2.75829865e+02, 1.45408066e+02,
    2.69366852e+02, 1.14233192e+02, 2.68925232e+02, 1.22105186e+02,
    2.68754822e+02, 1.29819656e+02, 2.68598114e+02, 1.37500961e+02,
    2.68126190e+02, 1.45128922e+02, 2.61687195e+02, 1.13942772e+02,
    2.61411102e+02, 1.21787872e+02, 2.60946716e+02, 1.29514938e+02,
    2.60785370e+02, 1.37211487e+02, 2.60687042e+02, 1.44765823e+02,
    2.53905853e+02, 1.13736542e+02, 2.53736053e+02, 1.21477394e+02,
    2.53540421e+02, 1.29291260e+02, 2.53118759e+02, 1.36815384e+02,
    2.52804733e+02, 1.44646225e+02 ]
