%YAML:1.0
points: [ 1.03675476e+03, 2.66260468e+02, 1.03624536e+03, 2.88335358e+02,
    1.03545752e+03, 3.10544220e+02, 1.03475647e+03, 3.32772217e+02,
    1.03430054e+03, 3.55083801e+02, 1.01459644e+03, 2.65559967e+02,
    1.01380603e+03, 2.87720123e+02, 1.01325830e+03, 3.09926117e+02,
    1.01252667e+03, 3.32265228e+02, 1.01208215e+03, 3.54489441e+02,
    9.92448181e+02, 2.64929688e+02, 9.91687378e+02, 2.87289154e+02,
    9.91130066e+02, 3.09407074e+02, 9.90522827e+02, 3.31433411e+02,
    9.89784485e+02, 3.53773071e+02, 9.70331787e+02, 2.63909546e+02,
    9.69511292e+02, 2.86466034e+02, 9.68976440e+02, 3.08803589e+02,
    9.68360474e+02, 3.30836731e+02, 9.67716614e+02, 3.53155121e+02,
    9.48184875e+02, 2.63286987e+02, 9.47458313e+02, 2.85779236e+02,
    9.46749695e+02, 3.08169586e+02, 9.46098450e+02, 3.30266998e+02,
    9.45444763e+02, 3.52329498e+02, 9.25817383e+02, 2.62459259e+02,
    9.25191772e+02, 2.85272766e+02, 9.24472534e+02, 3.07525787e+02,
    9.23764343e+02, 3.29461487e+02, 9.23365051e+02, 3.51531738e+02,
    9.03560974e+02, 2.61925751e+02, 9.02955383e+02, 2.84282318e+02,
    9.02280029e+02, 3.06754669e+02, 9.01658875e+02, 3.28734344e+02,
    9.01152710e+02, 3.51033783e+02 ]
