%YAML:1.0
points: [ 2.70879211e+02, 2.21968796e+02, 2.64935577e+02, 2.26916275e+02,
    2.60076813e+02, 2.31551971e+02, 2.54346817e+02, 2.36648819e+02,
    2.49429718e+02, 2.40743896e+02, 2.65719788e+02, 2.16905258e+02,
    2.60639313e+02, 2.21658508e+02, 2.55267776e+02, 2.26261902e+02,
    2.50252136e+02, 2.31270050e+02, 2.44901901e+02, 2.35913864e+02,
    2.61418976e+02, 2.11613602e+02, 2.56087585e+02, 2.16629547e+02,
    2.50841095e+02, 2.21056076e+02, 2.45385010e+02, 2.25732376e+02,
    2.40334564e+02, 2.30422638e+02, 2.56330322e+02, 2.06194382e+02,
    2.51233322e+02, 2.10928833e+02, 2.46226196e+02, 2.16041016e+02,
    2.41275864e+02, 2.20652985e+02, 2.35544586e+02, 2.24943314e+02,
    2.52351624e+02, 2.01455704e+02, 2.46914398e+02, 2.06113937e+02,
    2.42028000e+02, 2.10959900e+02, 2.36492859e+02, 2.15385681e+02,
    2.31251785e+02, 2.19873367e+02, 2.47024719e+02, 1.95916199e+02,
    2.42246658e+02, 2.00494370e+02, 2.37149323e+02, 2.05589188e+02,
    2.32554886e+02, 2.10478714e+02, 2.27675980e+02, 2.15240417e+02,
    2.43398239e+02, 1.92108307e+02, 2.38489502e+02, 1.96021072e+02,
    2.33231445e+02, 2.01243118e+02, 2.27834869e+02, 2.05317978e+02,
    2.22596939e+02, 2.09957260e+02 ]
