%YAML:1.0
points: [ 9.12651184e+02, 4.83678925e+02, 9.34371460e+02, 4.88192596e+02,
    9.56270874e+02, 4.92634918e+02, 9.77957642e+02, 4.97268738e+02,
    9.99721008e+02, 5.01720306e+02, 9.08120667e+02, 5.05457855e+02,
    9.29951111e+02, 5.09901428e+02, 9.51716919e+02, 5.14437683e+02,
    9.73559326e+02, 5.18948059e+02, 9.95548279e+02, 5.23434204e+02,
    9.03494446e+02, 5.27359314e+02, 9.25510376e+02, 5.31704834e+02,
    9.47357300e+02, 5.36322327e+02, 9.69254822e+02, 5.40641663e+02,
    9.90905212e+02, 5.45255066e+02, 8.99259827e+02, 5.49059875e+02,
    9.20994019e+02, 5.53609985e+02, 9.42935608e+02, 5.58141174e+02,
    9.64612305e+02, 5.62459900e+02, 9.86512512e+02, 5.66856689e+02,
    8.94613953e+02, 5.70873535e+02, 9.16603333e+02, 5.75478455e+02,
    9.38315735e+02, 5.80004578e+02, 9.60081604e+02, 5.84389648e+02,
    9.82006042e+02, 5.88755188e+02, 8.90295715e+02, 5.92623230e+02,
    9.12046631e+02, 5.97305603e+02, 9.33769531e+02, 6.01742859e+02,
    9.55572205e+02, 6.06393555e+02, 9.77594727e+02, 6.10765259e+02,
    8.85572449e+02, 6.14434082e+02, 9.07438782e+02, 6.19117432e+02,
    9.29264160e+02, 6.23597473e+02, 9.51211182e+02, 6.28249817e+02,
    9.73193176e+02, 6.32773071e+02 ]
