%YAML:1.0
points: [ 6.54106995e+02, 4.42563263e+02, 6.76414551e+02, 4.45153961e+02,
    6.99036804e+02, 4.47948395e+02, 7.21498535e+02, 4.50591919e+02,
    7.43637573e+02, 4.53525574e+02, 6.51303650e+02, 4.64697327e+02,
    6.74163635e+02, 4.67360931e+02, 6.96548279e+02, 4.70264648e+02,
    7.18779663e+02, 4.72710663e+02, 7.40893433e+02, 4.75631561e+02,
    6.48710938e+02, 4.87042358e+02, 6.71387573e+02, 4.89606262e+02,
    6.94079651e+02, 4.92351776e+02, 7.16320190e+02, 4.95087128e+02,
    7.38394226e+02, 4.97716858e+02, 6.46119568e+02, 5.09008728e+02,
    6.68823547e+02, 5.11882843e+02, 6.91348694e+02, 5.14383301e+02,
    7.13544678e+02, 5.17243347e+02, 7.35747559e+02, 5.19716187e+02,
    6.43726318e+02, 5.31344360e+02, 6.66107361e+02, 5.33784668e+02,
    6.88745178e+02, 5.36644775e+02, 7.11239624e+02, 5.39265381e+02,
    7.33388550e+02, 5.41928833e+02, 6.40929993e+02, 5.53533569e+02,
    6.63679016e+02, 5.56137573e+02, 6.86035828e+02, 5.58781555e+02,
    7.08521851e+02, 5.61371277e+02, 7.30817200e+02, 5.64140808e+02,
    6.38501099e+02, 5.75785889e+02, 6.60838623e+02, 5.78270874e+02,
    6.83479370e+02, 5.80982849e+02, 7.05929565e+02, 5.83424133e+02,
    7.28329834e+02, 5.86290222e+02 ]
