%YAML:1.0
points: [ 9.06390625e+02, 6.62108948e+02, 9.28617432e+02, 6.63490295e+02,
    9.50932495e+02, 6.64878906e+02, 9.73419861e+02, 6.66436462e+02,
    9.95664856e+02, 6.67901489e+02, 9.04804504e+02, 6.84575562e+02,
    9.27254333e+02, 6.85846497e+02, 9.49509888e+02, 6.87166382e+02,
    9.71703674e+02, 6.88520752e+02, 9.94063599e+02, 6.90324280e+02,
    9.03320251e+02, 7.06934387e+02, 9.25725342e+02, 7.08078918e+02,
    9.48201782e+02, 7.09318054e+02, 9.70285339e+02, 7.10732239e+02,
    9.92568054e+02, 7.12539185e+02, 9.01797668e+02, 7.29088928e+02,
    9.24246521e+02, 7.30292969e+02, 9.46536926e+02, 7.31534912e+02,
    9.68913879e+02, 7.33182922e+02, 9.91128357e+02, 7.34626160e+02,
    9.00505005e+02, 7.51312439e+02, 9.22820496e+02, 7.52546814e+02,
    9.45022705e+02, 7.53863525e+02, 9.67310669e+02, 7.55303894e+02,
    9.89592407e+02, 7.56713196e+02, 8.98895020e+02, 7.73605530e+02,
    9.21376282e+02, 7.74943909e+02, 9.43609802e+02, 7.76238159e+02,
    9.65716125e+02, 7.77491455e+02, 9.88104614e+02, 7.78916565e+02,
    8.97459412e+02, 7.96105103e+02, 9.19814880e+02, 7.97305054e+02,
    9.42303345e+02, 7.98476807e+02, 9.64366760e+02, 7.99755371e+02,
    9.86549072e+02, 8.01120789e+02 ]
