%YAML:1.0
points: [ 2.25848526e+02, 1.33833359e+02, 2.29427002e+02, 1.40280289e+02,
    2.32699524e+02, 1.47211792e+02, 2.36258820e+02, 1.53905533e+02,
    2.39739029e+02, 1.60724213e+02, 2.19117615e+02, 1.37254700e+02,
    2.22492844e+02, 1.43911789e+02, 2.26147964e+02, 1.50733536e+02,
    2.29381042e+02, 1.57188354e+02, 2.33140717e+02, 1.64002823e+02,
    2.12351578e+02, 1.40472672e+02, 2.15691666e+02, 1.47220184e+02,
    2.19270737e+02, 1.54127670e+02, 2.22776199e+02, 1.60749466e+02,
    2.26102600e+02, 1.67408173e+02, 2.05318909e+02, 1.43800140e+02,
    2.08932861e+02, 1.50692581e+02, 2.12297668e+02, 1.57513367e+02,
    2.15873077e+02, 1.64217834e+02, 2.19405655e+02, 1.70829895e+02,
    1.98429337e+02, 1.47176147e+02, 2.02036209e+02, 1.54157791e+02,
    2.05415894e+02, 1.60934143e+02, 2.09056732e+02, 1.67724930e+02,
    2.12326385e+02, 1.74204422e+02, 1.91565826e+02, 1.50694061e+02,
    1.95193192e+02, 1.57581284e+02, 1.98612930e+02, 1.64259995e+02,
    2.02050888e+02, 1.71154465e+02, 2.05622650e+02, 1.77781738e+02,
    1.84813766e+02, 1.54071457e+02, 1.88201645e+02, 1.60847015e+02,
    1.91812973e+02, 1.67819717e+02, 1.95250107e+02, 1.74438599e+02,
    1.98783157e+02, 1.81305862e+02 ]
