%YAML:1.0
points: [ 1.20692188e+03, 6.53640442e+02, 1.19510205e+03, 6.72540405e+02,
    1.18333862e+03, 6.91393494e+02, 1.17140820e+03, 7.10265015e+02,
    1.15948413e+03, 7.29286316e+02, 1.18834387e+03, 6.41697266e+02,
    1.17641711e+03, 6.60446472e+02, 1.16447278e+03, 6.79254272e+02,
    1.15266907e+03, 6.98217468e+02, 1.14060364e+03, 7.17080872e+02,
    1.16964868e+03, 6.29576050e+02, 1.15757910e+03, 6.48352112e+02,
    1.14568481e+03, 6.67160095e+02, 1.13392212e+03, 6.85915710e+02,
    1.12205334e+03, 7.04986328e+02, 1.15125208e+03, 6.17636108e+02,
    1.13918127e+03, 6.36328064e+02, 1.12691895e+03, 6.55139038e+02,
    1.11521558e+03, 6.73904236e+02, 1.10341626e+03, 6.92868774e+02,
    1.13270227e+03, 6.05523193e+02, 1.12042603e+03, 6.24289551e+02,
    1.10847363e+03, 6.42936035e+02, 1.09643225e+03, 6.61875061e+02,
    1.08466101e+03, 6.80810852e+02, 1.11410205e+03, 5.93444275e+02,
    1.10173340e+03, 6.12125122e+02, 1.08971338e+03, 6.30884644e+02,
    1.07777771e+03, 6.49652100e+02, 1.06589380e+03, 6.68624329e+02,
    1.09529419e+03, 5.81334045e+02, 1.08316162e+03, 6.00014587e+02,
    1.07115039e+03, 6.18741333e+02, 1.05913574e+03, 6.37621460e+02,
    1.04718042e+03, 6.56543884e+02 ]
