%YAML:1.0
points: [ 3.58138916e+02, 2.50059204e+02, 3.54006500e+02, 2.56324066e+02,
    3.49979553e+02, 2.62879608e+02, 3.45693298e+02, 2.69362335e+02,
    3.41604370e+02, 2.75787109e+02, 3.51635010e+02, 2.45668030e+02,
    3.47447205e+02, 2.52228989e+02, 3.43373260e+02, 2.58567261e+02,
    3.39209473e+02, 2.65161255e+02, 3.35213776e+02, 2.71598816e+02,
    3.45256042e+02, 2.41480591e+02, 3.41084778e+02, 2.47921417e+02,
    3.36916046e+02, 2.54274246e+02, 3.32782349e+02, 2.60821716e+02,
    3.28470551e+02, 2.67237854e+02, 3.38896362e+02, 2.37189804e+02,
    3.34534515e+02, 2.43685669e+02, 3.30340881e+02, 2.50139282e+02,
    3.26263214e+02, 2.56499054e+02, 3.22250610e+02, 2.63144836e+02,
    3.32400940e+02, 2.33176636e+02, 3.28137848e+02, 2.39384430e+02,
    3.23993866e+02, 2.45857071e+02, 3.19842194e+02, 2.52309067e+02,
    3.15634583e+02, 2.58778290e+02, 3.25883270e+02, 2.28706253e+02,
    3.21717773e+02, 2.35195984e+02, 3.17450104e+02, 2.41564346e+02,
    3.13350342e+02, 2.48147369e+02, 3.09259796e+02, 2.54550949e+02,
    3.19399963e+02, 2.24652847e+02, 3.15426788e+02, 2.30916992e+02,
    3.11160736e+02, 2.37413269e+02, 3.07071320e+02, 2.43746674e+02,
    3.02630920e+02, 2.50320328e+02 ]
