%YAML:1.0
points: [ 8.57772278e+02, 6.70658325e+02, 8.38393494e+02, 6.81816406e+02,
    8.18912781e+02, 6.92964844e+02, 7.99426086e+02, 7.04163696e+02,
    7.79887024e+02, 7.15367126e+02, 8.46921692e+02, 6.51558167e+02,
    8.27440735e+02, 6.62569702e+02, 8.07938354e+02, 6.73610413e+02,
    7.88440247e+02, 6.84738770e+02, 7.68729614e+02, 6.95891968e+02,
    8.35862061e+02, 6.32318848e+02, 8.16475891e+02, 6.43264954e+02,
    7.96964111e+02, 6.54341370e+02, 7.77420898e+02, 6.65457153e+02,
    7.57691772e+02, 6.76577942e+02, 8.24820618e+02, 6.13190918e+02,
    8.05361206e+02, 6.23907776e+02, 7.85871643e+02, 6.34988281e+02,
    7.66220581e+02, 6.46107788e+02, 7.46607544e+02, 6.57283081e+02,
    8.13770264e+02, 5.93803040e+02, 7.94351929e+02, 6.04655762e+02,
    7.74857544e+02, 6.15649963e+02, 7.55258667e+02, 6.26624634e+02,
    7.35450195e+02, 6.37894348e+02, 8.02797058e+02, 5.74422668e+02,
    7.83316956e+02, 5.85233459e+02, 7.63690857e+02, 5.96273438e+02,
    7.44077759e+02, 6.07290527e+02, 7.24359436e+02, 6.18536865e+02,
    7.91790649e+02, 5.54869263e+02, 7.72248474e+02, 5.65908325e+02,
    7.52588745e+02, 5.76715210e+02, 7.32885010e+02, 5.87856506e+02,
    7.13291931e+02, 5.99137024e+02 ]
