%YAML:1.0
points: [ 2.39168304e+02, 1.94836700e+02, 2.44050751e+02, 2.00444717e+02,
    2.47966370e+02, 2.05844162e+02, 2.53043457e+02, 2.11507172e+02,
    2.56846375e+02, 2.17090469e+02, 2.33903152e+02, 1.99540207e+02,
    2.38433105e+02, 2.04564835e+02, 2.42900528e+02, 2.10165070e+02,
    2.47275818e+02, 2.15827576e+02, 2.51978134e+02, 2.20965195e+02,
    2.28604874e+02, 2.03380554e+02, 2.32964874e+02, 2.09180389e+02,
    2.37338409e+02, 2.14645813e+02, 2.41945312e+02, 2.20252914e+02,
    2.46341293e+02, 2.25758224e+02, 2.22808273e+02, 2.08142731e+02,
    2.27445587e+02, 2.13538223e+02, 2.31917526e+02, 2.19217041e+02,
    2.36403748e+02, 2.24640915e+02, 2.41007996e+02, 2.30061768e+02,
    2.17321304e+02, 2.12355209e+02, 2.21604904e+02, 2.18134491e+02,
    2.26362335e+02, 2.23631699e+02, 2.30977386e+02, 2.29260330e+02,
    2.35443726e+02, 2.34814468e+02, 2.11362747e+02, 2.16995667e+02,
    2.16203522e+02, 2.22559723e+02, 2.20558090e+02, 2.28128571e+02,
    2.25269012e+02, 2.33817093e+02, 2.29871414e+02, 2.39212418e+02,
    2.06137543e+02, 2.21503754e+02, 2.10204010e+02, 2.26856705e+02,
    2.15228363e+02, 2.32872360e+02, 2.19412628e+02, 2.38176682e+02,
    2.24269302e+02, 2.44273499e+02 ]
