%YAML:1.0
points: [ 1.13566345e+03, 6.08910828e+02, 1.11674231e+03, 6.18124146e+02,
    1.09758948e+03, 6.27158752e+02, 1.07863794e+03, 6.36272156e+02,
    1.05964221e+03, 6.45270630e+02, 1.12606970e+03, 5.90045593e+02,
    1.10722925e+03, 5.99245422e+02, 1.08830432e+03, 6.08351562e+02,
    1.06928992e+03, 6.17334229e+02, 1.05036023e+03, 6.26278625e+02,
    1.11645801e+03, 5.71398743e+02, 1.09760864e+03, 5.80450378e+02,
    1.07856238e+03, 5.89463562e+02, 1.05982422e+03, 5.98571655e+02,
    1.04109387e+03, 6.07249817e+02, 1.10695386e+03, 5.52823792e+02,
    1.08828357e+03, 5.61863953e+02, 1.06937048e+03, 5.71048828e+02,
    1.05054309e+03, 5.79673706e+02, 1.03162488e+03, 5.88633606e+02,
    1.09746252e+03, 5.34527039e+02, 1.07867236e+03, 5.43358826e+02,
    1.05997900e+03, 5.52442383e+02, 1.04140186e+03, 5.61350220e+02,
    1.02253925e+03, 5.70215454e+02, 1.08818762e+03, 5.16268494e+02,
    1.06944006e+03, 5.25166382e+02, 1.05073535e+03, 5.34008545e+02,
    1.03212720e+03, 5.42779663e+02, 1.01351038e+03, 5.51737793e+02,
    1.07871179e+03, 4.98175079e+02, 1.06028088e+03, 5.06744049e+02,
    1.04163916e+03, 5.15765991e+02, 1.02304846e+03, 5.24621948e+02,
    1.00442450e+03, 5.33445251e+02 ]
