%YAML:1.0
points: [ 2.91866394e+02, 2.01405685e+02, 2.87634766e+02, 1.95266357e+02,
    2.84538940e+02, 1.89251953e+02, 2.80413849e+02, 1.82944092e+02,
    2.77544983e+02, 1.77310593e+02, 2.97642426e+02, 1.97577133e+02,
    2.94034912e+02, 1.91879578e+02, 2.90637604e+02, 1.85743759e+02,
    2.86506378e+02, 1.79736145e+02, 2.83096619e+02, 1.74027618e+02,
    3.03716461e+02, 1.94297440e+02, 3.00262695e+02, 1.87961487e+02,
    2.96497955e+02, 1.82134125e+02, 2.92809845e+02, 1.75803040e+02,
    2.89286346e+02, 1.69566879e+02, 3.09882294e+02, 1.90247528e+02,
    3.06335693e+02, 1.84253464e+02, 3.02668732e+02, 1.78199692e+02,
    2.98961060e+02, 1.72160416e+02, 2.95175995e+02, 1.66388107e+02,
    3.16115570e+02, 1.86729187e+02, 3.12519745e+02, 1.80739578e+02,
    3.08738770e+02, 1.74500366e+02, 3.05046661e+02, 1.68289978e+02,
    3.01506256e+02, 1.62292984e+02, 3.22480927e+02, 1.82783615e+02,
    3.18878418e+02, 1.76702347e+02, 3.15124146e+02, 1.70703766e+02,
    3.11411987e+02, 1.64505234e+02, 3.07779541e+02, 1.58685837e+02,
    3.28867157e+02, 1.79236160e+02, 3.25364777e+02, 1.73066193e+02,
    3.21377258e+02, 1.66820633e+02, 3.18038544e+02, 1.60602295e+02,
    3.13899261e+02, 1.54473785e+02 ]
