%YAML:1.0
points: [ 1.08035229e+03, 3.78518036e+02, 1.09141174e+03, 3.96283661e+02,
    1.10236230e+03, 4.14355255e+02, 1.11325464e+03, 4.32234100e+02,
    1.12416821e+03, 4.50348541e+02, 1.06239551e+03, 3.89750671e+02,
    1.07327905e+03, 4.07732422e+02, 1.08429224e+03, 4.25570801e+02,
    1.09505115e+03, 4.43492584e+02, 1.10574561e+03, 4.61403229e+02,
    1.04456018e+03, 4.01272614e+02, 1.05548022e+03, 4.18842957e+02,
    1.06643103e+03, 4.36702240e+02, 1.07701794e+03, 4.54512939e+02,
    1.08768079e+03, 4.72491791e+02, 1.02692395e+03, 4.12344269e+02,
    1.03767444e+03, 4.30090668e+02, 1.04860547e+03, 4.47699066e+02,
    1.05926855e+03, 4.65552216e+02, 1.06977283e+03, 4.83366211e+02,
    1.00948151e+03, 4.23587402e+02, 1.02022070e+03, 4.41056427e+02,
    1.03093152e+03, 4.58633942e+02, 1.04168066e+03, 4.76405853e+02,
    1.05222510e+03, 4.94193024e+02, 9.92283203e+02, 4.34432953e+02,
    1.00273254e+03, 4.51988251e+02, 1.01347296e+03, 4.69547760e+02,
    1.02413672e+03, 4.87280396e+02, 1.03461414e+03, 5.04840851e+02,
    9.75101379e+02, 4.45407928e+02, 9.85504517e+02, 4.62767029e+02,
    9.96166016e+02, 4.80311310e+02, 1.00658026e+03, 4.97953094e+02,
    1.01729639e+03, 5.15554504e+02 ]
