%YAML:1.0
points: [ 1.08043274e+03, 3.78479614e+02, 1.09138013e+03, 3.96291412e+02,
    1.10235291e+03, 4.14353821e+02, 1.11325269e+03, 4.32258545e+02,
    1.12414062e+03, 4.50395447e+02, 1.06235596e+03, 3.89736237e+02,
    1.07334753e+03, 4.07644897e+02, 1.08425867e+03, 4.25510986e+02,
    1.09504346e+03, 4.43503632e+02, 1.10576648e+03, 4.61353607e+02,
    1.04454529e+03, 4.01214325e+02, 1.05550586e+03, 4.18863281e+02,
    1.06636243e+03, 4.36631866e+02, 1.07708350e+03, 4.54481781e+02,
    1.08771753e+03, 4.72437714e+02, 1.02697925e+03, 4.12343597e+02,
    1.03773438e+03, 4.30121765e+02, 1.04859460e+03, 4.47731293e+02,
    1.05925391e+03, 4.65533051e+02, 1.06973694e+03, 4.83325104e+02,
    1.00952661e+03, 4.23551514e+02, 1.02024634e+03, 4.40999573e+02,
    1.03095544e+03, 4.58681915e+02, 1.04161609e+03, 4.76353973e+02,
    1.05226318e+03, 4.94209503e+02, 9.92268188e+02, 4.34366669e+02,
    1.00272473e+03, 4.52102203e+02, 1.01348779e+03, 4.69504608e+02,
    1.02406311e+03, 4.87159180e+02, 1.03466699e+03, 5.04799866e+02,
    9.75038147e+02, 4.45370270e+02, 9.85549500e+02, 4.62692871e+02,
    9.96168823e+02, 4.80290253e+02, 1.00656671e+03, 4.97858032e+02,
    1.01731171e+03, 5.15510376e+02 ]
