%YAML:1.0
points: [ 2.90994141e+02, 2.25019318e+02, 2.98389740e+02, 2.25809250e+02,
    3.05510193e+02, 2.26440109e+02, 3.12989502e+02, 2.27283203e+02,
    3.20221283e+02, 2.28140671e+02, 2.90209473e+02, 2.32080276e+02,
    2.97445007e+02, 2.32723495e+02, 3.04742401e+02, 2.33389435e+02,
    3.12033905e+02, 2.34219879e+02, 3.19320343e+02, 2.35026230e+02,
    2.89413177e+02, 2.38952255e+02, 2.96659149e+02, 2.39637817e+02,
    3.03865570e+02, 2.40256638e+02, 3.11120087e+02, 2.41112198e+02,
    3.18365601e+02, 2.42032532e+02, 2.88656250e+02, 2.45954575e+02,
    2.95809174e+02, 2.46515167e+02, 3.03013000e+02, 2.47050507e+02,
    3.10186279e+02, 2.48036285e+02, 3.17416656e+02, 2.48984055e+02,
    2.87895691e+02, 2.52406631e+02, 2.95053864e+02, 2.53219467e+02,
    3.02201019e+02, 2.53899063e+02, 3.09316589e+02, 2.54669357e+02,
    3.16525635e+02, 2.55467850e+02, 2.87100922e+02, 2.59344635e+02,
    2.94195312e+02, 2.60056915e+02, 3.01388397e+02, 2.60838776e+02,
    3.08454346e+02, 2.61347290e+02, 3.15648560e+02, 2.62119415e+02,
    2.86729034e+02, 2.62123016e+02, 2.93452209e+02, 2.66533142e+02,
    3.00577698e+02, 2.67322449e+02, 3.08018921e+02, 2.64268555e+02,
    3.14821106e+02, 2.69013275e+02 ]
