%YAML:1.0
points: [ 1.01520129e+03, 5.83424316e+02, 1.03628833e+03, 5.85505615e+02,
    1.05731653e+03, 5.87255432e+02, 1.07840723e+03, 5.89451416e+02,
    1.09950928e+03, 5.91584656e+02, 1.01296521e+03, 6.03631775e+02,
    1.03395386e+03, 6.05531799e+02, 1.05488440e+03, 6.07386597e+02,
    1.07593335e+03, 6.09435486e+02, 1.09710107e+03, 6.11874329e+02,
    1.01112164e+03, 6.23840759e+02, 1.03202405e+03, 6.25424988e+02,
    1.05280457e+03, 6.27361389e+02, 1.07369397e+03, 6.29459167e+02,
    1.09460913e+03, 6.32059937e+02, 1.00889075e+03, 6.43592102e+02,
    1.02971814e+03, 6.45433472e+02, 1.05050598e+03, 6.46991455e+02,
    1.07135181e+03, 6.49345581e+02, 1.09225964e+03, 6.51486023e+02,
    1.00703601e+03, 6.63096130e+02, 1.02767175e+03, 6.65173096e+02,
    1.04841846e+03, 6.66736755e+02, 1.06919885e+03, 6.68722351e+02,
    1.08982434e+03, 6.70824707e+02, 1.00514246e+03, 6.82444153e+02,
    1.02564465e+03, 6.84602844e+02, 1.04629150e+03, 6.86522583e+02,
    1.06680261e+03, 6.88285217e+02, 1.08742212e+03, 6.90432983e+02,
    1.00293170e+03, 7.01800598e+02, 1.02352112e+03, 7.03764465e+02,
    1.04413867e+03, 7.05808533e+02, 1.06461389e+03, 7.07681519e+02,
    1.08531238e+03, 7.09545105e+02 ]
