%YAML:1.0
points: [ 2.23172791e+02, 2.01414581e+02, 2.16401352e+02, 2.04291183e+02,
    2.09545242e+02, 2.06436737e+02, 2.03216034e+02, 2.09174347e+02,
    1.96556702e+02, 2.10842590e+02, 2.20080627e+02, 1.95084839e+02,
    2.14098877e+02, 1.98408691e+02, 2.07249329e+02, 2.00226242e+02,
    2.00460220e+02, 2.03152054e+02, 1.94375549e+02, 2.05306580e+02,
    2.17588501e+02, 1.89198456e+02, 2.11168274e+02, 1.91378983e+02,
    2.04421524e+02, 1.93588104e+02, 1.97866913e+02, 1.96288498e+02,
    1.90782379e+02, 1.98977585e+02, 2.14763596e+02, 1.82485992e+02,
    2.08034882e+02, 1.84781265e+02, 2.01915512e+02, 1.87469452e+02,
    1.94772736e+02, 1.89835831e+02, 1.88764862e+02, 1.92427322e+02,
    2.12164841e+02, 1.75654633e+02, 2.05519669e+02, 1.78163589e+02,
    1.99308487e+02, 1.80595428e+02, 1.92100174e+02, 1.83295578e+02,
    1.85311646e+02, 1.85757370e+02, 2.09412369e+02, 1.68878448e+02,
    2.03048401e+02, 1.71483353e+02, 1.96275070e+02, 1.74047638e+02,
    1.89503922e+02, 1.76366791e+02, 1.82816040e+02, 1.79206589e+02,
    2.06853775e+02, 1.62284470e+02, 2.00314880e+02, 1.64645996e+02,
    1.93270538e+02, 1.67316101e+02, 1.86365021e+02, 1.69725113e+02,
    1.79737839e+02, 1.72369690e+02 ]
