%YAML:1.0
points: [ 1.19429504e+03, 5.73509583e+02, 1.17618689e+03, 5.84433533e+02,
    1.15802246e+03, 5.95374329e+02, 1.13987671e+03, 6.05944519e+02,
    1.12166797e+03, 6.16634705e+02, 1.18241345e+03, 5.56425415e+02,
    1.16445020e+03, 5.67269958e+02, 1.14640796e+03, 5.78072205e+02,
    1.12844580e+03, 5.88700378e+02, 1.11044727e+03, 5.98920227e+02,
    1.17064282e+03, 5.39406616e+02, 1.15280835e+03, 5.50330994e+02,
    1.13500513e+03, 5.60976196e+02, 1.11711389e+03, 5.71536316e+02,
    1.09915771e+03, 5.81643799e+02, 1.15931177e+03, 5.22710083e+02,
    1.14146814e+03, 5.33375793e+02, 1.12372424e+03, 5.44181824e+02,
    1.10595215e+03, 5.54392029e+02, 1.08823889e+03, 5.64680908e+02,
    1.14773474e+03, 5.06342651e+02, 1.13022485e+03, 5.16711670e+02,
    1.11259961e+03, 5.27474792e+02, 1.09485339e+03, 5.37932861e+02,
    1.07733020e+03, 5.48280212e+02, 1.13656897e+03, 4.90031952e+02,
    1.11912878e+03, 5.00490143e+02, 1.10156628e+03, 5.10792999e+02,
    1.08406384e+03, 5.21304932e+02, 1.06648303e+03, 5.31544434e+02,
    1.12549353e+03, 4.73951904e+02, 1.10819629e+03, 4.84191559e+02,
    1.09068896e+03, 4.94521515e+02, 1.07321350e+03, 5.04862244e+02,
    1.05578784e+03, 5.15389221e+02 ]
