%YAML:1.0
rotation: !!opencv-matrix
   rows: 3
   cols: 3
   dt: d
   data: [ 9.9850343082059589e-01, 9.0360785144428923e-03,
       -5.3937444549962438e-02, -9.0296429190278183e-03,
       9.9995916605072321e-01, 3.6301500933843091e-04,
       5.3938522303213873e-02, 1.2456413198721683e-04,
       9.9854425054452289e-01 ]
translation: !!opencv-matrix
   rows: 3
   cols: 1
   dt: d
   data: [ -1.6251273944051636e-02, -5.7613330776208393e-02,
       2.9514682399374698e-01 ]
essential: !!opencv-matrix
   rows: 3
   cols: 3
   dt: d
   data: [ -4.4250749768626760e-04, -2.9514194853784581e-01,
       -5.7636602928371007e-02, 2.9558168605564583e-01,
       2.6689942007284825e-03, 3.0815070759652313e-04,
       5.7673851641739993e-02, -1.5730011759983332e-02,
       -3.1134152904429458e-03 ]
fundamental: !!opencv-matrix
   rows: 3
   cols: 3
   dt: d
   data: [ 3.8048851135398548e-08, 2.5342314892331461e-05,
       -3.3902228223400277e-03, -2.5385072486525983e-05,
       -2.2889849872870879e-07, 6.4068037043272389e-03,
       8.0516966302572844e-03, -2.2656964345111042e-02, 1. ]
