%YAML:1.0
cameraMatrix: !!opencv-matrix
   rows: 3
   cols: 3
   dt: d
   data: [ 1.1256763185885634e+03, 0., 9.5889551182383229e+02, 0.,
       1.1270250221966789e+03, 5.3852453788049047e+02, 0., 0., 1. ]
distortionCoefficients: !!opencv-matrix
   rows: 1
   cols: 5
   dt: d
   data: [ 1.4506314782899130e-02, 1.0363804975928104e+00,
       -2.9774431611919601e-03, 5.6804267174747573e-03,
       -1.9518005964517555e+00 ]
rotation: !!opencv-matrix
   rows: 3
   cols: 3
   dt: d
   data: [ 1., 0., 0., 0., 1., 0., 0., 0., 1. ]
projection: !!opencv-matrix
   rows: 4
   cols: 4
   dt: d
   data: [ 1.1256763185885634e+03, 0., 9.5889551182383229e+02, 0., 0.,
       1.1270250221966789e+03, 5.3852453788049047e+02, 0., 0., 0., 1.,
       0., 0., 0., 0., 1. ]
