%YAML:1.0
cameraMatrix: !!opencv-matrix
   rows: 3
   cols: 3
   dt: d
   data: [ 3.1752958293827135e+02, 0., 2.5095293147271639e+02, 0.,
       3.1797264871735752e+02, 1.9549545796437857e+02, 0., 0., 1. ]
distortionCoefficients: !!opencv-matrix
   rows: 1
   cols: 5
   dt: d
   data: [ 9.8187532076656439e-02, -4.8942748772501649e-01,
       -4.7763515630378237e-03, -9.5788562371294343e-03,
       9.9258409868191977e-01 ]
rotation: !!opencv-matrix
   rows: 3
   cols: 3
   dt: d
   data: [ 1., 0., 0., 0., 1., 0., 0., 0., 1. ]
projection: !!opencv-matrix
   rows: 4
   cols: 4
   dt: d
   data: [ 3.1752958293827135e+02, 0., 2.5095293147271639e+02, 0., 0.,
       3.1797264871735752e+02, 1.9549545796437857e+02, 0., 0., 0., 1.,
       0., 0., 0., 0., 1. ]
