%YAML:1.0
---
points: [ 3.82483307e+02, 1.10095055e+02, 3.80621521e+02, 1.40928070e+02,
    3.78423615e+02, 1.71197739e+02, 3.77075989e+02, 2.00766113e+02,
    3.75590698e+02, 2.30037277e+02, 3.54176178e+02, 1.08452454e+02,
    3.52313934e+02, 1.40053802e+02, 3.50374420e+02, 1.70522720e+02,
    3.49092010e+02, 2.00370850e+02, 3.48069458e+02, 2.30252533e+02,
    3.24993469e+02, 1.06861496e+02, 3.23259674e+02, 1.38784927e+02,
    3.21599609e+02, 1.69972321e+02, 3.20485107e+02, 2.00237671e+02,
    3.19330627e+02, 2.30297729e+02, 2.94645142e+02, 1.05565323e+02,
    2.93588501e+02, 1.37865555e+02, 2.92297546e+02, 1.68965744e+02,
    2.91170654e+02, 1.99926468e+02, 2.90264709e+02, 2.30406723e+02,
    2.63695770e+02, 1.03798645e+02, 2.62817993e+02, 1.36372070e+02,
    2.62049469e+02, 1.68395691e+02, 2.60976807e+02, 1.99534927e+02,
    2.60282135e+02, 2.30401779e+02, 2.31786377e+02, 1.01807053e+02,
    2.31253540e+02, 1.34969177e+02, 2.30842880e+02, 1.67506027e+02,
    2.30062714e+02, 1.99310806e+02, 2.29619385e+02, 2.30432236e+02,
    1.99013245e+02, 9.98008041e+01, 1.98724884e+02, 1.33652664e+02,
    1.98850922e+02, 1.67171494e+02, 1.98552811e+02, 1.98368881e+02,
    1.97758835e+02, 2.30725540e+02 ]
