%YAML:1.0
---
points: [ 1.21187659e+03, 3.22420807e+02, 1.20605811e+03, 4.37680542e+02,
    1.20041858e+03, 5.50246094e+02, 1.19594690e+03, 6.61005798e+02,
    1.19168994e+03, 7.71119263e+02, 1.09753052e+03, 3.19353851e+02,
    1.09293225e+03, 4.34776978e+02, 1.08872217e+03, 5.47440430e+02,
    1.08488745e+03, 6.58237488e+02, 1.08122876e+03, 7.68557739e+02,
    9.83248169e+02, 3.16381226e+02, 9.80147461e+02, 4.32127747e+02,
    9.76900208e+02, 5.44784546e+02, 9.73760681e+02, 6.55410767e+02,
    9.70574097e+02, 7.65762085e+02, 8.68586975e+02, 3.12771912e+02,
    8.66810913e+02, 4.28879608e+02, 8.64926392e+02, 5.41791382e+02,
    8.62750427e+02, 6.52772888e+02, 8.59687378e+02, 7.63410217e+02,
    7.53190918e+02, 3.09293549e+02, 7.52417786e+02, 4.25494385e+02,
    7.51745239e+02, 5.39179138e+02, 7.50499878e+02, 6.50371765e+02,
    7.48380615e+02, 7.61155212e+02, 6.35758606e+02, 3.04985809e+02,
    6.36678833e+02, 4.22178467e+02, 6.37138367e+02, 5.36283630e+02,
    6.37302002e+02, 6.48096313e+02, 6.35427307e+02, 7.59319824e+02,
    5.17257751e+02, 3.00737030e+02, 5.19290527e+02, 4.18425049e+02,
    5.22155701e+02, 5.33221924e+02, 5.22341553e+02, 6.45657593e+02,
    5.22121582e+02, 7.57187744e+02 ]
