%YAML:1.0
---
points: [ 3.62670410e+02, 1.45546082e+02, 3.65222809e+02, 1.81247787e+02,
    3.67955231e+02, 2.16555939e+02, 3.69223480e+02, 2.52151855e+02,
    3.71802460e+02, 2.86759033e+02, 3.28516235e+02, 1.51229935e+02,
    3.31106293e+02, 1.84234848e+02, 3.33718964e+02, 2.17861908e+02,
    3.35403931e+02, 2.50741684e+02, 3.37807098e+02, 2.84579773e+02,
    2.97697327e+02, 1.55177261e+02, 3.00368805e+02, 1.87229523e+02,
    3.02689026e+02, 2.18988022e+02, 3.04670410e+02, 2.50687592e+02,
    3.06115204e+02, 2.82830841e+02, 2.70059570e+02, 1.59630157e+02,
    2.72118408e+02, 1.89976486e+02, 2.74313385e+02, 2.20320328e+02,
    2.76221222e+02, 2.50477783e+02, 2.77893372e+02, 2.81414886e+02,
    2.44589127e+02, 1.63199478e+02, 2.46438751e+02, 1.92257828e+02,
    2.48393265e+02, 2.21379715e+02, 2.50440079e+02, 2.50374435e+02,
    2.52058426e+02, 2.79756287e+02, 2.20748199e+02, 1.66519943e+02,
    2.22727325e+02, 1.94501907e+02, 2.24336639e+02, 2.22492477e+02,
    2.26293610e+02, 2.50416077e+02, 2.28024292e+02, 2.78462311e+02,
    1.98486679e+02, 1.69514191e+02, 2.00322891e+02, 1.96423691e+02,
    2.02057648e+02, 2.23483475e+02, 2.04100693e+02, 2.50339737e+02,
    2.05883667e+02, 2.77516815e+02 ]
