%YAML:1.0
---
points: [ 1.09691846e+03, 3.57053314e+02, 1.10303235e+03, 4.60566498e+02,
    1.10942432e+03, 5.63430786e+02, 1.11420483e+03, 6.66294312e+02,
    1.11880688e+03, 7.70384888e+02, 1.00545312e+03, 3.70236420e+02,
    1.01217853e+03, 4.68865753e+02, 1.01814148e+03, 5.66726257e+02,
    1.02256628e+03, 6.64858215e+02, 1.02641052e+03, 7.64121765e+02,
    9.22760010e+02, 3.82157288e+02, 9.29156738e+02, 4.76294006e+02,
    9.34668091e+02, 5.70140930e+02, 9.39565491e+02, 6.63688477e+02,
    9.42991760e+02, 7.58334717e+02, 8.47298096e+02, 3.92711273e+02,
    8.52696106e+02, 4.82885376e+02, 8.58838440e+02, 5.72681946e+02,
    8.63489441e+02, 6.62514099e+02, 8.66277527e+02, 7.53282837e+02,
    7.78198547e+02, 4.02875610e+02, 7.82884277e+02, 4.89340332e+02,
    7.88333069e+02, 5.75517395e+02, 7.93175537e+02, 6.61559265e+02,
    7.96701477e+02, 7.48409241e+02, 7.12825500e+02, 4.11753937e+02,
    7.17754578e+02, 4.95051270e+02, 7.21917419e+02, 5.78219482e+02,
    7.27401733e+02, 6.60951294e+02, 7.31417175e+02, 7.44260925e+02,
    6.51344849e+02, 4.19832977e+02, 6.56262634e+02, 5.00371918e+02,
    6.61040710e+02, 5.80493835e+02, 6.66055298e+02, 6.60486328e+02,
    6.70829285e+02, 7.40460327e+02 ]
