%YAML:1.0
---
points: [ 3.68152374e+02, 1.19970070e+02, 3.65844360e+02, 1.47577698e+02,
    3.63567169e+02, 1.74894104e+02, 3.62057739e+02, 2.01708664e+02,
    3.60696106e+02, 2.28646408e+02, 3.50088196e+02, 1.16121399e+02,
    3.47560638e+02, 1.45233109e+02, 3.45357513e+02, 1.73609787e+02,
    3.43746552e+02, 2.01771118e+02, 3.42622192e+02, 2.29614441e+02,
    3.30061584e+02, 1.12087593e+02, 3.27647827e+02, 1.42526093e+02,
    3.25578400e+02, 1.72229660e+02, 3.23758728e+02, 2.01664505e+02,
    3.22511658e+02, 2.30649078e+02, 3.08246033e+02, 1.07548241e+02,
    3.06233307e+02, 1.39477875e+02, 3.03857239e+02, 1.70807617e+02,
    3.02084503e+02, 2.01474915e+02, 3.00870392e+02, 2.31926620e+02,
    2.83877777e+02, 1.02737907e+02, 2.82203369e+02, 1.36234787e+02,
    2.80098114e+02, 1.69169312e+02, 2.78261902e+02, 2.01318222e+02,
    2.76723358e+02, 2.33243317e+02, 2.57143341e+02, 9.69070587e+01,
    2.55690247e+02, 1.32606323e+02, 2.54228226e+02, 1.67161682e+02,
    2.52071228e+02, 2.01125565e+02, 2.50662979e+02, 2.34597473e+02,
    2.27652496e+02, 9.06538010e+01, 2.26218201e+02, 1.28137100e+02,
    2.24820160e+02, 1.65051041e+02, 2.23166107e+02, 2.00968979e+02,
    2.21215591e+02, 2.36294098e+02 ]
