%YAML:1.0
---
points: [ 1.32930542e+03, 3.85288452e+02, 1.30105627e+03, 5.18188660e+02,
    1.27546802e+03, 6.39350708e+02, 1.25349927e+03, 7.53302185e+02,
    1.23280005e+03, 8.59693298e+02, 1.18899426e+03, 3.74016327e+02,
    1.16689905e+03, 5.07137787e+02, 1.14716577e+03, 6.28769470e+02,
    1.12948828e+03, 7.42566223e+02, 1.11337097e+03, 8.50329712e+02,
    1.04852026e+03, 3.61713318e+02, 1.03297705e+03, 4.96078949e+02,
    1.01894519e+03, 6.18493286e+02, 1.00587793e+03, 7.32130676e+02,
    9.93608521e+02, 8.40074707e+02, 9.07514954e+02, 3.49379761e+02,
    8.98561096e+02, 4.85107483e+02, 8.90262146e+02, 6.08081360e+02,
    8.81867065e+02, 7.22294617e+02, 8.73606812e+02, 8.30603027e+02,
    7.65463318e+02, 3.35763977e+02, 7.62470825e+02, 4.73204010e+02,
    7.59693665e+02, 5.97687805e+02, 7.56569275e+02, 7.12345947e+02,
    7.52736145e+02, 8.21052551e+02, 6.20701416e+02, 3.22624969e+02,
    6.24274719e+02, 4.61038544e+02, 6.27329041e+02, 5.87280090e+02,
    6.29660828e+02, 7.02519958e+02, 6.29920105e+02, 8.12370605e+02,
    4.73355194e+02, 3.09060486e+02, 4.84016052e+02, 4.48980011e+02,
    4.94337830e+02, 5.75416138e+02, 5.01100128e+02, 6.93186890e+02,
    5.06817657e+02, 8.02860657e+02 ]
