%YAML:1.0
---
points: [ 3.45303619e+02, 1.55044937e+02, 3.45915771e+02, 1.83043457e+02,
    3.46570709e+02, 2.10660934e+02, 3.48161072e+02, 2.37614441e+02,
    3.49852936e+02, 2.64698883e+02, 3.31533966e+02, 1.55233093e+02,
    3.32022888e+02, 1.85035934e+02, 3.32811371e+02, 2.14215027e+02,
    3.34554657e+02, 2.42843979e+02, 3.36711578e+02, 2.71219086e+02,
    3.15535400e+02, 1.55855042e+02, 3.16414490e+02, 1.87227081e+02,
    3.17541351e+02, 2.18305664e+02, 3.19141693e+02, 2.48596786e+02,
    3.21368866e+02, 2.78826996e+02, 2.97560852e+02, 1.56208893e+02,
    2.99161011e+02, 1.89776123e+02, 3.00250519e+02, 2.22770004e+02,
    3.01870667e+02, 2.55154297e+02, 3.04444611e+02, 2.87255066e+02,
    2.76710663e+02, 1.56968109e+02, 2.78856232e+02, 1.92802567e+02,
    2.80444000e+02, 2.28059067e+02, 2.82324127e+02, 2.62606293e+02,
    2.84562927e+02, 2.96954285e+02, 2.53007080e+02, 1.57239273e+02,
    2.55662186e+02, 1.96260864e+02, 2.58275940e+02, 2.34109940e+02,
    2.59935242e+02, 2.71412048e+02, 2.62432800e+02, 3.08031708e+02,
    2.26211319e+02, 1.58131271e+02, 2.29034622e+02, 1.99938309e+02,
    2.31608795e+02, 2.41439774e+02, 2.33219818e+02, 2.80920502e+02,
    2.35424530e+02, 3.22118927e+02 ]
