%YAML:1.0
---
points: [ 9.29604370e+02, 3.07381256e+02, 9.58904602e+02, 4.01190125e+02,
    9.87697571e+02, 4.93746613e+02, 1.01796747e+03, 5.85478577e+02,
    1.04811890e+03, 6.77409241e+02, 8.42837402e+02, 3.25201904e+02,
    8.73567078e+02, 4.23467255e+02, 9.03924683e+02, 5.20174255e+02,
    9.35337952e+02, 6.15763550e+02, 9.67291260e+02, 7.11633057e+02,
    7.47443420e+02, 3.45157227e+02, 7.80359131e+02, 4.47640411e+02,
    8.12779053e+02, 5.48838867e+02, 8.45010925e+02, 6.48863037e+02,
    8.78253845e+02, 7.49349426e+02, 6.42294373e+02, 3.66601318e+02,
    6.77971558e+02, 4.74140991e+02, 7.12192627e+02, 5.80174683e+02,
    7.46233215e+02, 6.85450806e+02, 7.80696838e+02, 7.90614075e+02,
    5.25561951e+02, 3.91343719e+02, 5.63599731e+02, 5.03407776e+02,
    6.00379944e+02, 6.15159363e+02, 6.36505859e+02, 7.25659363e+02,
    6.72508301e+02, 8.36631226e+02, 3.96380829e+02, 4.17568024e+02,
    4.36583252e+02, 5.36379578e+02, 4.76062592e+02, 6.53786621e+02,
    5.14527649e+02, 7.70684753e+02, 5.52755554e+02, 8.87390381e+02,
    2.53512207e+02, 4.47380249e+02, 2.95966125e+02, 5.72718384e+02,
    3.38239075e+02, 6.97079346e+02, 3.79338470e+02, 8.20294983e+02,
    4.20437866e+02, 9.43224121e+02 ]
