%YAML:1.0
---
points: [ 3.69541077e+02, 1.50276428e+02, 3.71569031e+02, 1.82168335e+02,
    3.73610321e+02, 2.13541840e+02, 3.76007050e+02, 2.44777069e+02,
    3.78336029e+02, 2.75935547e+02, 3.38388763e+02, 1.52731094e+02,
    3.40813721e+02, 1.84654282e+02, 3.42530426e+02, 2.16216919e+02,
    3.44905090e+02, 2.47294708e+02, 3.47837311e+02, 2.78894562e+02,
    3.06876404e+02, 1.55113861e+02, 3.09308228e+02, 1.87155701e+02,
    3.11803711e+02, 2.19041000e+02, 3.14223907e+02, 2.50308151e+02,
    3.16569824e+02, 2.81715363e+02, 2.75429718e+02, 1.57313232e+02,
    2.77881378e+02, 1.89866074e+02, 2.80312134e+02, 2.21690140e+02,
    2.82740753e+02, 2.53314011e+02, 2.85286438e+02, 2.85185120e+02,
    2.43213699e+02, 1.60039459e+02, 2.45964035e+02, 1.92389526e+02,
    2.48831772e+02, 2.24734848e+02, 2.51449371e+02, 2.55763885e+02,
    2.53529678e+02, 2.87716980e+02, 2.11099533e+02, 1.62126846e+02,
    2.13555588e+02, 1.95207947e+02, 2.16623276e+02, 2.27158615e+02,
    2.19335052e+02, 2.59618408e+02, 2.21954239e+02, 2.90829834e+02,
    1.75527039e+02, 1.63143951e+02, 1.80580490e+02, 1.97718002e+02,
    1.84071640e+02, 2.31034531e+02, 1.86531036e+02, 2.62665894e+02,
    1.89568878e+02, 2.94550720e+02 ]
