%YAML:1.0
---
points: [ 1.13408130e+03, 3.69803497e+02, 1.13967249e+03, 4.63206116e+02,
    1.14521057e+03, 5.55482971e+02, 1.15166394e+03, 6.47301575e+02,
    1.15829578e+03, 7.39190247e+02, 1.04210986e+03, 3.75663483e+02,
    1.04796460e+03, 4.69788544e+02, 1.05407471e+03, 5.62511902e+02,
    1.06054846e+03, 6.54718384e+02, 1.06727405e+03, 7.47223145e+02,
    9.48497803e+02, 3.81968658e+02, 9.55171875e+02, 4.76467346e+02,
    9.62083191e+02, 5.70005615e+02, 9.68650696e+02, 6.62381042e+02,
    9.75269104e+02, 7.55257935e+02, 8.53971130e+02, 3.87710602e+02,
    8.61458313e+02, 4.82871521e+02, 8.69026672e+02, 5.76783691e+02,
    8.75676086e+02, 6.70246582e+02, 8.82337769e+02, 7.63706116e+02,
    7.57963623e+02, 3.93953156e+02, 7.65981201e+02, 4.89660370e+02,
    7.73808838e+02, 5.84420471e+02, 7.81219055e+02, 6.78220947e+02,
    7.87854858e+02, 7.71996887e+02, 6.59682678e+02, 3.99683197e+02,
    6.68548218e+02, 4.96527588e+02, 6.76475159e+02, 5.92177979e+02,
    6.84605530e+02, 6.86804688e+02, 6.91744629e+02, 7.81333984e+02,
    5.59287842e+02, 4.05612061e+02, 5.68556885e+02, 5.03213593e+02,
    5.77317627e+02, 6.00099915e+02, 5.85956177e+02, 6.95582092e+02,
    5.94214539e+02, 7.90622803e+02 ]
