%YAML:1.0
---
points: [ 2.32798126e+02, 1.18997047e+02, 2.48883606e+02, 1.40126831e+02,
    2.66192352e+02, 1.62320740e+02, 2.84094635e+02, 1.85269867e+02,
    3.03608734e+02, 2.09844284e+02, 2.06982285e+02, 1.33093552e+02,
    2.23019516e+02, 1.55227264e+02, 2.39448380e+02, 1.78073105e+02,
    2.57234161e+02, 2.02140442e+02, 2.75443634e+02, 2.27465500e+02,
    1.80762466e+02, 1.47993164e+02, 1.96024872e+02, 1.70505432e+02,
    2.12271729e+02, 1.94419830e+02, 2.29084106e+02, 2.19285233e+02, 247.,
    246., 1.53153000e+02, 1.63040634e+02, 1.68337708e+02, 1.86522232e+02,
    1.83717041e+02, 2.11027542e+02, 2.00508926e+02, 2.38231628e+02,
    2.17121185e+02, 2.62734497e+02, 1.25107437e+02, 1.79150162e+02,
    1.39036682e+02, 2.02916962e+02, 1.54376389e+02, 2.28886765e+02,
    1.69927155e+02, 2.55633011e+02, 1.83737564e+02, 2.85149078e+02,
    9.54142990e+01, 1.94976639e+02, 1.09104584e+02, 2.20382324e+02,
    1.22914398e+02, 2.46602020e+02, 1.38611664e+02, 2.75653076e+02,
    1.52792084e+02, 3.05765015e+02, 6.54218140e+01, 2.11937729e+02,
    7.77795868e+01, 2.37371506e+02, 9.16446533e+01, 2.65854828e+02,
    1.05803024e+02, 2.94081238e+02, 1.20250000e+02, 3.27500000e+02 ]
