%YAML:1.0
---
points: [ 1.01346716e+03, 3.85419128e+02, 1.01322577e+03, 4.59435577e+02,
    1.01270081e+03, 5.32237000e+02, 1.01240491e+03, 6.04135986e+02,
    1.01210596e+03, 6.75790466e+02, 9.39712158e+02, 3.85317902e+02,
    9.40045532e+02, 4.59420227e+02, 9.40205139e+02, 5.32314392e+02,
    9.40202576e+02, 6.04266357e+02, 9.40096985e+02, 6.76135376e+02,
    8.65797546e+02, 3.85100861e+02, 8.66709229e+02, 4.59409454e+02,
    8.67509583e+02, 5.32439758e+02, 8.67988464e+02, 6.04388550e+02,
    8.68099121e+02, 6.76267761e+02, 7.91546143e+02, 3.84584137e+02,
    7.93082642e+02, 4.59322266e+02, 7.94479858e+02, 5.32494324e+02,
    7.95392029e+02, 6.04613525e+02, 7.95628845e+02, 6.76574768e+02,
    7.16791260e+02, 3.84267853e+02, 7.18600220e+02, 4.59219696e+02,
    7.20629578e+02, 5.32567078e+02, 7.22187134e+02, 6.04839539e+02,
    7.22913513e+02, 6.76859192e+02, 6.41209595e+02, 3.83647522e+02,
    6.43794189e+02, 4.58893005e+02, 6.45836914e+02, 5.32654175e+02,
    6.48325256e+02, 6.05254517e+02, 6.49263000e+02, 6.77449463e+02,
    5.64822266e+02, 3.83221771e+02, 5.68276001e+02, 4.58576813e+02,
    5.71541504e+02, 5.32488525e+02, 5.73695312e+02, 6.05525269e+02,
    5.75468323e+02, 6.77736633e+02 ]
