%YAML:1.0
---
points: [ 3.94737213e+02, 1.94790451e+02, 3.93937683e+02, 2.16217987e+02,
    3.92913757e+02, 2.38999985e+02, 3.91851349e+02, 2.63270599e+02,
    3.90596893e+02, 2.89392365e+02, 3.68424530e+02, 1.92954300e+02,
    3.66475220e+02, 2.13918365e+02, 3.64631897e+02, 2.36231491e+02,
    3.62528534e+02, 2.59834076e+02, 3.60414215e+02, 2.85251434e+02,
    3.43053131e+02, 1.91386688e+02, 3.40383545e+02, 2.11807922e+02,
    3.37560486e+02, 2.33355148e+02, 3.34574799e+02, 2.56656067e+02,
    3.31086914e+02, 2.81162079e+02, 3.18739990e+02, 1.89925613e+02,
    3.15316589e+02, 2.09567337e+02, 3.11823395e+02, 2.30848694e+02,
    3.07836700e+02, 2.53317917e+02, 3.03734924e+02, 2.77325165e+02,
    2.95567719e+02, 1.88684555e+02, 2.91551605e+02, 2.07760452e+02,
    2.87168243e+02, 2.28417618e+02, 2.82533081e+02, 2.50294647e+02,
    2.77310394e+02, 2.73784271e+02, 2.73322784e+02, 1.87121994e+02,
    2.68604248e+02, 2.05847763e+02, 2.63530609e+02, 2.25810104e+02,
    2.58102783e+02, 2.47394531e+02, 2.52309784e+02, 2.70193024e+02,
    2.51751236e+02, 1.85485016e+02, 2.46581741e+02, 2.03812454e+02,
    2.40829391e+02, 2.23437637e+02, 2.34862106e+02, 2.44396179e+02,
    2.28264008e+02, 2.67096344e+02 ]
