%YAML:1.0
---
points: [ 3.14151489e+02, 1.19817261e+02, 3.18983521e+02, 1.39349197e+02,
    3.24195801e+02, 1.60633530e+02, 3.29263824e+02, 1.84228210e+02,
    3.34958740e+02, 2.10448975e+02, 2.92659424e+02, 1.37442566e+02,
    2.96360474e+02, 1.56875183e+02, 3.00196228e+02, 1.78196991e+02,
    3.03805145e+02, 2.01435181e+02, 3.07624664e+02, 2.27505890e+02,
    2.73201843e+02, 1.53536026e+02, 2.75843414e+02, 1.72891174e+02,
    2.78514069e+02, 1.93909653e+02, 2.80919312e+02, 2.17114548e+02,
    2.83266418e+02, 2.42591888e+02, 2.55581238e+02, 1.68438263e+02,
    2.56894928e+02, 1.87355682e+02, 2.58683777e+02, 2.08334686e+02,
    2.60102600e+02, 2.31211014e+02, 2.61166473e+02, 2.56282990e+02,
    2.39288620e+02, 1.82183228e+02, 2.39721085e+02, 2.00973862e+02,
    2.40444565e+02, 2.21533249e+02, 2.41126648e+02, 2.44075592e+02,
    2.41317505e+02, 2.68975922e+02, 2.23752579e+02, 1.94791489e+02,
    2.23661453e+02, 2.13321381e+02, 2.23350861e+02, 2.33591202e+02,
    2.23264328e+02, 2.55968842e+02, 2.22912674e+02, 2.80384857e+02,
    2.09164337e+02, 2.06280182e+02, 2.08433578e+02, 2.24819687e+02,
    2.07556656e+02, 2.44904343e+02, 2.06952759e+02, 2.66966736e+02,
    2.06023346e+02, 2.91098450e+02 ]
