%YAML:1.0
---
points: [ 1.24017102e+03, 5.01388031e+02, 1.23238159e+03, 5.64092896e+02,
    1.22367688e+03, 6.31213074e+02, 1.21457251e+03, 7.02178040e+02,
    1.20480066e+03, 7.79542725e+02, 1.16544958e+03, 4.95275848e+02,
    1.15534363e+03, 5.56592224e+02, 1.14417932e+03, 6.22328979e+02,
    1.13233130e+03, 6.91434875e+02, 1.11886084e+03, 7.65835388e+02,
    1.09426392e+03, 4.89733765e+02, 1.08164709e+03, 5.49795227e+02,
    1.06855286e+03, 6.13372131e+02, 1.05380518e+03, 6.81170288e+02,
    1.03771362e+03, 7.53578735e+02, 1.02579260e+03, 4.84565216e+02,
    1.01147253e+03, 5.42684814e+02, 9.95955688e+02, 6.05257080e+02,
    9.79162170e+02, 6.71228699e+02, 9.60355835e+02, 7.41648193e+02,
    9.60093445e+02, 4.80249054e+02, 9.43705261e+02, 5.36518188e+02,
    9.26262878e+02, 5.97329773e+02, 9.07340820e+02, 6.61704102e+02,
    8.86461365e+02, 7.30809387e+02, 8.96598267e+02, 4.74987518e+02,
    8.78557983e+02, 5.30284241e+02, 8.58745728e+02, 5.88700928e+02,
    8.38121582e+02, 6.52537292e+02, 8.15200073e+02, 7.20099792e+02,
    8.34924011e+02, 4.69579132e+02, 8.15299744e+02, 5.23511230e+02,
    7.94019714e+02, 5.81464966e+02, 7.71350464e+02, 6.43571289e+02,
    7.46811768e+02, 7.10185669e+02 ]
