%YAML:1.0
---
points: [ 9.02617188e+02, 4.97079590e+02, 9.26232117e+02, 5.51347107e+02,
    9.51168213e+02, 6.08228638e+02, 9.78460693e+02, 6.66650879e+02,
    1.00757739e+03, 7.28721130e+02, 8.54213257e+02, 4.92372467e+02,
    8.77471008e+02, 5.49534485e+02, 9.02130920e+02, 6.08889404e+02,
    9.29369507e+02, 6.70779175e+02, 9.58718201e+02, 7.35662842e+02,
    8.00643188e+02, 4.87572693e+02, 8.23624146e+02, 5.47388000e+02,
    8.48412537e+02, 6.09765381e+02, 8.74921753e+02, 6.75429443e+02,
    9.04003113e+02, 7.44180603e+02, 7.41293884e+02, 4.82460846e+02,
    7.64652039e+02, 5.44866089e+02, 7.88576660e+02, 6.10912598e+02,
    8.14629089e+02, 6.80325684e+02, 8.43396240e+02, 7.53215332e+02,
    6.74872070e+02, 4.77396179e+02, 6.98030823e+02, 5.42469116e+02,
    7.21829773e+02, 6.12297913e+02, 7.47169067e+02, 6.85856201e+02,
    7.74511047e+02, 7.64270325e+02, 6.01494141e+02, 4.70484161e+02,
    6.23677490e+02, 5.39582214e+02, 6.47388550e+02, 6.12550110e+02,
    6.71128540e+02, 6.91720947e+02, 6.97331665e+02, 7.75680786e+02,
    5.19495300e+02, 4.61765900e+02, 5.40354919e+02, 5.35249084e+02,
    5.62433228e+02, 6.13705383e+02, 5.85250061e+02, 6.97923096e+02,
    6.09283691e+02, 7.89078186e+02 ]
