%YAML:1.0
---
points: [ 2.73989471e+02, 1.94643250e+02, 2.83010406e+02, 2.12735275e+02,
    2.92740753e+02, 2.32182571e+02, 3.03368408e+02, 2.51764038e+02,
    3.14778442e+02, 2.72929993e+02, 2.59492218e+02, 1.93189667e+02,
    2.68519348e+02, 2.12321152e+02, 2.78114716e+02, 2.32453156e+02,
    2.89023560e+02, 2.53431458e+02, 3.00311920e+02, 2.75302765e+02,
    2.43213455e+02, 1.91764374e+02, 2.52253723e+02, 2.11749710e+02,
    2.61952545e+02, 2.32749130e+02, 2.72486420e+02, 2.54922638e+02,
    2.84072876e+02, 2.78239349e+02, 2.25433044e+02, 1.90228455e+02,
    2.34645737e+02, 2.11001144e+02, 2.44231155e+02, 2.33447113e+02,
    2.54626419e+02, 2.56719147e+02, 2.66170380e+02, 2.81310181e+02,
    2.05541077e+02, 1.88538925e+02, 2.14847473e+02, 2.10545670e+02,
    2.24375031e+02, 2.34029160e+02, 2.34715012e+02, 2.58718872e+02,
    2.45875351e+02, 2.85141907e+02, 1.83569733e+02, 1.86583618e+02,
    1.92688324e+02, 2.09690460e+02, 2.02470963e+02, 2.34271164e+02,
    2.12428482e+02, 2.60911377e+02, 2.23542328e+02, 2.88967224e+02,
    1.59052124e+02, 1.83938004e+02, 1.68005707e+02, 2.08458694e+02,
    1.77441940e+02, 2.34957458e+02, 1.87341614e+02, 2.63136261e+02,
    1.97776886e+02, 2.93868286e+02 ]
