%YAML:1.0
---
points: [ 2.08758362e+02, 1.14378792e+02, 2.27781937e+02, 1.36044266e+02,
    2.48156235e+02, 1.58492432e+02, 2.68698395e+02, 1.81335358e+02,
    2.90750000e+02, 206., 1.83270920e+02, 1.33091080e+02, 2.02597336e+02,
    1.55487015e+02, 2.21993347e+02, 1.78511505e+02, 2.43354645e+02,
    2.05666214e+02, 2.59273346e+02, 2.27171371e+02, 1.57860138e+02,
    1.52309692e+02, 1.76191544e+02, 1.75166931e+02, 1.95586868e+02,
    1.99070511e+02, 2.15813736e+02, 2.23314743e+02, 2.31500000e+02, 250.,
    1.31221649e+02, 1.71801926e+02, 1.49718719e+02, 1.95445847e+02,
    1.68293716e+02, 2.19949921e+02, 1.90451431e+02, 2.51244705e+02,
    2.07750000e+02, 2.73250000e+02, 1.04708618e+02, 1.92212616e+02,
    1.21692101e+02, 2.16158539e+02, 1.40587494e+02, 2.41821411e+02,
    1.59250000e+02, 2.68750000e+02, 1.78750000e+02, 2.97250000e+02,
    7.68923264e+01, 2.12331253e+02, 9.40847244e+01, 2.37732849e+02,
    1.11214050e+02, 2.63121246e+02, 1.30871170e+02, 2.92021912e+02, 149.,
    3.21500000e+02, 4.92590446e+01, 2.33390533e+02, 6.50066910e+01,
    2.58810394e+02, 8.27523117e+01, 2.86698883e+02, 1.00222931e+02,
    3.13319916e+02, 1.20627495e+02, 3.46022308e+02 ]
