%YAML:1.0
---
points: [ 1.09238818e+03, 4.54936157e+02, 1.07262146e+03, 5.03228058e+02,
    1.05172607e+03, 5.53860352e+02, 1.02793701e+03, 6.06559692e+02,
    1.00269489e+03, 6.62823547e+02, 1.04758057e+03, 4.68384552e+02,
    1.02826758e+03, 5.14988586e+02, 1.00663440e+03, 5.64212036e+02,
    9.83121765e+02, 6.14874390e+02, 9.56792419e+02, 6.68605164e+02,
    1.00693781e+03, 4.81142334e+02, 9.87217285e+02, 5.26205566e+02,
    9.65531921e+02, 5.73272766e+02, 9.42128174e+02, 6.22676025e+02,
    9.15850464e+02, 6.74471619e+02, 9.69656189e+02, 4.92729218e+02,
    9.49270691e+02, 5.35780029e+02, 9.27742615e+02, 5.81801575e+02,
    9.04341431e+02, 6.29513306e+02, 8.78349548e+02, 6.79295776e+02,
    9.35750000e+02, 5.03889038e+02, 9.14433594e+02, 5.45588806e+02,
    8.92916260e+02, 5.89665771e+02, 8.69488098e+02, 6.36036072e+02,
    8.43843079e+02, 6.84296692e+02, 9.03202759e+02, 5.14028015e+02,
    8.82354187e+02, 5.54446533e+02, 8.60303101e+02, 5.96775146e+02,
    8.37446350e+02, 6.41817688e+02, 8.11588928e+02, 6.88296753e+02,
    8.72712463e+02, 5.22785706e+02, 8.51953552e+02, 5.62474915e+02,
    8.31051697e+02, 6.04094299e+02, 8.07192871e+02, 6.47215881e+02,
    7.82189941e+02, 6.92346619e+02 ]
