%YAML:1.0
---
points: [ 1.73619189e+03, 4.54332336e+02, 1.73134998e+03, 5.02428223e+02,
    1.72629907e+03, 5.52925903e+02, 1.71936792e+03, 6.05211060e+02,
    1.71222961e+03, 6.60696838e+02, 1.66787537e+03, 4.67557953e+02,
    1.66171521e+03, 5.14274109e+02, 1.65456079e+03, 5.62991760e+02,
    1.64655164e+03, 6.13443726e+02, 1.63729199e+03, 6.66179504e+02,
    1.60507556e+03, 4.80398834e+02, 1.59736121e+03, 5.25401489e+02,
    1.58917676e+03, 5.71842529e+02, 1.57975928e+03, 6.20951355e+02,
    1.56920605e+03, 6.71393127e+02, 1.54702478e+03, 4.92159576e+02,
    1.53796948e+03, 5.34905762e+02, 1.52869006e+03, 5.80462402e+02,
    1.51832703e+03, 6.27467224e+02, 1.50659412e+03, 6.75910034e+02,
    1.49361768e+03, 5.03441681e+02, 1.48340454e+03, 5.44632019e+02,
    1.47325293e+03, 5.88105103e+02, 1.46187341e+03, 6.33456970e+02,
    1.44946228e+03, 6.80314514e+02, 1.44357239e+03, 5.13423767e+02,
    1.43278235e+03, 5.53480164e+02, 1.42151672e+03, 5.94911072e+02,
    1.41019141e+03, 6.38798889e+02, 1.39682068e+03, 6.83619751e+02,
    1.39689941e+03, 5.22363464e+02, 1.38589514e+03, 5.61177734e+02,
    1.37477014e+03, 6.02158569e+02, 1.36186230e+03, 6.43627258e+02,
    1.34859827e+03, 6.87258545e+02 ]
