%YAML:1.0
---
points: [ 1.23118774e+03, 4.47818512e+02, 1.21012134e+03, 5.22544495e+02,
    1.19040894e+03, 5.92949280e+02, 1.17337195e+03, 6.61226196e+02,
    1.15714001e+03, 7.26581787e+02, 1.16970398e+03, 4.47842743e+02,
    1.14920044e+03, 5.24851685e+02, 1.13057129e+03, 5.98053284e+02,
    1.11416772e+03, 6.68320496e+02, 1.09933508e+03, 7.36254761e+02,
    1.10261230e+03, 4.47315063e+02, 1.08403845e+03, 5.27725586e+02,
    1.06661182e+03, 6.03625854e+02, 1.05053503e+03, 6.75968872e+02,
    1.03665332e+03, 7.46027100e+02, 1.03053467e+03, 4.46703522e+02,
    1.01391382e+03, 5.30986694e+02, 9.97488464e+02, 6.09425171e+02,
    9.82411255e+02, 6.84461853e+02, 9.69478271e+02, 7.57038452e+02,
    9.51324219e+02, 4.45725433e+02, 9.37165710e+02, 5.33901428e+02,
    9.22477905e+02, 6.16155090e+02, 9.08538086e+02, 6.93609253e+02,
    8.96151917e+02, 7.68099792e+02, 8.65582520e+02, 4.45313263e+02,
    8.53185730e+02, 5.37417358e+02, 8.41092712e+02, 6.23778870e+02,
    8.28506409e+02, 7.04183838e+02, 8.17253723e+02, 7.81336853e+02,
    7.71576233e+02, 4.45096191e+02, 7.61197754e+02, 5.41582581e+02,
    7.50980347e+02, 6.31829834e+02, 7.40873779e+02, 7.16062073e+02,
    7.31185669e+02, 7.95518250e+02 ]
