%YAML:1.0
---
points: [ 3.95629608e+02, 1.76587265e+02, 3.87581268e+02, 2.01910278e+02,
    3.79837524e+02, 2.26157455e+02, 3.73168549e+02, 2.49385269e+02,
    3.66880890e+02, 2.71874664e+02, 3.76625488e+02, 1.76552994e+02,
    3.68465607e+02, 2.03110016e+02, 3.60953796e+02, 2.28042160e+02,
    3.54375793e+02, 2.52107086e+02, 3.48640594e+02, 2.75173492e+02,
    3.55586517e+02, 1.76840302e+02, 3.47937775e+02, 2.04218964e+02,
    3.40845367e+02, 2.30159653e+02, 3.34438934e+02, 2.54776367e+02,
    3.28786041e+02, 2.78752441e+02, 3.33005005e+02, 1.76950500e+02,
    3.26127930e+02, 2.05542786e+02, 3.19232086e+02, 2.32342010e+02,
    3.12933289e+02, 2.57798584e+02, 3.07644470e+02, 2.82528229e+02,
    3.08305023e+02, 1.76836258e+02, 3.02114716e+02, 2.06797852e+02,
    2.95763275e+02, 2.34702820e+02, 2.89921906e+02, 2.60886658e+02,
    2.84632721e+02, 2.86397369e+02, 2.81963989e+02, 1.77106033e+02,
    2.76145874e+02, 2.08355743e+02, 2.70680054e+02, 2.37569946e+02,
    2.65075317e+02, 2.64814514e+02, 2.60135284e+02, 2.90932098e+02,
    2.53226608e+02, 1.77416382e+02, 2.48150833e+02, 2.09985611e+02,
    2.42985855e+02, 2.40374939e+02, 2.38204483e+02, 2.68876312e+02,
    2.33321548e+02, 2.95802246e+02 ]
