%YAML:1.0
---
points: [ 2.95901367e+02, 1.73947449e+02, 3.03459259e+02, 2.05141922e+02,
    3.10580261e+02, 2.34613586e+02, 3.17056610e+02, 2.63564178e+02,
    3.22804962e+02, 2.90975006e+02, 2.70459686e+02, 1.75516190e+02,
    2.78467560e+02, 2.04774277e+02, 2.85863464e+02, 2.32689133e+02,
    2.92361572e+02, 2.60077148e+02, 2.98374969e+02, 2.86102936e+02,
    2.48620728e+02, 1.76980240e+02, 2.56341675e+02, 2.04645233e+02,
    2.63673462e+02, 2.31017029e+02, 2.70557617e+02, 2.56357025e+02,
    2.76549469e+02, 2.81338654e+02, 2.28873260e+02, 1.78133148e+02,
    2.36391693e+02, 2.04499649e+02, 2.43945267e+02, 2.29419022e+02,
    2.50885040e+02, 2.53540756e+02, 2.57013702e+02, 2.77282196e+02,
    2.11409653e+02, 1.79145416e+02, 2.18756714e+02, 2.04235687e+02,
    2.26122238e+02, 2.28109558e+02, 2.33147614e+02, 2.50920120e+02,
    2.39665344e+02, 2.73243652e+02, 1.95139130e+02, 1.80264359e+02,
    2.02558441e+02, 2.04026031e+02, 2.09606720e+02, 2.26936157e+02,
    2.16736038e+02, 2.48628433e+02, 2.23419510e+02, 2.69975647e+02,
    1.80147308e+02, 1.81230469e+02, 1.87674667e+02, 2.04048859e+02,
    1.94978546e+02, 2.25634811e+02, 2.01918533e+02, 2.46669815e+02,
    2.08867523e+02, 2.66868073e+02 ]
