%YAML:1.0
---
points: [ 3.33083313e+02, 1.40292389e+02, 3.33574646e+02, 1.59950531e+02,
    3.34180389e+02, 1.80152496e+02, 3.35467834e+02, 1.99675339e+02,
    3.37025482e+02, 2.19763458e+02, 3.25006134e+02, 1.36963547e+02,
    3.25326569e+02, 1.57894897e+02, 3.26072906e+02, 1.78700836e+02,
    3.27220245e+02, 1.99453873e+02, 3.28828644e+02, 2.20226181e+02,
    3.15792236e+02, 1.33521851e+02, 3.16210602e+02, 1.55414337e+02,
    3.17015198e+02, 1.77222519e+02, 3.18041046e+02, 1.98917694e+02,
    3.19621979e+02, 2.20868301e+02, 3.05609344e+02, 1.29649704e+02,
    3.06416748e+02, 1.52668121e+02, 3.07109344e+02, 1.75618881e+02,
    3.08083984e+02, 1.98489502e+02, 3.09516876e+02, 2.21272720e+02,
    2.94191132e+02, 1.25505669e+02, 2.95252747e+02, 1.49657425e+02,
    2.95995209e+02, 1.73778244e+02, 2.96966278e+02, 1.97872009e+02,
    2.98212799e+02, 2.22054886e+02, 2.82005554e+02, 1.20739014e+02,
    2.83051300e+02, 1.46237350e+02, 2.84170105e+02, 1.71718628e+02,
    2.84862213e+02, 1.97140396e+02, 2.85892639e+02, 2.22718048e+02,
    2.68376038e+02, 1.15248062e+02, 2.69468353e+02, 1.42228226e+02,
    2.70455353e+02, 1.69551514e+02, 2.71205627e+02, 1.96383377e+02,
    2.72032318e+02, 2.23697311e+02 ]
