%YAML:1.0
---
points: [ 3.73153259e+02, 4.65676117e+02, 3.92499176e+02, 4.96460815e+02,
    4.12259857e+02, 5.27414062e+02, 4.32272552e+02, 5.57876648e+02,
    4.52845306e+02, 5.89415283e+02, 3.30735626e+02, 4.73278625e+02,
    3.50254333e+02, 5.04915009e+02, 3.69917450e+02, 5.36907043e+02,
    3.90413422e+02, 5.68914856e+02, 4.10977814e+02, 6.00879883e+02,
    2.86187195e+02, 4.81446167e+02, 3.05407593e+02, 5.14077209e+02,
    3.25459961e+02, 5.46998657e+02, 3.45741394e+02, 5.80480225e+02,
    3.66564697e+02, 6.13712097e+02, 2.38819855e+02, 4.90170471e+02,
    2.58526062e+02, 5.23613892e+02, 2.78223633e+02, 5.57852173e+02,
    2.98603424e+02, 5.92390686e+02, 3.19548859e+02, 6.27192261e+02,
    1.88961548e+02, 4.99676208e+02, 2.08381073e+02, 5.33962219e+02,
    2.28509247e+02, 5.69586060e+02, 2.48683914e+02, 6.05403198e+02,
    2.69573486e+02, 6.41526306e+02, 1.36220276e+02, 5.09421234e+02,
    1.55768036e+02, 5.45224548e+02, 1.75616318e+02, 5.81555847e+02,
    1.95824158e+02, 6.19189026e+02, 2.16649139e+02, 6.56541748e+02,
    8.06369095e+01, 5.19475525e+02, 9.98248138e+01, 5.56687378e+02,
    1.19909096e+02, 5.95405334e+02, 1.39970535e+02, 6.33479736e+02,
    1.60686340e+02, 6.72626099e+02 ]
