%YAML:1.0
---
points: [ 2.94775848e+02, 1.80545090e+02, 3.00983978e+02, 1.93090118e+02,
    3.07654388e+02, 2.06602829e+02, 3.14835083e+02, 2.20182251e+02,
    3.22595612e+02, 2.34954468e+02, 2.83389587e+02, 1.76552216e+02,
    2.89279480e+02, 1.89692596e+02, 2.95660980e+02, 2.03331055e+02,
    3.02752380e+02, 2.17445755e+02, 3.10625244e+02, 2.32344986e+02,
    2.71029083e+02, 1.72486145e+02, 2.76805817e+02, 1.85847122e+02,
    2.83147186e+02, 1.99811447e+02, 2.90014648e+02, 2.14624817e+02,
    2.97529755e+02, 2.29883484e+02, 2.57817261e+02, 1.68119461e+02,
    2.63652710e+02, 1.81745453e+02, 2.69655609e+02, 1.96233643e+02,
    2.76238190e+02, 2.11329269e+02, 2.83530487e+02, 2.27005096e+02,
    2.43670441e+02, 1.63750595e+02, 2.49418015e+02, 1.77537399e+02,
    2.55242676e+02, 1.92266037e+02, 2.61556335e+02, 2.07854507e+02,
    2.68550568e+02, 2.24311249e+02, 2.28830765e+02, 1.58656784e+02,
    2.34171844e+02, 1.72741211e+02, 2.40110840e+02, 1.87858841e+02,
    2.45924744e+02, 2.03975540e+02, 2.52351456e+02, 2.21006912e+02,
    2.12874588e+02, 1.52829361e+02, 2.18038727e+02, 1.67524368e+02,
    2.23444626e+02, 1.83208664e+02, 2.29054321e+02, 1.99826157e+02,
    2.34904404e+02, 2.17610184e+02 ]
