%YAML:1.0
---
points: [ 1.02793982e+03, 4.31574860e+01, 1.03208923e+03, 1.35170319e+02,
    1.03577966e+03, 2.24033707e+02, 1.03934534e+03, 3.09406250e+02,
    1.04278760e+03, 3.92279663e+02, 9.41875549e+02, 4.91812935e+01,
    9.47709229e+02, 1.40919174e+02, 9.52944580e+02, 2.29350647e+02,
    9.57825500e+02, 3.14404419e+02, 9.62193542e+02, 3.97175568e+02,
    8.56482910e+02, 5.50790443e+01, 8.63736572e+02, 1.46427551e+02,
    8.70416077e+02, 2.34465454e+02, 8.76562866e+02, 3.19362305e+02,
    8.82247742e+02, 4.01741364e+02, 7.71554138e+02, 6.08797836e+01,
    7.80212036e+02, 1.51558380e+02, 7.88346008e+02, 2.39431122e+02,
    7.95844727e+02, 3.23975983e+02, 8.02494324e+02, 4.05994537e+02,
    6.87307556e+02, 6.69353638e+01, 6.96679260e+02, 1.56648590e+02,
    7.06409851e+02, 2.44272858e+02, 7.15281555e+02, 3.28498871e+02,
    7.23293701e+02, 4.10270966e+02, 6.02860718e+02, 7.23370895e+01,
    6.13505981e+02, 1.61829315e+02, 6.23686829e+02, 2.48778793e+02,
    6.34325867e+02, 3.33087952e+02, 6.43685852e+02, 4.14326477e+02,
    5.18495300e+02, 7.74888535e+01, 5.30263916e+02, 1.66631485e+02,
    5.42033630e+02, 2.53323242e+02, 5.53565125e+02, 3.37204163e+02,
    5.64614197e+02, 4.18643127e+02 ]
