%YAML:1.0
---
points: [ 3.27731995e+02, 4.09204063e+01, 3.28627625e+02, 7.16273651e+01,
    3.29655762e+02, 1.01327133e+02, 3.30365784e+02, 1.29969635e+02,
    3.31262939e+02, 1.58368744e+02, 2.98677673e+02, 4.29655952e+01,
    3.00213837e+02, 7.40630341e+01, 3.01199005e+02, 1.03701042e+02,
    3.02669800e+02, 1.32437500e+02, 3.03466187e+02, 1.60344986e+02,
    2.69699188e+02, 4.56360664e+01, 2.71357574e+02, 7.59359283e+01,
    2.72992065e+02, 1.05800720e+02, 2.74465302e+02, 1.34569611e+02,
    2.76293274e+02, 1.62311157e+02, 2.40793427e+02, 4.78028870e+01,
    2.43039993e+02, 7.82765732e+01, 2.45159485e+02, 1.07806984e+02,
    2.47037613e+02, 1.36246399e+02, 2.49017014e+02, 1.64146362e+02,
    2.12312241e+02, 5.04524384e+01, 2.14836166e+02, 8.07168427e+01,
    2.17948715e+02, 1.10222969e+02, 2.20050735e+02, 1.38321930e+02,
    2.22257156e+02, 1.66081802e+02, 1.83758530e+02, 5.25529175e+01,
    1.87177673e+02, 8.26958847e+01, 1.89624374e+02, 1.11862572e+02,
    1.93025238e+02, 1.40400543e+02, 1.95353210e+02, 1.67668320e+02,
    1.55629318e+02, 5.49255981e+01, 1.58811325e+02, 8.46993179e+01,
    1.62292923e+02, 1.13666618e+02, 1.65580627e+02, 1.42073181e+02,
    1.68977524e+02, 1.69424026e+02 ]
