%YAML:1.0
---
points: [ 3.79955048e+02, 1.77457916e+02, 3.78558838e+02, 1.91821259e+02,
    3.77180389e+02, 2.07003937e+02, 3.75880035e+02, 2.22665543e+02,
    3.74392456e+02, 2.39542145e+02, 3.60780731e+02, 1.73998795e+02,
    3.58860138e+02, 1.88238434e+02, 3.56829681e+02, 2.03059494e+02,
    3.54898529e+02, 2.18592850e+02, 3.52771759e+02, 2.34978897e+02,
    3.41898071e+02, 1.70813858e+02, 3.39566589e+02, 1.84780533e+02,
    3.36985321e+02, 1.99319351e+02, 3.34298492e+02, 2.14669464e+02,
    3.31514374e+02, 2.30724869e+02, 3.23557526e+02, 1.67686676e+02,
    3.20645721e+02, 1.81173294e+02, 3.17545532e+02, 1.95622330e+02,
    3.14328949e+02, 2.10639969e+02, 3.10898743e+02, 2.26503967e+02,
    3.05478119e+02, 1.64668106e+02, 3.02158630e+02, 1.77858475e+02,
    2.98567017e+02, 1.91909821e+02, 2.94724121e+02, 2.06835403e+02,
    2.90712738e+02, 2.22418518e+02, 2.87790680e+02, 1.61508118e+02,
    2.83965912e+02, 1.74500153e+02, 2.79888428e+02, 1.88182373e+02,
    2.75549255e+02, 2.02864838e+02, 2.70973755e+02, 2.18390625e+02,
    2.70418274e+02, 1.58138901e+02, 2.66218750e+02, 1.71008682e+02,
    2.61624725e+02, 1.84591949e+02, 2.56798157e+02, 1.99015808e+02,
    2.51742142e+02, 2.14382065e+02 ]
