%YAML:1.0
---
points: [ 5.65301147e+02, 7.74567032e+01, 5.74918030e+02, 1.61018890e+02,
    5.84351318e+02, 2.42016251e+02, 5.92373901e+02, 3.20348633e+02,
    6.00500977e+02, 3.97026367e+02, 4.83651031e+02, 7.93814697e+01,
    4.94560150e+02, 1.63161057e+02, 5.05036530e+02, 2.44386490e+02,
    5.14212402e+02, 3.23361816e+02, 5.22748962e+02, 4.00154510e+02,
    4.01753052e+02, 8.17120438e+01, 4.13405914e+02, 1.65549423e+02,
    4.24560974e+02, 2.47003403e+02, 4.35270447e+02, 3.26200256e+02,
    4.44589325e+02, 4.03392578e+02, 3.19669647e+02, 8.43931732e+01,
    3.31775574e+02, 1.68131622e+02, 3.44218567e+02, 2.49733215e+02,
    3.55651794e+02, 3.29320190e+02, 3.65767548e+02, 4.06823486e+02,
    2.38159103e+02, 8.76797791e+01, 2.50234894e+02, 1.71243286e+02,
    2.63279724e+02, 2.52981430e+02, 2.75905457e+02, 3.32584717e+02,
    2.87355957e+02, 4.10261688e+02, 1.55243546e+02, 9.08804626e+01,
    1.68639297e+02, 1.74647537e+02, 1.81499847e+02, 2.56325592e+02,
    1.95557800e+02, 3.36146454e+02, 2.08190582e+02, 4.13861511e+02,
    7.15461273e+01, 9.38029556e+01, 8.63224640e+01, 1.77784714e+02,
    1.00799423e+02, 2.60042023e+02, 1.15333153e+02, 3.39786407e+02,
    1.29880142e+02, 4.17955658e+02 ]
