%YAML:1.0
---
points: [ 2.91845062e+02, 5.63492470e+01, 2.94328613e+02, 7.95019836e+01,
    2.96667297e+02, 1.02624397e+02, 2.99249023e+02, 1.25235832e+02,
    3.01685089e+02, 1.48300888e+02, 2.65083374e+02, 5.14128304e+01,
    2.67382233e+02, 7.51573715e+01, 2.69672821e+02, 9.84031448e+01,
    2.72144714e+02, 1.21522362e+02, 2.74735931e+02, 1.44631058e+02,
    2.37511871e+02, 4.66745567e+01, 2.39668655e+02, 7.06105118e+01,
    2.42257217e+02, 9.42130585e+01, 2.44501907e+02, 1.17805481e+02,
    2.47009354e+02, 1.41060562e+02, 2.08848389e+02, 4.16260109e+01,
    2.11575348e+02, 6.57640152e+01, 2.13643936e+02, 8.98596573e+01,
    2.16276779e+02, 1.13742523e+02, 2.18549438e+02, 1.37509598e+02,
    1.80173859e+02, 3.70199394e+01, 1.82317184e+02, 6.11136932e+01,
    1.84743988e+02, 8.55561371e+01, 1.86876801e+02, 1.09575432e+02,
    1.89525208e+02, 1.33904602e+02, 1.49891129e+02, 3.16631069e+01,
    1.52514709e+02, 5.62989120e+01, 1.54758698e+02, 8.09261475e+01,
    1.57300446e+02, 1.05606476e+02, 1.59539078e+02, 1.29872284e+02,
    1.19197334e+02, 2.62248135e+01, 1.21712524e+02, 5.11513138e+01,
    1.23933617e+02, 7.64741440e+01, 1.26514740e+02, 1.01417938e+02,
    1.28824478e+02, 1.26149918e+02 ]
