%YAML:1.0
---
points: [ 4.42705139e+02, 1.71532089e+02, 4.29701050e+02, 1.90497253e+02,
    4.16112061e+02, 2.09733170e+02, 4.01807281e+02, 2.28844864e+02,
    3.87059631e+02, 2.48460144e+02, 4.21568420e+02, 1.68097412e+02,
    4.08896088e+02, 1.86179520e+02, 3.95767273e+02, 2.04320724e+02,
    3.82006104e+02, 2.22446747e+02, 3.67821381e+02, 2.40716339e+02,
    4.02338593e+02, 1.65157883e+02, 3.90089844e+02, 1.82245773e+02,
    3.77429749e+02, 1.99391357e+02, 3.64441284e+02, 2.16692505e+02,
    3.50750336e+02, 2.33940781e+02, 3.85096954e+02, 1.62630493e+02,
    3.73121765e+02, 1.78697311e+02, 3.60939850e+02, 1.95093521e+02,
    3.48393829e+02, 2.11401367e+02, 3.35427856e+02, 2.27855774e+02,
    3.69419525e+02, 1.60475174e+02, 3.57747925e+02, 1.75554993e+02,
    3.45951813e+02, 1.91119751e+02, 3.33988251e+02, 2.06769150e+02,
    3.21755585e+02, 2.22426651e+02, 3.54985016e+02, 1.58167694e+02,
    3.43722992e+02, 1.72723846e+02, 3.32212616e+02, 1.87248657e+02,
    3.20820740e+02, 2.02285324e+02, 3.09167053e+02, 2.17371109e+02,
    3.41644592e+02, 1.55936722e+02, 3.30787994e+02, 1.69976334e+02,
    3.19901581e+02, 1.83865158e+02, 3.08786652e+02, 1.98289307e+02,
    2.97729126e+02, 2.12802063e+02 ]
