%YAML:1.0
---
points: [ 1.67834885e+02, 5.46945419e+01, 1.70317093e+02, 8.24326630e+01,
    1.73180618e+02, 1.09830811e+02, 1.75363983e+02, 1.36140335e+02,
    1.77898499e+02, 1.61918076e+02, 1.40746613e+02, 5.56794739e+01,
    1.44083511e+02, 8.37342529e+01, 1.46524521e+02, 1.10975952e+02,
    1.49654343e+02, 1.37554077e+02, 1.52062561e+02, 1.63236496e+02,
    1.13834419e+02, 5.71122627e+01, 1.16825401e+02, 8.48011627e+01,
    1.20255867e+02, 1.12257446e+02, 1.23270775e+02, 1.38552063e+02,
    1.26158218e+02, 1.64718750e+02, 8.67995605e+01, 5.85956421e+01,
    9.03208313e+01, 8.64904938e+01, 9.36121063e+01, 1.13151573e+02,
    9.68788452e+01, 1.40024490e+02, 9.99537506e+01, 1.66029663e+02,
    6.06238327e+01, 6.07647133e+01, 6.35650063e+01, 8.78468170e+01,
    6.71337280e+01, 1.15041817e+02, 7.06637878e+01, 1.41386047e+02,
    7.40589142e+01, 1.67729630e+02, 3.48356056e+01, 6.29348450e+01,
    3.75563583e+01, 8.99544373e+01, 4.06418114e+01, 1.16565208e+02,
    4.45247612e+01, 1.43210281e+02, 4.80401993e+01, 1.68979065e+02,
    9.68403530e+00, 6.56436234e+01, 1.22879314e+01, 9.21592484e+01,
    1.54689331e+01, 1.18683327e+02, 1.90899258e+01, 1.44894547e+02,
    2.31102486e+01, 1.70619095e+02 ]
