%YAML:1.0
---
points: [ 4.37369995e+02, 4.37861252e+01, 4.53604370e+02, 1.32768661e+02,
    4.69777679e+02, 2.19993301e+02, 4.83035675e+02, 3.04933441e+02,
    4.96168549e+02, 3.88345703e+02, 3.84577789e+02, 6.43668137e+01,
    4.01476959e+02, 1.50069077e+02, 4.17380798e+02, 2.33576279e+02,
    4.31157684e+02, 3.15453064e+02, 4.43230988e+02, 3.95803833e+02,
    3.36780029e+02, 8.41154251e+01, 3.52844116e+02, 1.65916977e+02,
    3.68348541e+02, 2.46393402e+02, 3.82587860e+02, 3.25187073e+02,
    3.94822021e+02, 4.02709808e+02, 2.92449432e+02, 1.02101616e+02,
    3.07165649e+02, 1.81073730e+02, 3.23198730e+02, 2.58441742e+02,
    3.37652954e+02, 3.34441772e+02, 3.49645477e+02, 4.08949951e+02,
    2.52272629e+02, 1.19371246e+02, 2.65579926e+02, 1.95007263e+02,
    2.80726624e+02, 2.69783112e+02, 2.95589935e+02, 3.42898346e+02,
    3.08591492e+02, 4.15043915e+02, 2.12799683e+02, 1.35170547e+02,
    2.26759216e+02, 2.08339905e+02, 2.40121613e+02, 2.80346069e+02,
    2.55431290e+02, 3.51144165e+02, 2.69295563e+02, 4.20708588e+02,
    1.75454803e+02, 1.49868210e+02, 1.89345001e+02, 2.20475632e+02,
    2.03470810e+02, 2.90393127e+02, 2.18023987e+02, 3.58745758e+02,
    2.32719803e+02, 4.26253082e+02 ]
