%YAML:1.0
---
points: [ 2.78441589e+02, 3.54315109e+01, 2.77186798e+02, 5.91488914e+01,
    2.75994019e+02, 8.25809021e+01, 2.73765381e+02, 1.05942947e+02,
    2.71739319e+02, 1.29482697e+02, 2.60928955e+02, 4.02682076e+01,
    2.60204712e+02, 6.36833611e+01, 2.58835175e+02, 8.71368866e+01,
    2.56736053e+02, 1.10421822e+02, 2.54500946e+02, 1.33563690e+02,
    2.44272186e+02, 4.49214439e+01, 2.43264587e+02, 6.82955170e+01,
    2.42005692e+02, 9.15221558e+01, 2.40138260e+02, 1.14586693e+02,
    2.37774078e+02, 1.37747757e+02, 2.27953384e+02, 4.95209694e+01,
    2.26544739e+02, 7.24671707e+01, 2.25328812e+02, 9.56668396e+01,
    2.23598175e+02, 1.18775192e+02, 2.21429932e+02, 1.41564209e+02,
    2.12098053e+02, 5.44948730e+01, 2.10321808e+02, 7.69971390e+01,
    2.08858215e+02, 9.98753815e+01, 2.07542328e+02, 1.22779434e+02,
    2.05454208e+02, 1.45553558e+02, 1.96043579e+02, 5.88136139e+01,
    1.94462952e+02, 8.15145035e+01, 1.92757233e+02, 1.04025581e+02,
    1.91605682e+02, 1.26989166e+02, 1.89415680e+02, 1.49409103e+02,
    1.80083893e+02, 6.31302032e+01, 1.78550018e+02, 8.55571899e+01,
    1.77670563e+02, 1.08339523e+02, 1.75742950e+02, 1.30670929e+02,
    1.73845917e+02, 1.53499115e+02 ]
