%YAML:1.0
---
points: [ 1.28933167e+02, 4.44518127e+01, 1.33716370e+02, 7.36859741e+01,
    1.38833008e+02, 1.02921364e+02, 1.42861313e+02, 1.31355438e+02,
    1.47087051e+02, 1.59417068e+02, 1.09698761e+02, 5.16190605e+01,
    1.14707062e+02, 7.98389435e+01, 1.19419182e+02, 1.07648705e+02,
    1.23736610e+02, 1.35132568e+02, 1.27565849e+02, 1.62043533e+02,
    9.21305084e+01, 5.86517639e+01, 9.67319641e+01, 8.53129883e+01,
    1.01532578e+02, 1.12229469e+02, 1.05928116e+02, 1.38528534e+02,
    1.09856956e+02, 1.64584320e+02, 7.60544891e+01, 6.47929153e+01,
    8.02069016e+01, 9.07644348e+01, 8.49356461e+01, 1.16430565e+02,
    8.94782791e+01, 1.41781601e+02, 9.32976685e+01, 1.66972198e+02,
    6.13952751e+01, 7.11367340e+01, 6.51517792e+01, 9.57796860e+01,
    6.96715317e+01, 1.20430916e+02, 7.40903931e+01, 1.45045258e+02,
    7.81076050e+01, 1.69112930e+02, 4.74413834e+01, 7.67002792e+01,
    5.11575050e+01, 1.00521095e+02, 5.49452858e+01, 1.24391609e+02,
    5.95168457e+01, 1.47938828e+02, 6.37041893e+01, 1.71186981e+02,
    3.42053795e+01, 8.21088257e+01, 3.79063797e+01, 1.05112434e+02,
    4.18426819e+01, 1.27814484e+02, 4.61419144e+01, 1.50732040e+02,
    5.06360817e+01, 1.73108780e+02 ]
