%YAML:1.0
---
points: [ 1.79405594e+02, 7.80953522e+01, 1.77905899e+02, 1.00644890e+02,
    1.76335159e+02, 1.23126251e+02, 1.75366653e+02, 1.44887604e+02,
    1.74549515e+02, 1.66708359e+02, 1.66834351e+02, 7.26756287e+01,
    1.65128235e+02, 9.67299805e+01, 1.63466324e+02, 1.20377838e+02,
    1.62657242e+02, 1.43571701e+02, 1.62127579e+02, 1.66422989e+02,
    1.52254364e+02, 6.67084503e+01, 1.50584824e+02, 9.22761459e+01,
    1.49238373e+02, 1.17390686e+02, 1.48101456e+02, 1.42120255e+02,
    1.47540207e+02, 1.66248199e+02, 1.35877075e+02, 6.00620232e+01,
    1.34406631e+02, 8.73412781e+01, 1.33001190e+02, 1.13992699e+02,
    1.31805008e+02, 1.40216110e+02, 1.31182617e+02, 1.66024658e+02,
    1.17043594e+02, 5.26390038e+01, 1.15838509e+02, 8.15675507e+01,
    1.14326645e+02, 1.10189774e+02, 1.13087288e+02, 1.38127625e+02,
    1.12306961e+02, 1.65757950e+02, 9.62006836e+01, 4.44016457e+01,
    9.47237549e+01, 7.54628448e+01, 9.35651474e+01, 1.05939461e+02,
    9.21407242e+01, 1.36169434e+02, 9.11544418e+01, 1.65535767e+02,
    7.27607574e+01, 3.52354698e+01, 7.10154495e+01, 6.81714478e+01,
    6.96225967e+01, 1.01340775e+02, 6.82010803e+01, 1.33508713e+02,
    6.69968643e+01, 1.65473740e+02 ]
