%YAML:1.0
---
points: [ 9.66084839e+02, 7.92210510e+02, 9.65356262e+02, 8.36541504e+02,
    9.64605042e+02, 8.80364563e+02, 9.64613037e+02, 9.24175110e+02,
    9.64554932e+02, 9.67573547e+02, 9.23772766e+02, 8.01789185e+02,
    9.23231140e+02, 8.46648438e+02, 9.22691223e+02, 8.91424255e+02,
    9.22789124e+02, 9.35810852e+02, 9.23327759e+02, 9.80546082e+02,
    8.79387939e+02, 8.11514038e+02, 8.79254395e+02, 8.57470154e+02,
    8.79198669e+02, 9.03051758e+02, 8.79325928e+02, 9.48354126e+02,
    8.79777649e+02, 9.93606567e+02, 8.32803894e+02, 8.21690369e+02,
    8.33423279e+02, 8.69150574e+02, 8.33483337e+02, 9.15372559e+02,
    8.33735657e+02, 9.61240906e+02, 8.34626892e+02, 1.00751746e+03,
    7.83885742e+02, 8.32357483e+02, 7.85181396e+02, 8.80837646e+02,
    7.85602417e+02, 9.28319153e+02, 7.86373535e+02, 9.74975952e+02,
    7.87199951e+02, 1.02159631e+03, 7.33094116e+02, 8.43753357e+02,
    7.34343872e+02, 8.93302917e+02, 7.35833740e+02, 9.42285706e+02,
    7.36692261e+02, 9.89541382e+02, 7.37939331e+02, 1.03663708e+03,
    6.79665710e+02, 8.56179016e+02, 6.81501770e+02, 9.06887024e+02,
    6.83269104e+02, 9.56408386e+02, 6.84872009e+02, 1.00474158e+03,
    6.86265137e+02, 1.05238416e+03 ]
