%YAML:1.0
---
points: [ 1.82238879e+03, 7.66332458e+02, 1.82255310e+03, 8.13613037e+02,
    1.82253406e+03, 8.60876038e+02, 1.82206958e+03, 9.08320801e+02,
    1.82123511e+03, 9.55490051e+02, 1.76575012e+03, 7.59147827e+02,
    1.76644324e+03, 8.04873169e+02, 1.76662830e+03, 8.50562073e+02,
    1.76624243e+03, 8.96501892e+02, 1.76529126e+03, 9.42387878e+02,
    1.71283240e+03, 7.52028870e+02, 1.71337317e+03, 7.96518616e+02,
    1.71368689e+03, 8.40783142e+02, 1.71360889e+03, 8.85342651e+02,
    1.71306018e+03, 9.29676758e+02, 1.66273987e+03, 7.45318604e+02,
    1.66332812e+03, 7.88587524e+02, 1.66403723e+03, 8.31662476e+02,
    1.66420776e+03, 8.74670837e+02, 1.66362439e+03, 9.17805481e+02,
    1.61560962e+03, 7.39015991e+02, 1.61591895e+03, 7.81090881e+02,
    1.61668970e+03, 8.22827759e+02, 1.61708252e+03, 8.64550720e+02,
    1.61706445e+03, 9.06404541e+02, 1.57048975e+03, 7.32962585e+02,
    1.57121082e+03, 7.73691162e+02, 1.57154517e+03, 8.14375244e+02,
    1.57233997e+03, 8.54852295e+02, 1.57261255e+03, 8.95544617e+02,
    1.52773022e+03, 7.27323975e+02, 1.52848254e+03, 7.66655518e+02,
    1.52937891e+03, 8.06525391e+02, 1.53014233e+03, 8.45632568e+02,
    1.53093823e+03, 8.85209045e+02 ]
