%YAML:1.0
---
points: [ 4.89260986e+02, 3.59840240e+01, 4.91715088e+02, 5.28945694e+01,
    4.93384949e+02, 7.29947586e+01, 4.95913879e+02, 9.11746140e+01,
    4.96750092e+02, 1.11943047e+02, 4.69329010e+02, 3.70603676e+01,
    4.70439728e+02, 5.58646774e+01, 4.71879150e+02, 7.41365738e+01,
    4.72794891e+02, 9.36232681e+01, 4.73497986e+02, 1.13048752e+02,
    4.47597687e+02, 4.00690994e+01, 4.48803802e+02, 5.78860359e+01,
    4.49341095e+02, 7.65779419e+01, 4.49845001e+02, 9.56374512e+01,
    4.50028137e+02, 1.15129692e+02, 4.26766357e+02, 4.26454086e+01,
    4.26920776e+02, 6.05853004e+01, 4.27187286e+02, 7.91585541e+01,
    4.27186310e+02, 9.80813217e+01, 4.27003479e+02, 1.17140732e+02,
    4.05778931e+02, 4.61110954e+01, 4.05884674e+02, 6.34443512e+01,
    4.05718994e+02, 8.18492966e+01, 4.05300262e+02, 1.00301094e+02,
    4.04950317e+02, 1.19286705e+02, 3.85898407e+02, 4.90981255e+01,
    3.85427521e+02, 6.64164047e+01, 3.84946259e+02, 8.43953323e+01,
    3.84250244e+02, 1.02727562e+02, 3.83584717e+02, 1.21297867e+02,
    3.66190491e+02, 5.21215248e+01, 3.65722656e+02, 6.92806091e+01,
    3.64844604e+02, 8.70177917e+01, 3.64099152e+02, 1.04949326e+02,
    3.63228455e+02, 1.23260109e+02 ]
