%YAML:1.0
---
points: [ 1.78493787e+03, 7.35461731e+02, 1.78347827e+03, 7.77449829e+02,
    1.78209326e+03, 8.19098572e+02, 1.78215308e+03, 8.60914551e+02,
    1.78229382e+03, 9.02604370e+02, 1.76256116e+03, 7.41464355e+02,
    1.76057837e+03, 7.84192017e+02, 1.75935901e+03, 8.26533325e+02,
    1.75936804e+03, 8.69091003e+02, 1.75994849e+03, 9.11598389e+02,
    1.73859326e+03, 7.47609253e+02, 1.73713989e+03, 7.91100525e+02,
    1.73617932e+03, 8.34327942e+02, 1.73531958e+03, 8.77580872e+02,
    1.73611804e+03, 9.20772766e+02, 1.71366907e+03, 7.53952759e+02,
    1.71301697e+03, 7.98281372e+02, 1.71144043e+03, 8.42371277e+02,
    1.71082654e+03, 8.86238831e+02, 1.71137256e+03, 9.30516785e+02,
    1.68712793e+03, 7.60373596e+02, 1.68706665e+03, 8.05718201e+02,
    1.68590430e+03, 8.50627930e+02, 1.68494226e+03, 8.95374146e+02,
    1.68503638e+03, 9.40218323e+02, 1.66049207e+03, 7.67265503e+02,
    1.66021326e+03, 8.13457642e+02, 1.66004602e+03, 8.59581055e+02,
    1.65860449e+03, 9.04920410e+02, 1.65826721e+03, 9.50576172e+02,
    1.63329077e+03, 7.74541565e+02, 1.63273840e+03, 8.21663391e+02,
    1.63224011e+03, 8.68520264e+02, 1.63117896e+03, 9.14849365e+02,
    1.63016516e+03, 9.61179321e+02 ]
