%YAML:1.0
---
points: [ 1.53669214e+03, 8.42230164e+02, 1.53577637e+03, 8.96702393e+02,
    1.53447632e+03, 9.50643005e+02, 1.53337012e+03, 1.00490021e+03,
    1.53224023e+03, 1.05872009e+03, 1.47432227e+03, 8.36985291e+02,
    1.47371582e+03, 8.90456848e+02, 1.47292078e+03, 9.43618225e+02,
    1.47227454e+03, 9.96821289e+02, 1.47131995e+03, 1.05025879e+03,
    1.41351917e+03, 8.31282349e+02, 1.41339563e+03, 8.84205444e+02,
    1.41319128e+03, 9.36613220e+02, 1.41268604e+03, 9.88694458e+02,
    1.41231628e+03, 1.04144202e+03, 1.35495300e+03, 8.25656799e+02,
    1.35524744e+03, 8.78181335e+02, 1.35532935e+03, 9.29536072e+02,
    1.35529700e+03, 9.81100952e+02, 1.35506409e+03, 1.03284106e+03,
    1.29839392e+03, 8.20297180e+02, 1.29906433e+03, 8.72007141e+02,
    1.29940625e+03, 9.22840332e+02, 1.29962866e+03, 9.73408447e+02,
    1.29972217e+03, 1.02387756e+03, 1.24368726e+03, 8.15376160e+02,
    1.24442871e+03, 8.66131836e+02, 1.24504211e+03, 9.16652466e+02,
    1.24558276e+03, 9.66104675e+02, 1.24589478e+03, 1.01573779e+03,
    1.19086877e+03, 8.10809265e+02, 1.19169067e+03, 8.60698730e+02,
    1.19257092e+03, 9.10233826e+02, 1.19345886e+03, 9.59289124e+02,
    1.19422876e+03, 1.00776196e+03 ]
