%YAML:1.0
---
points: [ 4.57539917e+02, 3.56820450e+01, 4.63513580e+02, 5.20389137e+01,
    4.69284424e+02, 6.98230438e+01, 4.74766693e+02, 8.72553024e+01,
    4.80386261e+02, 1.05837990e+02, 4.39930389e+02, 4.50727844e+01,
    4.45279388e+02, 6.19196396e+01, 4.50523071e+02, 7.88646774e+01,
    4.55540466e+02, 9.64587021e+01, 4.60301941e+02, 1.14207748e+02,
    4.22867371e+02, 5.51410294e+01, 4.27700897e+02, 7.12238617e+01,
    4.32459930e+02, 8.80075836e+01, 4.37094055e+02, 1.04885574e+02,
    4.41468445e+02, 1.22416016e+02, 4.06684082e+02, 6.43896561e+01,
    4.11016479e+02, 8.03671188e+01, 4.15384460e+02, 9.65742111e+01,
    4.19636536e+02, 1.13144241e+02, 4.23626740e+02, 1.30034882e+02,
    3.91392822e+02, 7.35401154e+01, 3.95254883e+02, 8.89671936e+01,
    3.99216034e+02, 1.04803963e+02, 4.03082581e+02, 1.20829704e+02,
    4.07008575e+02, 1.37238861e+02, 3.76789825e+02, 8.20627441e+01,
    3.80342194e+02, 9.70651016e+01, 3.83785797e+02, 1.12361969e+02,
    3.87568604e+02, 1.28072052e+02, 3.91100830e+02, 1.44020844e+02,
    3.62860992e+02, 9.00795593e+01, 3.66206512e+02, 1.04747200e+02,
    3.69499359e+02, 1.19632759e+02, 3.72956421e+02, 1.34873764e+02,
    3.76475769e+02, 1.50331039e+02 ]
