%YAML:1.0
---
points: [ 7.66101608e+01, 4.26865997e+01, 7.94241638e+01, 5.91505203e+01,
    8.23069382e+01, 7.65864563e+01, 8.48414764e+01, 9.40915070e+01,
    8.75749893e+01, 1.11996391e+02, 6.49983444e+01, 5.10063133e+01,
    6.75264664e+01, 6.76331100e+01, 7.02929916e+01, 8.45399475e+01,
    7.27082214e+01, 1.01701645e+02, 7.48838043e+01, 1.19352562e+02,
    5.38558044e+01, 5.94553108e+01, 5.64190788e+01, 7.56343079e+01,
    5.87713928e+01, 9.21454391e+01, 6.11700058e+01, 1.09050346e+02,
    6.32692604e+01, 1.26225273e+02, 4.37020493e+01, 6.73598557e+01,
    4.54419327e+01, 8.33163300e+01, 4.80312386e+01, 9.93494034e+01,
    5.01929665e+01, 1.16020538e+02, 5.21178513e+01, 1.32962158e+02,
    3.37646751e+01, 7.52067719e+01, 3.56996269e+01, 9.05997925e+01,
    3.76024857e+01, 1.06389923e+02, 3.98449287e+01, 1.22771446e+02,
    4.18381844e+01, 1.39213882e+02, 2.44815063e+01, 8.25846786e+01,
    2.58849411e+01, 9.74722824e+01, 2.76076031e+01, 1.13264610e+02,
    2.97673035e+01, 1.28992966e+02, 3.18310165e+01, 1.45338974e+02,
    1.51189089e+01, 8.92535782e+01, 1.67415371e+01, 1.04299271e+02,
    1.83833332e+01, 1.19219864e+02, 2.03852520e+01, 1.35237946e+02,
    2.24875126e+01, 1.50981689e+02 ]
