%YAML:1.0
---
points: [ 2.63289429e+02, 7.03649597e+02, 2.61619537e+02, 7.36061584e+02,
    2.60262878e+02, 7.67709534e+02, 2.59506409e+02, 7.99490051e+02,
    2.58841003e+02, 8.30761963e+02, 2.27977829e+02, 7.13779236e+02,
    2.26577988e+02, 7.46788513e+02, 2.25250641e+02, 7.79512268e+02,
    2.24762512e+02, 8.12064270e+02, 2.24653748e+02, 8.44239319e+02,
    1.90378586e+02, 7.24295227e+02, 1.89478317e+02, 7.58392273e+02,
    1.88574326e+02, 7.91923218e+02, 1.88063431e+02, 8.25129578e+02,
    1.88332428e+02, 8.58208496e+02, 1.50728073e+02, 7.35523682e+02,
    1.50472336e+02, 7.70644226e+02, 1.49741501e+02, 8.05078613e+02,
    1.49630020e+02, 8.38856201e+02, 1.49947601e+02, 8.72807251e+02,
    1.08394516e+02, 7.47204041e+02, 1.08822586e+02, 7.83456238e+02,
    1.08686829e+02, 8.18805298e+02, 1.08718567e+02, 8.53587524e+02,
    1.09275047e+02, 8.88252502e+02, 6.40137558e+01, 7.59780212e+02,
    6.47139511e+01, 7.97131592e+02, 6.54377060e+01, 8.33741333e+02,
    6.54952545e+01, 8.69395569e+02, 6.61056519e+01, 9.04718628e+02,
    1.70684929e+01, 7.73464661e+02, 1.79657669e+01, 8.11821167e+02,
    1.87455769e+01, 8.49423828e+02, 1.95196629e+01, 8.86043518e+02,
    2.02799206e+01, 9.22282715e+02 ]
