%YAML:1.0
---
points: [ 4.64728699e+02, 3.06059784e+02, 4.64243958e+02, 3.25219208e+02,
    4.63554596e+02, 3.44350708e+02, 4.61938385e+02, 3.63085968e+02,
    4.60595306e+02, 3.82250610e+02, 4.48074951e+02, 3.02580841e+02,
    4.47901855e+02, 3.21157074e+02, 4.47385437e+02, 3.39485779e+02,
    4.46331024e+02, 3.57952209e+02, 4.44716949e+02, 3.75822021e+02,
    4.32840668e+02, 2.99383270e+02, 4.32723572e+02, 3.17144073e+02,
    4.32290741e+02, 3.35001556e+02, 4.31584320e+02, 3.52609711e+02,
    4.30360199e+02, 3.70342682e+02, 4.18825226e+02, 2.96415558e+02,
    4.18448547e+02, 3.13522461e+02, 4.18175415e+02, 3.30544952e+02,
    4.17703400e+02, 3.47730103e+02, 4.16514099e+02, 3.64666809e+02,
    4.05756256e+02, 2.93559418e+02, 4.05350494e+02, 3.09965515e+02,
    4.04969513e+02, 3.26492188e+02, 4.04672668e+02, 3.42912476e+02,
    4.03906525e+02, 3.59454376e+02, 3.93401276e+02, 2.90845490e+02,
    3.92996185e+02, 3.06708893e+02, 3.92665894e+02, 3.22637421e+02,
    3.92368256e+02, 3.38533234e+02, 3.91770416e+02, 3.54409668e+02,
    3.81827209e+02, 2.88367493e+02, 3.81556427e+02, 3.03693878e+02,
    3.81194550e+02, 3.18962036e+02, 3.80925323e+02, 3.34316772e+02,
    3.80777344e+02, 3.49745026e+02 ]
