%YAML:1.0
---
points: [ 8.38761719e+02, 8.27265808e+02, 8.34735840e+02, 8.55160950e+02,
    8.30987854e+02, 8.81971985e+02, 8.27228394e+02, 9.08833374e+02,
    8.23341248e+02, 9.34642822e+02, 7.94377991e+02, 8.25982788e+02,
    7.91298279e+02, 8.54108093e+02, 7.88238281e+02, 8.81232666e+02,
    7.85437683e+02, 9.07955322e+02, 7.82258118e+02, 9.34426514e+02,
    7.49072876e+02, 8.24273743e+02, 7.47130920e+02, 8.53153748e+02,
    7.44823608e+02, 8.80745605e+02, 7.43069275e+02, 9.07092773e+02,
    7.40680420e+02, 9.33577454e+02, 7.03120850e+02, 8.22830566e+02,
    7.02134277e+02, 8.52465210e+02, 7.01177795e+02, 8.79941467e+02,
    7.00033813e+02, 9.06397339e+02, 6.98647400e+02, 9.33082397e+02,
    6.56466797e+02, 8.21111694e+02, 6.56380798e+02, 8.51194397e+02,
    6.56357727e+02, 8.79338013e+02, 6.56337830e+02, 9.05499573e+02,
    6.56127502e+02, 9.31754517e+02, 6.08944580e+02, 8.20052368e+02,
    6.10184265e+02, 8.50150085e+02, 6.11038513e+02, 8.78587708e+02,
    6.12166809e+02, 9.04737183e+02, 6.12868286e+02, 9.30842285e+02,
    5.60562317e+02, 8.19197144e+02, 5.63092834e+02, 8.49152161e+02,
    5.65203125e+02, 8.77349426e+02, 5.67154968e+02, 9.04231873e+02,
    5.69249023e+02, 9.29743347e+02 ]
