%YAML:1.0
---
points: [ 1.28680267e+02, 5.75319328e+01, 1.27126328e+02, 7.49724655e+01,
    1.25351067e+02, 9.26737061e+01, 1.23350647e+02, 1.10547882e+02,
    1.21364876e+02, 1.28458832e+02, 1.11300072e+02, 5.73966484e+01,
    1.09448036e+02, 7.47803268e+01, 1.07609154e+02, 9.24763641e+01,
    1.05419830e+02, 1.10036079e+02, 1.03087891e+02, 1.27817520e+02,
    9.40257950e+01, 5.76653137e+01, 9.21438980e+01, 7.47806702e+01,
    9.00706787e+01, 9.21847076e+01, 8.78819885e+01, 1.09705421e+02,
    8.54169464e+01, 1.27555840e+02, 7.74838181e+01, 5.77897644e+01,
    7.51339645e+01, 7.47651520e+01, 7.28288193e+01, 9.17970352e+01,
    7.05974426e+01, 1.09620300e+02, 6.80114212e+01, 1.27080574e+02,
    6.11045723e+01, 5.84090805e+01, 5.87218132e+01, 7.48634491e+01,
    5.62042580e+01, 9.19721451e+01, 5.38836746e+01, 1.09514427e+02,
    5.13048363e+01, 1.26827377e+02, 4.55405045e+01, 5.89228592e+01,
    4.25834198e+01, 7.52839813e+01, 3.97902679e+01, 9.20051804e+01,
    3.73197632e+01, 1.09404755e+02, 3.47288895e+01, 1.26746658e+02,
    2.98209858e+01, 5.94842300e+01, 2.71527576e+01, 7.58204651e+01,
    2.43117809e+01, 9.21480103e+01, 2.16247654e+01, 1.09519600e+02,
    1.91550579e+01, 1.26610046e+02 ]
