%YAML:1.0
---
points: [ 5.24318970e+02, 8.13558777e+02, 5.26169067e+02, 8.66709045e+02,
    5.27578979e+02, 9.20220947e+02, 5.28182190e+02, 9.74890076e+02,
    5.28797363e+02, 1.02980225e+03, 4.72887451e+02, 8.17089966e+02,
    4.74669006e+02, 8.69869080e+02, 4.76121979e+02, 9.23284485e+02,
    4.76629028e+02, 9.77357788e+02, 4.76850159e+02, 1.03256287e+03,
    4.22158966e+02, 8.19954773e+02, 4.23489014e+02, 8.72683899e+02,
    4.24766083e+02, 9.26205505e+02, 4.25595367e+02, 9.80098633e+02,
    4.25763306e+02, 1.03459558e+03, 3.71556000e+02, 8.22924438e+02,
    3.72592926e+02, 8.75892700e+02, 3.74267761e+02, 9.28671326e+02,
    3.75003082e+02, 9.82245117e+02, 3.74936127e+02, 1.03672705e+03,
    3.21977692e+02, 8.25646057e+02, 3.22538147e+02, 8.78436768e+02,
    3.23592529e+02, 9.31367371e+02, 3.24535187e+02, 9.84561340e+02,
    3.25170074e+02, 1.03849219e+03, 2.71913116e+02, 8.28559631e+02,
    2.72579132e+02, 8.81198730e+02, 2.73055573e+02, 9.33983093e+02,
    2.74475494e+02, 9.86749695e+02, 2.75201233e+02, 1.04032825e+03,
    2.22171844e+02, 8.31315735e+02, 2.22710632e+02, 8.83622437e+02,
    2.23535202e+02, 9.36320740e+02, 2.24600403e+02, 9.88838257e+02,
    2.26059982e+02, 1.04201575e+03 ]
