%YAML:1.0
---
points: [ 9.31674500e+02, 7.27667786e+02, 9.32113647e+02, 7.69671204e+02,
    9.32385803e+02, 8.12281128e+02, 9.32214294e+02, 8.55442322e+02,
    9.31827454e+02, 8.99538513e+02, 8.92421753e+02, 7.27876465e+02,
    8.92604980e+02, 7.69553162e+02, 8.92625854e+02, 8.11681885e+02,
    8.92308777e+02, 8.54533508e+02, 8.91452637e+02, 8.98277832e+02,
    8.53854065e+02, 7.28215027e+02, 8.53810181e+02, 7.69418030e+02,
    8.53607971e+02, 8.11252014e+02, 8.53165100e+02, 8.53738586e+02,
    8.52284607e+02, 8.97011841e+02, 8.16089233e+02, 7.28367004e+02,
    8.15635254e+02, 7.69421753e+02, 8.15332031e+02, 8.10741333e+02,
    8.14414490e+02, 8.52933228e+02, 8.13211609e+02, 8.95886658e+02,
    7.78991211e+02, 7.28645874e+02, 7.78122253e+02, 7.69385803e+02,
    7.77323059e+02, 8.10553528e+02, 7.76458374e+02, 8.52210754e+02,
    7.75288513e+02, 8.94705994e+02, 7.42044861e+02, 7.29056885e+02,
    7.41121033e+02, 7.69419617e+02, 7.39705261e+02, 8.10299072e+02,
    7.38768005e+02, 8.51424866e+02, 7.37500061e+02, 8.93490234e+02,
    7.05553040e+02, 7.29393372e+02, 7.04264404e+02, 7.69502136e+02,
    7.03018616e+02, 8.10004395e+02, 7.01800049e+02, 8.50805298e+02,
    7.00612671e+02, 8.92526367e+02 ]
