%YAML:1.0
---
points: [ 1.88661545e+02, 5.90114365e+01, 1.98986069e+02, 7.59974594e+01,
    2.08866486e+02, 9.23893661e+01, 2.18367737e+02, 1.07998848e+02,
    2.27416977e+02, 1.22946983e+02, 1.73213425e+02, 6.93875961e+01,
    1.84151138e+02, 8.63901291e+01, 1.94430923e+02, 1.02615883e+02,
    2.04360367e+02, 1.18049454e+02, 2.13848526e+02, 1.32809937e+02,
    1.57705307e+02, 8.00872421e+01, 1.68945618e+02, 9.68635864e+01,
    1.79882507e+02, 1.12896561e+02, 1.90158096e+02, 1.28193970e+02,
    2.00039581e+02, 1.42764374e+02, 1.41757111e+02, 9.08226700e+01,
    1.53759598e+02, 1.07496696e+02, 1.65005890e+02, 1.23326782e+02,
    1.75811081e+02, 1.38427231e+02, 1.86002701e+02, 1.52802887e+02,
    1.25857597e+02, 1.01868202e+02, 1.38108887e+02, 1.18281700e+02,
    1.49990860e+02, 1.33879410e+02, 1.61111664e+02, 1.48753403e+02,
    1.71824783e+02, 1.62960815e+02, 1.09463921e+02, 1.13003082e+02,
    1.22467751e+02, 1.29215652e+02, 1.34635101e+02, 1.44686462e+02,
    1.46291565e+02, 1.59264374e+02, 1.57385681e+02, 1.73299408e+02,
    9.31777496e+01, 1.24328262e+02, 1.06399826e+02, 1.40303513e+02,
    1.19250000e+02, 1.55525269e+02, 1.31257080e+02, 1.69977142e+02,
    1.42809204e+02, 1.83724976e+02 ]
