%YAML:1.0
---
points: [ 1.35127661e+03, 8.00213501e+02, 1.34350830e+03, 8.38980835e+02,
    1.33549683e+03, 8.79132751e+02, 1.32856348e+03, 9.21222900e+02,
    1.32137439e+03, 9.65435242e+02, 1.32872949e+03, 7.77632568e+02,
    1.32010669e+03, 8.16393860e+02, 1.31141541e+03, 8.56890442e+02,
    1.30348279e+03, 8.99148621e+02, 1.29596155e+03, 9.43558899e+02,
    1.30531055e+03, 7.54613281e+02, 1.29581238e+03, 7.93378052e+02,
    1.28653381e+03, 8.33703735e+02, 1.27751892e+03, 8.76280212e+02,
    1.26912842e+03, 9.20926880e+02, 1.28063184e+03, 7.30633118e+02,
    1.27128162e+03, 7.69345642e+02, 1.26086182e+03, 8.10141602e+02,
    1.25082422e+03, 8.52553711e+02, 1.24141223e+03, 8.97433899e+02,
    1.25486316e+03, 7.05726074e+02, 1.24530090e+03, 7.44680542e+02,
    1.23438074e+03, 7.85428284e+02, 1.22333398e+03, 8.28210693e+02,
    1.21222302e+03, 8.73059143e+02, 1.22941492e+03, 6.80236877e+02,
    1.21851843e+03, 7.19180542e+02, 1.20771021e+03, 7.60015015e+02,
    1.19535535e+03, 8.02752747e+02, 1.18294104e+03, 8.47721863e+02,
    1.20340430e+03, 6.53708191e+02, 1.19178882e+03, 6.92678040e+02,
    1.17967664e+03, 7.33646179e+02, 1.16645886e+03, 7.76490356e+02,
    1.15246667e+03, 8.21666443e+02 ]
