%YAML:1.0
---
points: [ 4.14367737e+02, 2.96179718e+02, 4.12359192e+02, 3.09138428e+02,
    4.10118347e+02, 3.22844971e+02, 4.08326324e+02, 3.36662231e+02,
    4.06352051e+02, 3.51666473e+02, 4.07302246e+02, 2.88572723e+02,
    4.04859344e+02, 3.01851593e+02, 4.02550842e+02, 3.15359131e+02,
    4.00498444e+02, 3.29737518e+02, 3.98533722e+02, 3.44387665e+02,
    3.99682922e+02, 2.80933472e+02, 3.97244751e+02, 2.94150085e+02,
    3.94686951e+02, 3.07847473e+02, 3.92334503e+02, 3.22185150e+02,
    3.90090729e+02, 3.37332581e+02, 3.91817657e+02, 2.72878662e+02,
    3.89271454e+02, 2.86172943e+02, 3.86459900e+02, 2.99884125e+02,
    3.83762146e+02, 3.14419952e+02, 3.81344940e+02, 3.29425293e+02,
    3.83479797e+02, 2.64667145e+02, 3.80883209e+02, 2.77858307e+02,
    3.77949615e+02, 2.91686584e+02, 3.74938934e+02, 3.06211884e+02,
    3.71918915e+02, 3.21439331e+02, 3.75175232e+02, 2.56032898e+02,
    3.72204102e+02, 2.69196136e+02, 3.69329529e+02, 2.83109070e+02,
    3.65879303e+02, 2.97729187e+02, 3.62516876e+02, 3.12988007e+02,
    3.66715485e+02, 2.47089737e+02, 3.63528625e+02, 2.60315247e+02,
    3.60181519e+02, 2.74242035e+02, 3.56541718e+02, 2.88852264e+02,
    3.52592438e+02, 3.04326538e+02 ]
