%YAML:1.0
---
points: [ 4.92860748e+02, 3.04788239e+02, 4.91466705e+02, 3.21745361e+02,
    4.89723083e+02, 3.39692444e+02, 4.87958771e+02, 3.55895508e+02,
    4.86497620e+02, 3.73244934e+02, 4.73057281e+02, 3.03124664e+02,
    4.72072479e+02, 3.20813965e+02, 4.70722931e+02, 3.37699158e+02,
    4.69504913e+02, 3.54935120e+02, 4.67653046e+02, 3.71216980e+02,
    4.53105042e+02, 3.01853210e+02, 4.52409882e+02, 3.18989105e+02,
    4.51539124e+02, 3.36135315e+02, 4.50401672e+02, 3.52783081e+02,
    4.49392975e+02, 3.69612091e+02, 4.33648102e+02, 3.00003052e+02,
    4.33009277e+02, 3.17312408e+02, 4.32323181e+02, 3.34016815e+02,
    4.31681305e+02, 3.50832367e+02, 4.30624176e+02, 3.67280060e+02,
    4.14232422e+02, 2.98246735e+02, 4.13936249e+02, 3.15384827e+02,
    4.13589691e+02, 3.32103668e+02, 4.12876587e+02, 3.48363800e+02,
    4.12394714e+02, 3.64868622e+02, 3.95409515e+02, 2.96561371e+02,
    3.95232849e+02, 3.13353973e+02, 3.94972382e+02, 3.30036163e+02,
    3.94824646e+02, 3.46195679e+02, 3.94104675e+02, 3.62252319e+02,
    3.77069244e+02, 2.94954407e+02, 3.77039185e+02, 3.11463654e+02,
    3.76946259e+02, 3.27824554e+02, 3.76827118e+02, 3.43867126e+02,
    3.76816162e+02, 3.59707672e+02 ]
