%YAML:1.0
---
points: [ 1.58503467e+03, 9.14018433e+02, 1.54144116e+03, 9.55082153e+02,
    1.49861340e+03, 9.95172180e+02, 1.45646863e+03, 1.03474170e+03,
    1.41484375e+03, 1.07345093e+03, 1.53346240e+03, 8.67673340e+02,
    1.49138184e+03, 9.08213440e+02, 1.45010486e+03, 9.47620911e+02,
    1.40941284e+03, 9.86579590e+02, 1.36924487e+03, 1.02511694e+03,
    1.48393982e+03, 8.23486877e+02, 1.44337048e+03, 8.63337036e+02,
    1.40349268e+03, 9.02362366e+02, 1.36430017e+03, 9.40580811e+02,
    1.32553918e+03, 9.78346191e+02, 1.43662463e+03, 7.81317200e+02,
    1.39750525e+03, 8.20552979e+02, 1.35912170e+03, 8.58849243e+02,
    1.32131287e+03, 8.96521606e+02, 1.28370654e+03, 9.33766357e+02,
    1.39161389e+03, 7.41165771e+02, 1.35367859e+03, 7.79653198e+02,
    1.31649915e+03, 8.17428284e+02, 1.28015637e+03, 8.54612061e+02,
    1.24408594e+03, 8.91156250e+02, 1.34852026e+03, 7.02743347e+02,
    1.31184143e+03, 7.40754639e+02, 1.27575818e+03, 7.78109619e+02,
    1.24067615e+03, 8.14500122e+02, 1.20591492e+03, 8.50502075e+02,
    1.30735181e+03, 6.66361450e+02, 1.27179773e+03, 7.03689392e+02,
    1.23704260e+03, 7.40418213e+02, 1.20315112e+03, 7.76383728e+02,
    1.16964197e+03, 8.11816223e+02 ]
