%YAML:1.0
---
points: [ 4.71315338e+02, 3.06164612e+02, 4.72674316e+02, 3.19825165e+02,
    4.74100586e+02, 3.34439270e+02, 4.75192230e+02, 3.48775360e+02,
    4.76842072e+02, 3.64564117e+02, 4.56724640e+02, 3.03402557e+02,
    4.57815948e+02, 3.17545135e+02, 4.58889557e+02, 3.31846832e+02,
    4.60159637e+02, 3.46847839e+02, 4.61175354e+02, 3.61837769e+02,
    4.41821167e+02, 3.01084473e+02, 4.42771851e+02, 3.14824982e+02,
    4.43798645e+02, 3.29352356e+02, 4.44660583e+02, 3.44148071e+02,
    4.45705109e+02, 3.59484619e+02, 4.26949890e+02, 2.98311005e+02,
    4.27771240e+02, 3.12185211e+02, 4.28216827e+02, 3.26500336e+02,
    4.28961426e+02, 3.41436554e+02, 4.29590424e+02, 3.56695404e+02,
    4.11855804e+02, 2.95847260e+02, 4.12531708e+02, 3.09376434e+02,
    4.12856537e+02, 3.23658234e+02, 4.13110352e+02, 3.38477600e+02,
    4.13532745e+02, 3.53943512e+02, 3.97018463e+02, 2.93066437e+02,
    3.97234680e+02, 3.06574799e+02, 3.97433777e+02, 3.20673126e+02,
    3.97485596e+02, 3.35562042e+02, 3.97428955e+02, 3.50810547e+02,
    3.82368927e+02, 2.90261475e+02, 3.82156464e+02, 3.03565277e+02,
    3.81918732e+02, 3.17724640e+02, 3.81739502e+02, 3.32302673e+02,
    3.81527588e+02, 3.47721893e+02 ]
