%YAML:1.0
---
points: [ 4.03810333e+02, 8.62636108e+01, 4.26644165e+02, 1.48584259e+02,
    4.48512451e+02, 2.08345779e+02, 4.68243591e+02, 2.65795502e+02,
    4.87032074e+02, 3.21248718e+02, 3.63282227e+02, 9.43478165e+01,
    3.86822296e+02, 1.55212082e+02, 4.08798431e+02, 2.13371399e+02,
    4.29214752e+02, 2.69523560e+02, 4.47660614e+02, 3.23563232e+02,
    3.25601501e+02, 1.02335228e+02, 3.48489044e+02, 1.61416580e+02,
    3.70529999e+02, 2.18354340e+02, 3.91699036e+02, 2.72733521e+02,
    4.10565674e+02, 3.25645203e+02, 2.89341614e+02, 1.09623482e+02,
    3.11537262e+02, 1.67482697e+02, 3.34154480e+02, 2.23076950e+02,
    3.55744324e+02, 2.76266174e+02, 3.75104584e+02, 3.27982880e+02,
    2.55336487e+02, 1.17125664e+02, 2.77117523e+02, 1.73429581e+02,
    2.99475342e+02, 2.27630722e+02, 3.21429321e+02, 2.79454041e+02,
    3.41535706e+02, 3.29776031e+02, 2.21544235e+02, 1.24097252e+02,
    2.44028625e+02, 1.79176590e+02, 2.65841553e+02, 2.32106812e+02,
    2.88355713e+02, 2.82627350e+02, 3.08853271e+02, 3.31833649e+02,
    1.89131302e+02, 1.30969254e+02, 2.12094391e+02, 1.84557159e+02,
    2.34630600e+02, 2.36223389e+02, 2.56601318e+02, 2.85943542e+02,
    2.78204773e+02, 3.33739838e+02 ]
