%YAML:1.0
---
points: [ 1.34427954e+03, 1.81052628e+02, 1.35265320e+03, 2.33442001e+02,
    1.36057996e+03, 2.84505035e+02, 1.37032410e+03, 3.33651306e+02,
    1.37970825e+03, 3.81724121e+02, 1.31837646e+03, 1.91646729e+02,
    1.32700635e+03, 2.45595078e+02, 1.33548523e+03, 2.97825470e+02,
    1.34542810e+03, 3.48383575e+02, 1.35586267e+03, 3.97551636e+02,
    1.29041443e+03, 2.03218674e+02, 1.29966162e+03, 2.58538544e+02,
    1.30919116e+03, 3.12021515e+02, 1.31888831e+03, 3.63919464e+02,
    1.33015955e+03, 4.14163635e+02, 1.26038232e+03, 2.15581451e+02,
    1.27142468e+03, 2.72217529e+02, 1.28085938e+03, 3.27264679e+02,
    1.29135095e+03, 3.80313721e+02, 1.30285156e+03, 4.31830444e+02,
    1.22811804e+03, 2.28676147e+02, 1.24034961e+03, 2.86763275e+02,
    1.25135498e+03, 3.43145325e+02, 1.26197900e+03, 3.97652100e+02,
    1.27361865e+03, 4.50448730e+02, 1.19487598e+03, 2.42423874e+02,
    1.20769360e+03, 3.02436584e+02, 1.22058704e+03, 3.59978516e+02,
    1.23159277e+03, 4.15967102e+02, 1.24334119e+03, 4.70280945e+02,
    1.16011292e+03, 2.57076599e+02, 1.17389722e+03, 3.18638000e+02,
    1.18706848e+03, 3.78302399e+02, 1.19938928e+03, 4.35488647e+02,
    1.21129321e+03, 4.91179688e+02 ]
