%YAML:1.0
---
points: [ 2.46477142e+02, 1.49828339e+02, 2.70633179e+02, 2.00602219e+02,
    2.94441925e+02, 2.49728317e+02, 3.15670532e+02, 2.97721680e+02,
    3.36518890e+02, 3.44541168e+02, 2.25906586e+02, 1.58505264e+02,
    2.50404648e+02, 2.07650696e+02, 2.73417633e+02, 2.55445969e+02,
    2.94838867e+02, 3.02278259e+02, 3.14792389e+02, 3.47604706e+02,
    2.07546570e+02, 1.66566208e+02, 2.30648666e+02, 2.14476852e+02,
    2.53195953e+02, 2.61036682e+02, 2.75083069e+02, 3.06062103e+02,
    2.94865143e+02, 3.50395752e+02, 1.89600693e+02, 1.74216492e+02,
    2.11724640e+02, 2.20946365e+02, 2.34208420e+02, 2.66107605e+02,
    2.56128174e+02, 3.09814545e+02, 2.75739716e+02, 3.52996826e+02,
    1.73338028e+02, 1.81509079e+02, 1.94453857e+02, 2.26884094e+02,
    2.16388336e+02, 2.70960724e+02, 2.37968811e+02, 3.13503174e+02,
    2.58273254e+02, 3.55455566e+02, 1.56647629e+02, 1.88586975e+02,
    1.78165192e+02, 2.32680634e+02, 1.99192535e+02, 2.75667114e+02,
    2.20883667e+02, 3.17305695e+02, 2.40819427e+02, 3.57774536e+02,
    1.40671310e+02, 1.95280746e+02, 1.61406082e+02, 2.38578735e+02,
    1.83530945e+02, 2.80117065e+02, 2.03075546e+02, 3.20937317e+02,
    2.25218918e+02, 3.60046173e+02 ]
