%YAML:1.0
---
points: [ 3.97679138e+02, 8.79539108e+01, 4.05223938e+02, 1.03218475e+02,
    4.12886597e+02, 1.18880165e+02, 4.20409271e+02, 1.34610535e+02,
    4.28082916e+02, 1.50742584e+02, 3.81221069e+02, 9.71228867e+01,
    3.88480042e+02, 1.12318825e+02, 3.95760010e+02, 1.27602211e+02,
    4.03065704e+02, 1.43137451e+02, 4.10289490e+02, 1.58806274e+02,
    3.65355377e+02, 1.06170677e+02, 3.72222290e+02, 1.21064064e+02,
    3.79349731e+02, 1.36069748e+02, 3.86307587e+02, 1.51261612e+02,
    3.93325592e+02, 1.66693893e+02, 3.50168396e+02, 1.14848770e+02,
    3.56782166e+02, 1.29390106e+02, 3.63635895e+02, 1.44198456e+02,
    3.70328522e+02, 1.59050415e+02, 3.77058716e+02, 1.74091171e+02,
    3.35678101e+02, 1.23226830e+02, 3.41964874e+02, 1.37434875e+02,
    3.48504150e+02, 1.51902832e+02, 3.54926086e+02, 1.66474792e+02,
    3.61545624e+02, 1.81255127e+02, 3.21751465e+02, 1.31166519e+02,
    3.27792908e+02, 1.45070557e+02, 3.33999542e+02, 1.59266876e+02,
    3.40280426e+02, 1.73621765e+02, 3.46665710e+02, 1.88110855e+02,
    3.08224823e+02, 1.38745728e+02, 3.14201660e+02, 1.52447281e+02,
    3.20127045e+02, 1.66327103e+02, 3.26263275e+02, 1.80383408e+02,
    3.32445190e+02, 1.94551758e+02 ]
