%YAML:1.0
---
points: [ 1.29292334e+03, 1.85421616e+02, 1.31372131e+03, 2.31450043e+02,
    1.33486816e+03, 2.77853821e+02, 1.35575220e+03, 3.24616119e+02,
    1.37719897e+03, 3.72200378e+02, 1.24520557e+03, 2.13167526e+02,
    1.26543530e+03, 2.58263916e+02, 1.28556580e+03, 3.03675079e+02,
    1.30568213e+03, 3.49496674e+02, 1.32583276e+03, 3.95982758e+02,
    1.19975757e+03, 2.39646744e+02, 1.21924524e+03, 2.83754211e+02,
    1.23871533e+03, 3.28314880e+02, 1.25822522e+03, 3.73267456e+02,
    1.27752588e+03, 4.18697540e+02, 1.15672449e+03, 2.64885162e+02,
    1.17531946e+03, 3.08041229e+02, 1.19414026e+03, 3.51644775e+02,
    1.21288757e+03, 3.95652557e+02, 1.23140295e+03, 4.40315399e+02,
    1.11582129e+03, 2.89110870e+02, 1.13347656e+03, 3.31345917e+02,
    1.15155884e+03, 3.74096161e+02, 1.16957739e+03, 4.17152283e+02,
    1.18774866e+03, 4.60770599e+02, 1.07637061e+03, 3.12016602e+02,
    1.09353601e+03, 3.53428040e+02, 1.11050769e+03, 3.95269226e+02,
    1.12837769e+03, 4.37506561e+02, 1.14582971e+03, 4.80382446e+02,
    1.03844702e+03, 3.33772461e+02, 1.05493542e+03, 3.74450531e+02,
    1.07169763e+03, 4.15520996e+02, 1.08873108e+03, 4.57076202e+02,
    1.10605139e+03, 4.99174683e+02 ]
