%YAML:1.0
---
points: [ 3.11385071e+02, 1.51908707e+02, 3.31225464e+02, 2.03238220e+02,
    3.50229614e+02, 2.52507416e+02, 3.67231842e+02, 3.00388947e+02,
    3.83676697e+02, 3.46609894e+02, 2.75496460e+02, 1.56915176e+02,
    2.95880432e+02, 2.07353485e+02, 3.14916138e+02, 2.55621979e+02,
    3.32568604e+02, 3.02642761e+02, 3.49034882e+02, 3.48382355e+02,
    2.41591644e+02, 1.61708801e+02, 2.61481293e+02, 2.11281403e+02,
    2.80546631e+02, 2.58877411e+02, 2.99197723e+02, 3.04622192e+02,
    3.15782257e+02, 3.49663818e+02, 2.08666107e+02, 1.66461380e+02,
    2.28100494e+02, 2.15126709e+02, 2.47552658e+02, 2.61732727e+02,
    2.66609772e+02, 3.06945160e+02, 2.83461060e+02, 3.51121613e+02,
    1.77382751e+02, 1.71028702e+02, 1.96334488e+02, 2.18673370e+02,
    2.15703751e+02, 2.64747467e+02, 2.35058105e+02, 3.09011536e+02,
    2.52745758e+02, 3.52175262e+02, 1.45970856e+02, 1.75678467e+02,
    1.65696884e+02, 2.22510727e+02, 1.84683167e+02, 2.67612518e+02,
    2.04567368e+02, 3.11355682e+02, 2.22792252e+02, 3.53653229e+02,
    1.15513306e+02, 1.80247925e+02, 1.35683105e+02, 2.26039185e+02,
    1.55626740e+02, 2.70511841e+02, 1.74872528e+02, 3.13365601e+02,
    1.94134933e+02, 3.54937225e+02 ]
