%YAML:1.0
---
points: [ 7.63670273e+01, 1.17553612e+02, 8.11726685e+01, 1.30149216e+02,
    8.60185318e+01, 1.42669998e+02, 9.05554047e+01, 1.55533829e+02,
    9.50447998e+01, 1.68201019e+02, 6.71110458e+01, 1.24057732e+02,
    7.18702164e+01, 1.36377914e+02, 7.65391617e+01, 1.48954361e+02,
    8.10485535e+01, 1.61413818e+02, 8.51955185e+01, 1.74176590e+02,
    5.82496605e+01, 1.30373840e+02, 6.28411942e+01, 1.42635651e+02,
    6.73367920e+01, 1.54855652e+02, 7.18854980e+01, 1.67362061e+02,
    7.59807892e+01, 1.79867065e+02, 4.97848701e+01, 1.36639694e+02,
    5.40126572e+01, 1.48587097e+02, 5.84835663e+01, 1.60778427e+02,
    6.28429260e+01, 1.73081696e+02, 6.69103775e+01, 1.85417206e+02,
    4.16525803e+01, 1.42579971e+02, 4.56387863e+01, 1.54457291e+02,
    4.99256554e+01, 1.66454208e+02, 5.42603951e+01, 1.78656006e+02,
    5.83413048e+01, 1.90761887e+02, 3.36317368e+01, 1.48485336e+02,
    3.74107780e+01, 1.60127808e+02, 4.14003563e+01, 1.72111832e+02,
    4.57093010e+01, 1.83948105e+02, 4.99309044e+01, 1.96088058e+02,
    2.55986938e+01, 1.54004791e+02, 2.94509659e+01, 1.65772629e+02,
    3.33598595e+01, 1.77264328e+02, 3.76655083e+01, 1.89250046e+02,
    4.18469963e+01, 2.00941956e+02 ]
