%YAML:1.0
---
points: [ 1.34990967e+02, 1.36459015e+02, 1.33867035e+02, 1.48483978e+02,
    1.32864059e+02, 1.60745071e+02, 1.31879593e+02, 1.72924454e+02,
    1.30986542e+02, 1.85295197e+02, 1.23013832e+02, 1.33175522e+02,
    1.21778503e+02, 1.45615326e+02, 1.20606697e+02, 1.58077347e+02,
    1.19615845e+02, 1.70552689e+02, 1.18600700e+02, 1.83176025e+02,
    1.10357086e+02, 1.29796204e+02, 1.09131790e+02, 1.42438385e+02,
    1.07876778e+02, 1.55261185e+02, 1.06661934e+02, 1.68110107e+02,
    1.05633781e+02, 1.80992722e+02, 9.71830292e+01, 1.26238075e+02,
    9.59382706e+01, 1.39245621e+02, 9.45210953e+01, 1.52317184e+02,
    9.32049255e+01, 1.65476913e+02, 9.20312195e+01, 1.78703934e+02,
    8.34689560e+01, 1.22719208e+02, 8.21168289e+01, 1.35881210e+02,
    8.05947266e+01, 1.49281509e+02, 7.91231384e+01, 1.62751923e+02,
    7.77341080e+01, 1.76304352e+02, 6.92525101e+01, 1.18914902e+02,
    6.76808167e+01, 1.32399261e+02, 6.61934280e+01, 1.46061676e+02,
    6.44955444e+01, 1.59885239e+02, 6.28909187e+01, 1.73810257e+02,
    5.46156235e+01, 1.15031311e+02, 5.29603424e+01, 1.28841736e+02,
    5.11134872e+01, 1.42784195e+02, 4.93125114e+01, 1.56902176e+02,
    4.75683250e+01, 1.71189423e+02 ]
