%YAML:1.0
---
points: [ 1.62243030e+03, 1.19588142e+02, 1.61661548e+03, 1.75612671e+02,
    1.61078394e+03, 2.29150513e+02, 1.60535803e+03, 2.81115631e+02,
    1.59993408e+03, 3.31001160e+02, 1.56178918e+03, 1.25490448e+02,
    1.55714783e+03, 1.80556641e+02, 1.55249438e+03, 2.33284622e+02,
    1.54816125e+03, 2.84166595e+02, 1.54354468e+03, 3.33554413e+02,
    1.50267065e+03, 1.31446762e+02, 1.49939465e+03, 1.85592529e+02,
    1.49575964e+03, 2.37495789e+02, 1.49220825e+03, 2.87186737e+02,
    1.48899084e+03, 3.35561035e+02, 1.44568286e+03, 1.37304749e+02,
    1.44340137e+03, 1.90574570e+02, 1.44081775e+03, 2.41444489e+02,
    1.43835400e+03, 2.90468079e+02, 1.43583606e+03, 3.38080688e+02,
    1.39042896e+03, 1.43191696e+02, 1.38898401e+03, 1.95426270e+02,
    1.38737537e+03, 2.45496445e+02, 1.38588403e+03, 2.93439117e+02,
    1.38448169e+03, 3.40081299e+02, 1.33673059e+03, 1.48819351e+02,
    1.33640833e+03, 2.00185028e+02, 1.33579700e+03, 2.49555588e+02,
    1.33521777e+03, 2.96608154e+02, 1.33455627e+03, 3.42230438e+02,
    1.28481824e+03, 1.54466904e+02, 1.28544727e+03, 2.04717987e+02,
    1.28581274e+03, 2.53320480e+02, 1.28627271e+03, 2.99623047e+02,
    1.28656519e+03, 3.44402344e+02 ]
