%YAML:1.0
---
points: [ 5.40515259e+02, 3.21049866e+02, 5.37097595e+02, 3.56839874e+02,
    5.33340637e+02, 3.92885834e+02, 5.29965637e+02, 4.29126495e+02,
    5.26624878e+02, 4.65615906e+02, 5.03204742e+02, 3.10803802e+02,
    4.99313507e+02, 3.47635559e+02, 4.95352417e+02, 3.84581726e+02,
    4.91619507e+02, 4.21578979e+02, 4.88185883e+02, 4.59011505e+02,
    4.64025055e+02, 3.00399658e+02, 4.59637329e+02, 3.38023438e+02,
    4.55501801e+02, 3.75770355e+02, 4.51403168e+02, 4.13637177e+02,
    4.47544556e+02, 4.51925781e+02, 4.22657684e+02, 2.89203949e+02,
    4.18412109e+02, 3.27664551e+02, 4.13592285e+02, 3.66433136e+02,
    4.09090240e+02, 4.05499664e+02, 4.04833801e+02, 4.44683960e+02,
    3.79281738e+02, 2.77697601e+02, 3.74606781e+02, 3.17182831e+02,
    3.69823669e+02, 3.56758514e+02, 3.64770569e+02, 3.96781555e+02,
    3.59961975e+02, 4.37077240e+02, 3.33733490e+02, 2.65562622e+02,
    3.28797363e+02, 3.05775879e+02, 3.23791199e+02, 3.46379181e+02,
    3.18412109e+02, 3.87473572e+02, 3.13074219e+02, 4.29055603e+02,
    2.86553772e+02, 2.52569656e+02, 2.81213593e+02, 2.93869171e+02,
    2.75590698e+02, 3.35649597e+02, 2.69795654e+02, 3.77779938e+02,
    2.63912476e+02, 4.20571259e+02 ]
