%YAML:1.0
---
points: [ 1.76865063e+03, 3.29073090e+02, 1.77247998e+03, 3.81789551e+02,
    1.77573267e+03, 4.32633789e+02, 1.77858203e+03, 4.82472809e+02,
    1.78099512e+03, 5.31057495e+02, 1.70362024e+03, 3.34607971e+02,
    1.70834937e+03, 3.85388641e+02, 1.71258508e+03, 4.34364227e+02,
    1.71636084e+03, 4.82447388e+02, 1.71943274e+03, 5.29561401e+02,
    1.64284021e+03, 3.39618134e+02, 1.64795874e+03, 3.88633301e+02,
    1.65294812e+03, 4.36263611e+02, 1.65763330e+03, 4.82448120e+02,
    1.66152478e+03, 5.28189453e+02, 1.58563281e+03, 3.44539917e+02,
    1.59126880e+03, 3.92214081e+02, 1.59676147e+03, 4.38120605e+02,
    1.60223315e+03, 4.82521820e+02, 1.60679333e+03, 5.26632263e+02,
    1.53218481e+03, 3.49010468e+02, 1.53807678e+03, 3.95352753e+02,
    1.54413965e+03, 4.39605743e+02, 1.55009082e+03, 4.82558044e+02,
    1.55553259e+03, 5.24962219e+02, 1.48133960e+03, 3.53731445e+02,
    1.48795984e+03, 3.98165680e+02, 1.49450464e+03, 4.41283752e+02,
    1.50099182e+03, 4.82707825e+02, 1.50712817e+03, 5.23597595e+02,
    1.43358960e+03, 3.58153320e+02, 1.44091113e+03, 4.01109772e+02,
    1.44807727e+03, 4.42619995e+02, 1.45465540e+03, 4.82921295e+02,
    1.46158264e+03, 5.22429626e+02 ]
