%YAML:1.0
---
points: [ 1.00345447e+03, 3.94637909e+02, 1.00125275e+03, 4.16617615e+02,
    9.98981018e+02, 4.38520081e+02, 9.96632202e+02, 4.60328552e+02,
    9.94505188e+02, 4.82183838e+02, 9.81381409e+02, 3.92508575e+02,
    9.79356140e+02, 4.14445160e+02, 9.76838928e+02, 4.36319427e+02,
    9.74608887e+02, 4.58204651e+02, 9.72375549e+02, 4.79926514e+02,
    9.59519836e+02, 3.90543396e+02, 9.57339050e+02, 4.12464569e+02,
    9.54911804e+02, 4.34242249e+02, 9.52692627e+02, 4.55878601e+02,
    9.50227661e+02, 4.77695862e+02, 9.37608582e+02, 3.88376648e+02,
    9.35422546e+02, 4.10199829e+02, 9.33125732e+02, 4.32203461e+02,
    9.30799500e+02, 4.53822845e+02, 9.28334778e+02, 4.75593475e+02,
    9.15903076e+02, 3.86403564e+02, 9.13449219e+02, 4.07987274e+02,
    9.11334045e+02, 4.29765076e+02, 9.08694336e+02, 4.51547058e+02,
    9.06482544e+02, 4.73484863e+02, 8.93904114e+02, 3.84082275e+02,
    8.91556335e+02, 4.05836761e+02, 8.89354919e+02, 4.27651550e+02,
    8.86819031e+02, 4.49488220e+02, 8.84511963e+02, 4.71332550e+02,
    8.72130371e+02, 3.81873047e+02, 8.69725098e+02, 4.03548035e+02,
    8.67445679e+02, 4.25346039e+02, 8.65067566e+02, 4.47191254e+02,
    8.62598083e+02, 4.69151947e+02 ]
