%YAML:1.0
---
points: [ 2.83039276e+02, 1.59600082e+02, 2.82350494e+02, 1.67041718e+02,
    2.81720215e+02, 1.74485245e+02, 2.80973572e+02, 1.81907272e+02,
    2.80266327e+02, 1.89323578e+02, 2.75623138e+02, 1.58985611e+02,
    2.74825287e+02, 1.66412491e+02, 2.74112823e+02, 1.73787537e+02,
    2.73464172e+02, 1.81248795e+02, 2.72751617e+02, 1.88630081e+02,
    2.68097351e+02, 1.58296188e+02, 2.67434235e+02, 1.65777420e+02,
    2.66648682e+02, 1.73197067e+02, 2.65967926e+02, 1.80597473e+02,
    2.65207916e+02, 1.87960449e+02, 2.60606628e+02, 1.57632553e+02,
    2.59860443e+02, 1.65139252e+02, 2.59214752e+02, 1.72487518e+02,
    2.58536774e+02, 1.79930115e+02, 2.57775543e+02, 1.87357376e+02,
    2.53175507e+02, 1.57084625e+02, 2.52481812e+02, 1.64472702e+02,
    2.51719849e+02, 1.71801147e+02, 2.51049332e+02, 1.79263962e+02,
    2.50302780e+02, 1.86684647e+02, 2.45733063e+02, 1.56409927e+02,
    2.45033005e+02, 1.63783417e+02, 2.44342087e+02, 1.71199371e+02,
    2.43618790e+02, 1.78614578e+02, 2.42801575e+02, 1.86021149e+02,
    2.38293900e+02, 1.55708206e+02, 2.37587311e+02, 1.63139999e+02,
    2.36895798e+02, 1.70451233e+02, 2.36176834e+02, 1.77930038e+02,
    2.35413666e+02, 1.85349289e+02 ]
