%YAML:1.0
---
points: [ 1.57713547e+02, 3.07941101e+02, 1.61756332e+02, 3.24683044e+02,
    1.65638306e+02, 3.40897278e+02, 1.69454010e+02, 3.56974762e+02,
    1.73334824e+02, 3.72569946e+02, 1.37564224e+02, 3.14745422e+02,
    1.42038345e+02, 3.31719879e+02, 1.46272614e+02, 3.48062622e+02,
    1.50609634e+02, 3.64202454e+02, 1.54674942e+02, 3.79960266e+02,
    1.16680435e+02, 3.21767334e+02, 1.21634193e+02, 3.38781830e+02,
    1.26466339e+02, 3.55365692e+02, 1.30986496e+02, 3.71351196e+02,
    1.35948792e+02, 3.86950195e+02, 9.52102814e+01, 3.28630768e+02,
    1.00787430e+02, 3.46076080e+02, 1.06106194e+02, 3.62626312e+02,
    1.11395317e+02, 3.78457550e+02, 1.16167358e+02, 3.94352783e+02,
    7.32768860e+01, 3.35636841e+02, 7.93041306e+01, 3.53304169e+02,
    8.52983017e+01, 3.69813721e+02, 9.09044113e+01, 3.85788879e+02,
    9.70183182e+01, 4.00645447e+02, 5.10947685e+01, 3.42672211e+02,
    5.78759003e+01, 3.60125427e+02, 6.42839432e+01, 3.77100922e+02,
    7.09756851e+01, 3.92315002e+02, 7.67695923e+01, 4.08114777e+02,
    2.91132393e+01, 3.49401794e+02, 3.63875504e+01, 3.67170959e+02,
    4.37914314e+01, 3.83231018e+02, 5.04311562e+01, 3.99356995e+02,
    5.77706909e+01, 4.13291382e+02 ]
