%YAML:1.0
---
points: [ 1.41625824e+02, 3.03495972e+02, 1.45874619e+02, 3.22532990e+02,
    1.50048538e+02, 3.41603210e+02, 1.53731293e+02, 3.60827911e+02,
    1.57514404e+02, 3.79953949e+02, 1.26047714e+02, 3.05410675e+02,
    1.30266800e+02, 3.24104248e+02, 1.34405365e+02, 3.42783966e+02,
    1.38212708e+02, 3.61471008e+02, 1.41757080e+02, 3.80245514e+02,
    1.11068047e+02, 3.07150330e+02, 1.15237923e+02, 3.25520935e+02,
    1.19335777e+02, 3.43804474e+02, 1.23157219e+02, 3.61819611e+02,
    1.27034073e+02, 3.80210297e+02, 9.68214951e+01, 3.08816742e+02,
    1.00776619e+02, 3.26870636e+02, 1.05026039e+02, 3.44674042e+02,
    1.09103020e+02, 3.62428650e+02, 1.12558418e+02, 3.80249969e+02,
    8.33624344e+01, 3.10303070e+02, 8.71710052e+01, 3.27962280e+02,
    9.12756653e+01, 3.45399750e+02, 9.51194153e+01, 3.62749817e+02,
    9.93271027e+01, 3.79982788e+02, 7.02479477e+01, 3.11838806e+02,
    7.39861221e+01, 3.28906128e+02, 7.78038406e+01, 3.46392822e+02,
    8.21976471e+01, 3.63003845e+02, 8.59559555e+01, 3.79891907e+02,
    5.74482918e+01, 3.13137329e+02, 6.13187637e+01, 3.30038757e+02,
    6.54649200e+01, 3.46755127e+02, 6.94247055e+01, 3.63466278e+02,
    7.40338974e+01, 3.79447815e+02 ]
