%YAML:1.0
---
points: [ 1.30710889e+03, 3.76636414e+02, 1.30807422e+03, 3.99933136e+02,
    1.30885083e+03, 4.23318634e+02, 1.30972058e+03, 4.46231903e+02,
    1.31056519e+03, 4.69457764e+02, 1.28271802e+03, 3.78716278e+02,
    1.28378845e+03, 4.01949493e+02, 1.28463379e+03, 4.24837860e+02,
    1.28542090e+03, 4.47887146e+02, 1.28631665e+03, 4.70813751e+02,
    1.25889771e+03, 3.80889923e+02, 1.25967957e+03, 4.03749084e+02,
    1.26065796e+03, 4.26658905e+02, 1.26153943e+03, 4.49456360e+02,
    1.26244189e+03, 4.72147583e+02, 1.23525671e+03, 3.82769806e+02,
    1.23630469e+03, 4.05655304e+02, 1.23725964e+03, 4.28335480e+02,
    1.23803101e+03, 4.50893158e+02, 1.23873608e+03, 4.73543579e+02,
    1.21207935e+03, 3.84915344e+02, 1.21283484e+03, 4.07509827e+02,
    1.21387659e+03, 4.29996887e+02, 1.21483887e+03, 4.52458191e+02,
    1.21584204e+03, 4.74895233e+02, 1.18911841e+03, 3.86820374e+02,
    1.19015259e+03, 4.09309937e+02, 1.19103455e+03, 4.31562561e+02,
    1.19193237e+03, 4.54020752e+02, 1.19278687e+03, 4.76235016e+02,
    1.16636072e+03, 3.88603516e+02, 1.16745190e+03, 4.11100342e+02,
    1.16852869e+03, 4.33354523e+02, 1.16949902e+03, 4.55254150e+02,
    1.17047925e+03, 4.77421356e+02 ]
