%YAML:1.0
---
points: [ 3.86964661e+02, 1.52452347e+02, 3.87407471e+02, 1.60267899e+02,
    3.87753540e+02, 1.68211182e+02, 3.88036957e+02, 1.76045761e+02,
    3.88609100e+02, 1.83878311e+02, 3.78637451e+02, 1.53191589e+02,
    3.79006592e+02, 1.61033859e+02, 3.79560913e+02, 1.68847519e+02,
    3.79828278e+02, 1.76692490e+02, 3.80202118e+02, 1.84452774e+02,
    3.70525574e+02, 1.53928055e+02, 3.70767700e+02, 1.61734482e+02,
    3.71231873e+02, 1.69572495e+02, 3.71685211e+02, 1.77253494e+02,
    3.71855499e+02, 1.84952194e+02, 3.62336884e+02, 1.54719330e+02,
    3.62731293e+02, 1.62413681e+02, 3.63125122e+02, 1.70161819e+02,
    3.63546143e+02, 1.77871689e+02, 3.63851471e+02, 1.85617752e+02,
    3.54354828e+02, 1.55500702e+02, 3.54757172e+02, 1.63174759e+02,
    3.55093353e+02, 1.70799194e+02, 3.55595062e+02, 1.78470612e+02,
    3.55804291e+02, 1.85994080e+02, 3.46434326e+02, 1.56188263e+02,
    3.46822205e+02, 1.63827637e+02, 3.47211456e+02, 1.71513687e+02,
    3.47652374e+02, 1.78947250e+02, 3.47968140e+02, 1.86622253e+02,
    3.38697449e+02, 1.56931442e+02, 3.38951874e+02, 1.64575592e+02,
    3.39485504e+02, 1.72046478e+02, 3.39815948e+02, 1.79610352e+02,
    3.40227386e+02, 1.87112823e+02 ]
