%YAML:1.0
---
points: [ 1.44664661e+03, 3.55505646e+02, 1.43483887e+03, 4.00227814e+02,
    1.42363452e+03, 4.43012054e+02, 1.41356409e+03, 4.84754547e+02,
    1.40379150e+03, 5.25179382e+02, 1.40152222e+03, 3.55162384e+02,
    1.39053113e+03, 3.99656586e+02, 1.38013782e+03, 4.42728180e+02,
    1.37048828e+03, 4.84502838e+02, 1.36167224e+03, 5.25188171e+02,
    1.35560486e+03, 3.54422455e+02, 1.34572363e+03, 3.99326355e+02,
    1.33644238e+03, 4.42686951e+02, 1.32738904e+03, 4.84261414e+02,
    1.31907971e+03, 5.24851746e+02, 1.30972180e+03, 3.53730560e+02,
    1.30119373e+03, 3.99158112e+02, 1.29225293e+03, 4.42475922e+02,
    1.28410242e+03, 4.84024506e+02, 1.27640442e+03, 5.24759155e+02,
    1.26343530e+03, 3.53140747e+02, 1.25559412e+03, 3.98642822e+02,
    1.24803674e+03, 4.42253723e+02, 1.24029565e+03, 4.83711090e+02,
    1.23332593e+03, 5.24416016e+02, 1.21711316e+03, 3.52503174e+02,
    1.21029675e+03, 3.98295685e+02, 1.20333594e+03, 4.42109222e+02,
    1.19645752e+03, 4.83617676e+02, 1.19023254e+03, 5.24296570e+02,
    1.17060059e+03, 3.52104065e+02, 1.16446973e+03, 3.97784851e+02,
    1.15855017e+03, 4.41613220e+02, 1.15269885e+03, 4.83491180e+02,
    1.14705969e+03, 5.23907837e+02 ]
