%YAML:1.0
---
points: [ 3.29704651e+02, 3.72642899e+01, 3.30031128e+02, 4.76881409e+01,
    3.30156525e+02, 5.82747421e+01, 3.30451965e+02, 6.86486511e+01,
    3.30511993e+02, 7.90346298e+01, 3.19679230e+02, 3.85943184e+01,
    3.19741669e+02, 4.91601448e+01, 3.19966827e+02, 5.96768227e+01,
    3.20045441e+02, 6.99420090e+01, 3.20154755e+02, 8.02197189e+01,
    3.09468994e+02, 4.01360397e+01, 3.09759338e+02, 5.05866699e+01,
    3.09786865e+02, 6.09740601e+01, 3.09931152e+02, 7.12035904e+01,
    3.10110474e+02, 8.13814087e+01, 2.99673615e+02, 4.16445770e+01,
    2.99729797e+02, 5.18991661e+01, 2.99962280e+02, 6.22271881e+01,
    3.00117706e+02, 7.24375229e+01, 3.00305817e+02, 8.26075287e+01,
    2.89659912e+02, 4.31929550e+01, 2.89940369e+02, 5.33022766e+01,
    2.90197174e+02, 6.34647026e+01, 2.90563568e+02, 7.37003174e+01,
    2.90694214e+02, 8.37753143e+01, 2.80184753e+02, 4.45433617e+01,
    2.80362762e+02, 5.46860695e+01, 2.80693298e+02, 6.47772980e+01,
    2.80823273e+02, 7.48615494e+01, 2.80959534e+02, 8.49630280e+01,
    2.70637817e+02, 4.59844589e+01, 2.70877899e+02, 5.59264526e+01,
    2.71185425e+02, 6.59163742e+01, 2.71557709e+02, 7.60443726e+01,
    2.71772827e+02, 8.59856033e+01 ]
