%YAML:1.0
---
points: [ 1.25730042e+02, 2.96883392e+02, 1.29956161e+02, 3.13724243e+02,
    1.34061676e+02, 3.30415100e+02, 1.38108063e+02, 3.47023254e+02,
    1.42135788e+02, 3.63465881e+02, 1.06526718e+02, 3.02482300e+02,
    1.10950119e+02, 3.19785065e+02, 1.15317261e+02, 3.36490936e+02,
    1.19642227e+02, 3.53364777e+02, 1.23943909e+02, 3.69798798e+02,
    8.67296371e+01, 3.08420135e+02, 9.15386658e+01, 3.25656158e+02,
    9.62413788e+01, 3.42638245e+02, 1.00803253e+02, 3.59435272e+02,
    1.05606140e+02, 3.75792114e+02, 6.67118149e+01, 3.14127533e+02,
    7.18357697e+01, 3.31527832e+02, 7.67667084e+01, 3.48791931e+02,
    8.17796631e+01, 3.65527649e+02, 8.66613007e+01, 3.82265839e+02,
    4.63124390e+01, 3.19596375e+02, 5.18938942e+01, 3.37584717e+02,
    5.71355820e+01, 3.54731812e+02, 6.23586388e+01, 3.71436462e+02,
    6.81798172e+01, 3.87625793e+02, 2.60801945e+01, 3.25428589e+02,
    3.18744678e+01, 3.43163208e+02, 3.76583481e+01, 3.60757751e+02,
    4.35923767e+01, 3.76857849e+02, 4.89370995e+01, 3.93796600e+02,
    3.89756823e+00, 3.30289581e+02, 1.21472244e+01, 3.48764862e+02,
    1.84369717e+01, 3.65734985e+02, 2.44763012e+01, 3.82805237e+02,
    3.12415485e+01, 3.97722809e+02 ]
