%YAML:1.0
---
points: [ 1.07552454e+03, 3.77255310e+02, 1.07563354e+03, 4.14913788e+02,
    1.07568127e+03, 4.51420990e+02, 1.07567773e+03, 4.87234039e+02,
    1.07562939e+03, 5.21924133e+02, 1.03556763e+03, 3.77795898e+02,
    1.03648071e+03, 4.15379608e+02, 1.03727026e+03, 4.51619568e+02,
    1.03772693e+03, 4.87173035e+02, 1.03832849e+03, 5.21830566e+02,
    9.96080627e+02, 3.78274719e+02, 9.97493103e+02, 4.15722321e+02,
    9.98812988e+02, 4.52023041e+02, 1.00018756e+03, 4.87067261e+02,
    1.00122076e+03, 5.21625854e+02, 9.56855530e+02, 3.78659241e+02,
    9.58906250e+02, 4.16251465e+02, 9.60821838e+02, 4.52285248e+02,
    9.62902588e+02, 4.87059296e+02, 9.64478577e+02, 5.21432983e+02,
    9.18083435e+02, 3.78913452e+02, 9.20791687e+02, 4.16528046e+02,
    9.23336243e+02, 4.52435455e+02, 9.25801880e+02, 4.86853577e+02,
    9.28044861e+02, 5.20872070e+02, 8.79531738e+02, 3.79570618e+02,
    8.82714783e+02, 4.16743256e+02, 8.85862732e+02, 4.52663788e+02,
    8.89162292e+02, 4.86916443e+02, 8.91745544e+02, 5.20534119e+02,
    8.41235168e+02, 3.80213226e+02, 8.45192566e+02, 4.17155853e+02,
    8.49052612e+02, 4.52645996e+02, 8.52708435e+02, 4.86905487e+02,
    8.56121094e+02, 5.20191467e+02 ]
