%YAML:1.0
---
points: [ 1.54832495e+03, 4.44730873e+01, 1.54964893e+03, 7.43724976e+01,
    1.55105310e+03, 1.04210716e+02, 1.55175464e+03, 1.33766342e+02,
    1.55253467e+03, 1.63441086e+02, 1.51923083e+03, 5.45707207e+01,
    1.52094238e+03, 8.39490051e+01, 1.52221375e+03, 1.13286339e+02,
    1.52305115e+03, 1.42317215e+02, 1.52346753e+03, 1.71296829e+02,
    1.49156641e+03, 6.46330490e+01, 1.49303638e+03, 9.34229126e+01,
    1.49449792e+03, 1.21870773e+02, 1.49540100e+03, 1.50413788e+02,
    1.49582129e+03, 1.78745132e+02, 1.46498352e+03, 7.41529236e+01,
    1.46628357e+03, 1.02314156e+02, 1.46774243e+03, 1.30344910e+02,
    1.46874365e+03, 1.58278183e+02, 1.46931653e+03, 1.86141312e+02,
    1.43961707e+03, 8.34257050e+01, 1.44069739e+03, 1.10806053e+02,
    1.44211475e+03, 1.38489471e+02, 1.44301367e+03, 1.65727036e+02,
    1.44387891e+03, 1.92970825e+02, 1.41507751e+03, 9.22926178e+01,
    1.41615283e+03, 1.19307793e+02, 1.41706641e+03, 1.46195084e+02,
    1.41820398e+03, 1.72970612e+02, 1.41915747e+03, 1.99757416e+02,
    1.39095740e+03, 1.00738922e+02, 1.39206470e+03, 1.27297188e+02,
    1.39320911e+03, 1.53707336e+02, 1.39444141e+03, 1.79982437e+02,
    1.39565625e+03, 2.06409866e+02 ]
