%YAML:1.0
---
points: [ 8.03371399e+02, 4.05559357e+02, 8.12144409e+02, 4.28799622e+02,
    8.21259827e+02, 4.52481201e+02, 8.30596619e+02, 4.75885284e+02,
    8.40333923e+02, 5.00272766e+02, 7.74700439e+02, 4.08592804e+02,
    7.83521729e+02, 4.32531891e+02, 7.92222961e+02, 4.56320953e+02,
    8.01504700e+02, 4.80556854e+02, 8.10731689e+02, 5.04723663e+02,
    7.45678650e+02, 4.12285309e+02, 7.54095276e+02, 4.36094635e+02,
    7.62616882e+02, 4.60458496e+02, 7.71476807e+02, 4.85219482e+02,
    7.80482361e+02, 5.09691772e+02, 7.15559265e+02, 4.15600677e+02,
    7.23822632e+02, 4.39718109e+02, 7.32375305e+02, 4.64569977e+02,
    7.40698303e+02, 4.89603973e+02, 7.49494507e+02, 5.14808167e+02,
    6.84634888e+02, 4.19547089e+02, 6.92677673e+02, 4.43823090e+02,
    7.00948914e+02, 4.69169159e+02, 7.09133545e+02, 4.94428589e+02,
    7.17582031e+02, 5.20371094e+02, 6.53325623e+02, 4.23150146e+02,
    6.61053955e+02, 4.47885071e+02, 6.68789429e+02, 4.72752167e+02,
    6.76685608e+02, 4.99268250e+02, 6.84837463e+02, 5.25429199e+02,
    6.20645386e+02, 4.26430023e+02, 6.28179688e+02, 4.51455017e+02,
    6.35647522e+02, 4.77371826e+02, 6.43311340e+02, 5.03617950e+02,
    6.51195801e+02, 5.31130188e+02 ]
