%YAML:1.0
---
points: [ 4.72408722e+02, 4.82330933e+01, 4.73208801e+02, 5.70832825e+01,
    4.73633972e+02, 6.66612473e+01, 4.74386444e+02, 7.57851410e+01,
    4.74807098e+02, 8.53249741e+01, 4.63559021e+02, 4.81960564e+01,
    4.63812622e+02, 5.77832756e+01, 4.64560852e+02, 6.70451431e+01,
    4.64948486e+02, 7.65338287e+01, 4.65672119e+02, 8.56608963e+01,
    4.53952179e+02, 4.89636993e+01, 4.54795166e+02, 5.82806320e+01,
    4.55068817e+02, 6.77561340e+01, 4.55717590e+02, 7.68282852e+01,
    4.56097595e+02, 8.63965454e+01, 4.44884399e+02, 4.94866142e+01,
    4.45315277e+02, 5.88849068e+01, 4.45810364e+02, 6.81842880e+01,
    4.46172791e+02, 7.76643448e+01, 4.46738190e+02, 8.68924408e+01,
    4.35305420e+02, 5.02031822e+01, 4.35967743e+02, 5.94194832e+01,
    4.36251312e+02, 6.89204483e+01, 4.36761902e+02, 7.82779388e+01,
    4.36977905e+02, 8.77585754e+01, 4.25914337e+02, 5.06305809e+01,
    4.26442810e+02, 6.02129593e+01, 4.26838104e+02, 6.96059265e+01,
    4.27180481e+02, 7.90969162e+01, 4.27615753e+02, 8.85271683e+01,
    4.16516663e+02, 5.15296555e+01, 4.17017517e+02, 6.08904991e+01,
    4.17411682e+02, 7.04349823e+01, 4.17741150e+02, 7.97533722e+01,
    4.17925507e+02, 8.93409348e+01 ]
