%YAML:1.0
---
points: [ 1.16830879e+02, 1.66204224e+02, 1.21271339e+02, 1.85690811e+02,
    1.25673019e+02, 2.04914932e+02, 1.29526428e+02, 2.24312943e+02,
    1.33214310e+02, 2.43553421e+02, 1.01608284e+02, 1.70756088e+02,
    1.06048187e+02, 1.89767197e+02, 1.10308311e+02, 2.08614273e+02,
    1.14150253e+02, 2.27659180e+02, 1.17671677e+02, 2.46634384e+02,
    8.71068115e+01, 1.75043671e+02, 9.15260773e+01, 1.93707504e+02,
    9.56186752e+01, 2.12192368e+02, 9.95578537e+01, 2.30893661e+02,
    1.03032143e+02, 2.49546463e+02, 7.33644562e+01, 1.79230042e+02,
    7.73202209e+01, 1.97458450e+02, 8.15619278e+01, 2.15677795e+02,
    8.54521484e+01, 2.33972748e+02, 8.88440323e+01, 2.52322052e+02,
    6.03948441e+01, 1.83186905e+02, 6.40432129e+01, 2.01130447e+02,
    6.80234680e+01, 2.19088806e+02, 7.19032822e+01, 2.36911560e+02,
    7.55994034e+01, 2.54785706e+02, 4.76514053e+01, 1.87164215e+02,
    4.99237099e+01, 2.03331940e+02, 5.49628868e+01, 2.22353867e+02,
    5.89690132e+01, 2.39660553e+02, 6.26618843e+01, 2.57345093e+02,
    3.54066620e+01, 1.90806198e+02, 3.90612984e+01, 2.08143967e+02,
    4.27386742e+01, 2.25146927e+02, 4.64919739e+01, 2.42513367e+02,
    5.03793182e+01, 2.59542511e+02 ]
