%YAML:1.0
---
points: [ 1.45290176e+02, 1.94439804e+02, 1.47085175e+02, 2.08003998e+02,
    1.48857468e+02, 2.22007355e+02, 1.50963211e+02, 2.36175644e+02,
    1.53170471e+02, 2.50838669e+02, 1.32059937e+02, 1.91431946e+02,
    1.33539948e+02, 2.05584503e+02, 1.35151840e+02, 2.20034363e+02,
    1.37022980e+02, 2.34738541e+02, 1.39116882e+02, 2.49832169e+02,
    1.17696068e+02, 1.88473434e+02, 1.19084778e+02, 2.02999786e+02,
    1.20477402e+02, 2.17827682e+02, 1.22103699e+02, 2.33135605e+02,
    1.24022171e+02, 2.48832642e+02, 1.02376915e+02, 1.85254120e+02,
    1.03719788e+02, 2.00152847e+02, 1.04837906e+02, 2.15497940e+02,
    1.06178001e+02, 2.31372650e+02, 1.07810539e+02, 2.47625046e+02,
    8.60994110e+01, 1.81903381e+02, 8.71511078e+01, 1.97188187e+02,
    8.81091614e+01, 2.13096512e+02, 8.91322937e+01, 2.29499954e+02,
    9.02873383e+01, 2.46345505e+02, 6.88687744e+01, 1.78262207e+02,
    6.95563812e+01, 1.93977982e+02, 7.03969574e+01, 2.10263947e+02,
    7.10579147e+01, 2.27377792e+02, 7.18516388e+01, 2.44908051e+02,
    5.06794510e+01, 1.74133209e+02, 5.11117668e+01, 1.90371872e+02,
    5.02984390e+01, 2.04888412e+02, 5.17465210e+01, 2.24945312e+02,
    5.21269531e+01, 2.43303558e+02 ]
