%YAML:1.0
---
points: [ 4.82431244e+02, 1.04228065e+02, 4.85228668e+02, 1.31583054e+02,
    4.87536011e+02, 1.58788803e+02, 4.89622955e+02, 1.85647400e+02,
    4.91703125e+02, 2.12389694e+02, 4.56643188e+02, 1.05510490e+02,
    4.59573578e+02, 1.32912537e+02, 4.62069489e+02, 1.60061630e+02,
    4.64324646e+02, 1.86703339e+02, 4.66038391e+02, 2.13373474e+02,
    4.31360992e+02, 1.06951309e+02, 4.33841797e+02, 1.34154251e+02,
    4.36556763e+02, 1.61335159e+02, 4.38784637e+02, 1.87943878e+02,
    4.40729492e+02, 2.14501083e+02, 4.05790558e+02, 1.08340927e+02,
    4.08296295e+02, 1.35403214e+02, 4.11308990e+02, 1.62376328e+02,
    4.13563904e+02, 1.89250504e+02, 4.15527069e+02, 2.15737701e+02,
    3.80801453e+02, 1.09758186e+02, 3.83152008e+02, 1.36724762e+02,
    3.85808899e+02, 1.63745132e+02, 3.88424072e+02, 1.90536377e+02,
    3.90732819e+02, 2.17132629e+02, 3.55397064e+02, 1.11355980e+02,
    3.57909698e+02, 1.38330460e+02, 3.60358185e+02, 1.65069244e+02,
    3.63187073e+02, 1.91623291e+02, 3.65543152e+02, 2.18206253e+02,
    3.30115509e+02, 1.12601578e+02, 3.32602509e+02, 1.39540054e+02,
    3.35282043e+02, 1.66351364e+02, 3.38062714e+02, 1.92808426e+02,
    3.40641571e+02, 2.19413269e+02 ]
