%YAML:1.0
---
points: [ 2.80111023e+02, 1.93858887e+02, 2.78038116e+02, 2.05663498e+02,
    2.75829803e+02, 2.17745651e+02, 2.73716003e+02, 2.29950562e+02,
    2.71425415e+02, 2.42595398e+02, 2.67304230e+02, 1.91438873e+02,
    2.65116913e+02, 2.03225586e+02, 2.62775482e+02, 2.15269104e+02,
    2.60398193e+02, 2.27474304e+02, 2.57909088e+02, 2.40022705e+02,
    2.54678131e+02, 1.89110764e+02, 2.52192963e+02, 2.00824463e+02,
    2.49765701e+02, 2.12785507e+02, 2.47182007e+02, 2.24985168e+02,
    2.44467590e+02, 2.37455521e+02, 2.41926147e+02, 1.86731552e+02,
    2.39355331e+02, 1.98358170e+02, 2.36722931e+02, 2.10292725e+02,
    2.33936768e+02, 2.22509796e+02, 2.31088028e+02, 2.34890701e+02,
    2.29265427e+02, 1.84539490e+02, 2.26601410e+02, 1.95946548e+02,
    2.23605774e+02, 2.07864822e+02, 2.20750977e+02, 2.19977112e+02,
    2.17657532e+02, 2.32473602e+02, 2.16618942e+02, 1.82119354e+02,
    2.13697739e+02, 1.93567947e+02, 2.10654297e+02, 2.05292175e+02,
    2.07454636e+02, 2.17447098e+02, 2.04226318e+02, 2.29883896e+02,
    2.03973572e+02, 1.79656418e+02, 2.00927933e+02, 1.91069397e+02,
    1.97694046e+02, 2.02781921e+02, 1.94361984e+02, 2.14942261e+02,
    1.90922638e+02, 2.27382355e+02 ]
