%YAML:1.0
---
points: [ 8.10077698e+02, 1.70428177e+02, 8.37817871e+02, 2.44686264e+02,
    8.66944397e+02, 3.21892181e+02, 8.98130981e+02, 4.00615601e+02,
    9.30860535e+02, 4.83503357e+02, 7.25545349e+02, 1.65169418e+02,
    7.52677551e+02, 2.43542862e+02, 7.81173889e+02, 3.24539612e+02,
    8.11571228e+02, 4.07820404e+02, 8.44184082e+02, 4.94899841e+02,
    6.32020752e+02, 1.59784882e+02, 6.58393005e+02, 2.41914444e+02,
    6.86261292e+02, 3.27215881e+02, 7.15489563e+02, 4.15842346e+02,
    7.46793518e+02, 5.08390564e+02, 5.28458435e+02, 1.54433746e+02,
    5.53629272e+02, 2.39630966e+02, 5.80046814e+02, 3.30036469e+02,
    6.07812073e+02, 4.24416321e+02, 6.37741943e+02, 5.22942261e+02,
    4.13629364e+02, 1.49464676e+02, 4.36543610e+02, 2.38468033e+02,
    4.60781189e+02, 3.33659943e+02, 4.86378113e+02, 4.34002563e+02,
    5.13752686e+02, 5.40093567e+02, 2.86549713e+02, 1.43048065e+02,
    3.06130219e+02, 2.36926392e+02, 3.27101410e+02, 3.36379181e+02,
    3.49272186e+02, 4.44703094e+02, 3.73069885e+02, 5.58730591e+02,
    1.46161026e+02, 1.35411163e+02, 1.60750717e+02, 2.34839432e+02,
    1.77477264e+02, 3.41589539e+02, 1.95223541e+02, 4.56670074e+02,
    2.14867691e+02, 5.80478882e+02 ]
