%YAML:1.0
---
points: [ 1.24018890e+02, 2.03579346e+02, 1.23561241e+02, 2.11969421e+02,
    1.23348610e+02, 2.20371155e+02, 1.22944389e+02, 2.28866653e+02,
    1.22393341e+02, 2.37051041e+02, 1.14928925e+02, 2.03211227e+02,
    1.14637451e+02, 2.11737534e+02, 1.14351120e+02, 2.20032135e+02,
    1.13871887e+02, 2.28619125e+02, 1.13543564e+02, 2.36905075e+02,
    1.05925949e+02, 2.02822021e+02, 1.05572067e+02, 2.11393021e+02,
    1.05262611e+02, 2.19785858e+02, 1.04860931e+02, 2.28322769e+02,
    1.04459175e+02, 2.36751114e+02, 9.67552032e+01, 2.02578873e+02,
    9.64365921e+01, 2.10913452e+02, 9.60660248e+01, 2.19636887e+02,
    9.56937103e+01, 2.27932541e+02, 9.53711777e+01, 2.36700302e+02,
    8.69645920e+01, 2.02775116e+02, 8.69716263e+01, 2.09809982e+02,
    8.68793106e+01, 2.19212509e+02, 8.65855179e+01, 2.27794067e+02,
    8.62025528e+01, 2.36359039e+02, 7.83174362e+01, 2.01741226e+02,
    7.78802643e+01, 2.10244049e+02, 7.75429916e+01, 2.18922943e+02,
    7.72706375e+01, 2.27583832e+02, 7.68893127e+01, 2.36154190e+02,
    6.88967361e+01, 2.01228592e+02, 6.86042480e+01, 2.09909256e+02,
    6.82423630e+01, 2.18633652e+02, 6.78371201e+01, 2.27279800e+02,
    6.75890045e+01, 2.35814209e+02 ]
