%YAML:1.0
---
points: [ 1.23830338e+02, 2.03181656e+02, 1.23654037e+02, 2.11486893e+02,
    1.23513725e+02, 2.19703384e+02, 1.23268791e+02, 2.27804977e+02,
    1.23070496e+02, 2.36006653e+02, 1.15281990e+02, 2.02855469e+02,
    1.15051331e+02, 2.11315613e+02, 1.14723755e+02, 2.19687592e+02,
    1.14608772e+02, 2.27855438e+02, 1.14446144e+02, 2.36204895e+02,
    1.06520470e+02, 2.02718109e+02, 1.06217560e+02, 2.11126999e+02,
    1.05963692e+02, 2.19612610e+02, 1.05789513e+02, 2.27923431e+02,
    1.05567429e+02, 2.36487762e+02, 9.73900681e+01, 2.02446320e+02,
    9.72566757e+01, 2.10881409e+02, 9.69108276e+01, 2.19615341e+02,
    9.66710129e+01, 2.27951050e+02, 9.65430145e+01, 2.36580765e+02,
    8.72963104e+01, 2.02858795e+02, 8.74575882e+01, 2.09902435e+02,
    8.76875381e+01, 2.19548706e+02, 8.75214081e+01, 2.28037918e+02,
    8.72161331e+01, 2.36734985e+02, 7.91539917e+01, 2.01926514e+02,
    7.85674591e+01, 2.10656036e+02, 7.83059845e+01, 2.19443146e+02,
    7.79321976e+01, 2.28127838e+02, 7.77365723e+01, 2.36840256e+02,
    6.91003952e+01, 2.01572235e+02, 6.88972778e+01, 2.10472382e+02,
    6.87557831e+01, 2.19371780e+02, 6.85160751e+01, 2.28140305e+02,
    6.81742096e+01, 2.37011703e+02 ]
