%YAML:1.0
---
points: [ 5.28508545e+02, 5.18472107e+02, 5.27706360e+02, 5.42746338e+02,
    5.26807739e+02, 5.66922424e+02, 5.26056213e+02, 5.91290405e+02,
    5.25171875e+02, 6.15541016e+02, 5.02295837e+02, 5.17501343e+02,
    5.01459076e+02, 5.41971863e+02, 5.00543518e+02, 5.66535583e+02,
    4.99652771e+02, 5.91215942e+02, 4.98826202e+02, 6.15795044e+02,
    4.75402313e+02, 5.16455505e+02, 4.74488403e+02, 5.41285583e+02,
    4.73583466e+02, 5.66236328e+02, 4.72559387e+02, 5.91093750e+02,
    4.71682587e+02, 6.16026367e+02, 4.47704956e+02, 5.15250488e+02,
    4.46882416e+02, 5.40460571e+02, 4.45781250e+02, 5.65668152e+02,
    4.44917725e+02, 5.90966614e+02, 4.43995056e+02, 6.16257812e+02,
    4.19234131e+02, 5.14176270e+02, 4.18409210e+02, 5.39699219e+02,
    4.17520386e+02, 5.65437073e+02, 4.16573914e+02, 5.90852966e+02,
    4.15537598e+02, 6.16529846e+02, 3.90175598e+02, 5.13162720e+02,
    3.89382111e+02, 5.38961548e+02, 3.88342651e+02, 5.64988159e+02,
    3.87312653e+02, 5.90759705e+02, 3.86346313e+02, 6.16790955e+02,
    3.60362946e+02, 5.11899658e+02, 3.59544342e+02, 5.38297974e+02,
    3.58579346e+02, 5.64557373e+02, 3.57642181e+02, 5.90714722e+02,
    3.56478333e+02, 6.17129700e+02 ]
