%YAML:1.0
---
points: [ 3.19333405e+02, 2.24931366e+02, 3.10727478e+02, 2.35778275e+02,
    3.02056549e+02, 2.46645874e+02, 2.93319824e+02, 2.57702209e+02,
    2.84470001e+02, 2.68779419e+02, 3.08458466e+02, 2.15942627e+02,
    2.99783966e+02, 2.26809525e+02, 2.91051758e+02, 2.37623886e+02,
    2.82310638e+02, 2.48573669e+02, 2.73505066e+02, 2.59546661e+02,
    2.97658447e+02, 2.07217239e+02, 2.88952057e+02, 2.17904877e+02,
    2.80188690e+02, 2.28709976e+02, 2.71416931e+02, 2.39564285e+02,
    2.62493378e+02, 2.50467880e+02, 2.86901794e+02, 1.98350021e+02,
    2.78170349e+02, 2.09038040e+02, 2.69380249e+02, 2.19726547e+02,
    2.60498810e+02, 2.30543839e+02, 2.51611725e+02, 2.41364014e+02,
    2.76108490e+02, 1.89568283e+02, 2.67459717e+02, 2.00198425e+02,
    2.58587646e+02, 2.10775009e+02, 2.49687454e+02, 2.21579880e+02,
    2.40679504e+02, 2.32374268e+02, 2.65448883e+02, 1.80794708e+02,
    2.56675354e+02, 1.91297577e+02, 2.47819641e+02, 2.01890625e+02,
    2.38837097e+02, 2.12634598e+02, 2.29794098e+02, 2.23402664e+02,
    2.54739929e+02, 1.71929413e+02, 2.46008987e+02, 1.82507355e+02,
    2.37074219e+02, 1.92982620e+02, 2.28074478e+02, 2.03705215e+02,
    2.19036316e+02, 2.14453140e+02 ]
