%YAML:1.0
---
points: [ 1.30388965e+03, 1.59380905e+02, 1.26233240e+03, 2.46538452e+02,
    1.21738782e+03, 3.39596375e+02, 1.16668188e+03, 4.37152527e+02,
    1.11223938e+03, 5.42758667e+02, 1.20756519e+03, 1.84249466e+02,
    1.16679224e+03, 2.66111633e+02, 1.12225598e+03, 3.52129639e+02,
    1.07327722e+03, 4.42069244e+02, 1.01891254e+03, 5.37610535e+02,
    1.12564587e+03, 2.06250854e+02, 1.08544507e+03, 2.82490570e+02,
    1.04181079e+03, 3.62159058e+02, 9.94715454e+02, 4.45839874e+02,
    9.42303040e+02, 5.34206848e+02, 1.05521582e+03, 2.25418640e+02,
    1.01498767e+03, 2.96281830e+02, 9.72864502e+02, 3.71041138e+02,
    9.27191467e+02, 4.49331360e+02, 8.76524109e+02, 5.30786255e+02,
    9.94096069e+02, 2.42845932e+02, 9.54322632e+02, 3.08509979e+02,
    9.13062073e+02, 3.78470062e+02, 8.68840393e+02, 4.51617920e+02,
    8.20500610e+02, 5.28514587e+02, 9.38768372e+02, 2.56766663e+02,
    9.00484619e+02, 3.19154175e+02, 8.59290527e+02, 3.84016418e+02,
    8.17201416e+02, 4.53810638e+02, 7.70643738e+02, 5.25986389e+02,
    8.89447693e+02, 2.68297241e+02, 8.51838623e+02, 3.27515564e+02,
    8.12557495e+02, 3.89612701e+02, 7.71399780e+02, 4.55065887e+02,
    7.27510986e+02, 5.23828796e+02 ]
