%YAML:1.0
---
points: [ 2.79040924e+02, 1.98933182e+02, 2.77017242e+02, 2.08978058e+02,
    2.74725067e+02, 2.19345917e+02, 2.72300690e+02, 2.30031738e+02,
    2.69791718e+02, 2.41067902e+02, 2.66871124e+02, 1.98221161e+02,
    2.64537659e+02, 2.08180206e+02, 2.62080231e+02, 2.18552872e+02,
    2.59402710e+02, 2.29115158e+02, 2.56550476e+02, 2.40019958e+02,
    2.54829239e+02, 1.97619858e+02, 2.52303146e+02, 2.07551620e+02,
    2.49612381e+02, 2.17706360e+02, 2.46757599e+02, 2.28227753e+02,
    2.43671310e+02, 2.39056290e+02, 2.43122711e+02, 1.97062347e+02,
    2.40293869e+02, 2.06743546e+02, 2.37431625e+02, 2.16955292e+02,
    2.34310089e+02, 2.27305573e+02, 2.30992294e+02, 2.38089432e+02,
    2.31558136e+02, 1.96555695e+02, 2.28536774e+02, 2.06119141e+02,
    2.25295120e+02, 2.16119781e+02, 2.22102905e+02, 2.26484024e+02,
    2.18657349e+02, 2.37111588e+02, 2.20096664e+02, 1.96052780e+02,
    2.16848099e+02, 2.05443558e+02, 2.13545639e+02, 2.15212585e+02,
    2.10090683e+02, 2.25582031e+02, 2.06345154e+02, 2.36171158e+02,
    2.08843918e+02, 1.95273071e+02, 2.05487747e+02, 2.04648788e+02,
    2.01918671e+02, 2.14344513e+02, 1.98187164e+02, 2.24702377e+02,
    1.94369110e+02, 2.35266785e+02 ]
