%YAML:1.0
---
points: [ 7.28147705e+02, 5.04527054e+01, 7.67875122e+02, 2.12651215e+02,
    8.04003052e+02, 3.61128723e+02, 8.34807373e+02, 4.98616669e+02,
    8.63567261e+02, 6.27449341e+02, 5.94171082e+02, 8.56788940e+01,
    6.38537231e+02, 2.40164246e+02, 6.78288513e+02, 3.81970764e+02,
    7.12811401e+02, 5.13956299e+02, 7.43553833e+02, 6.38373962e+02,
    4.71967133e+02, 1.18733635e+02, 5.18056519e+02, 2.65296051e+02,
    5.60435486e+02, 4.01640503e+02, 5.98542053e+02, 5.28197571e+02,
    6.31917542e+02, 6.48189880e+02, 3.58992493e+02, 1.48977997e+02,
    4.05264893e+02, 2.89237671e+02, 4.50417450e+02, 4.19482361e+02,
    4.91270996e+02, 5.41557617e+02, 5.26821045e+02, 6.57199158e+02,
    2.56459442e+02, 1.77967239e+02, 3.02211731e+02, 3.11496399e+02,
    3.48012573e+02, 4.36722961e+02, 3.90811462e+02, 5.54077759e+02,
    4.29095428e+02, 6.65497009e+02, 1.59189667e+02, 2.04905045e+02,
    2.06576218e+02, 3.32747253e+02, 2.51447998e+02, 4.53448669e+02,
    2.96399475e+02, 5.66271667e+02, 3.36831543e+02, 6.73244812e+02,
    6.85690536e+01, 2.30118591e+02, 1.17014145e+02, 3.52695984e+02,
    1.63753265e+02, 4.68512817e+02, 2.08849426e+02, 5.77331970e+02,
    2.51926682e+02, 6.80445251e+02 ]
