%YAML:1.0
---
points: [ 1.34775940e+02, 1.99820236e+02, 1.30895660e+02, 2.10288605e+02,
    1.26733109e+02, 2.21061691e+02, 1.22206276e+02, 2.32260162e+02,
    1.17394554e+02, 2.43839218e+02, 1.22136765e+02, 1.99182587e+02,
    1.18052483e+02, 2.09609268e+02, 1.13572243e+02, 2.20548325e+02,
    1.08722130e+02, 2.31646805e+02, 1.03655693e+02, 2.43068710e+02,
    1.09559753e+02, 1.98624069e+02, 1.05216515e+02, 2.08954315e+02,
    1.00557381e+02, 2.19725113e+02, 9.55454483e+01, 2.30859207e+02,
    9.01138763e+01, 2.42346191e+02, 9.72292099e+01, 1.97917923e+02,
    9.25068817e+01, 2.08265610e+02, 8.76523361e+01, 2.19018845e+02,
    8.23313446e+01, 2.30102753e+02, 7.66724396e+01, 2.41567078e+02,
    8.49877396e+01, 1.97540665e+02, 7.99960709e+01, 2.07695465e+02,
    7.47920380e+01, 2.18287903e+02, 6.93138809e+01, 2.29423767e+02,
    6.37081528e+01, 2.40839081e+02, 7.28338699e+01, 1.96935059e+02,
    6.75970154e+01, 2.06927505e+02, 6.21521568e+01, 2.17602158e+02,
    5.62500000e+01, 2.28500000e+02, 5.07569504e+01, 2.39980606e+02,
    6.07649994e+01, 1.96120117e+02, 5.48102417e+01, 2.05955978e+02,
    4.98536720e+01, 2.16653564e+02, 4.41372681e+01, 2.27768723e+02,
    3.83630524e+01, 2.39026505e+02 ]
