%YAML:1.0
---
points: [ 5.02917358e+02, 1.95836884e+02, 5.02250061e+02, 2.06303741e+02,
    5.01437317e+02, 2.17255997e+02, 5.00807800e+02, 2.27682724e+02,
    5.00075775e+02, 2.38712967e+02, 4.91881683e+02, 1.95037582e+02,
    4.91121887e+02, 2.05883865e+02, 4.90511475e+02, 2.16525848e+02,
    4.89790527e+02, 2.27115448e+02, 4.88952881e+02, 2.37694885e+02,
    4.80730133e+02, 1.94685379e+02, 4.79995819e+02, 2.05279999e+02,
    4.79276215e+02, 2.15859451e+02, 4.78623199e+02, 2.26453522e+02,
    4.77839142e+02, 2.37153610e+02, 4.69472168e+02, 1.94031357e+02,
    4.68833099e+02, 2.04753662e+02, 4.68016541e+02, 2.15212967e+02,
    4.67437256e+02, 2.25884140e+02, 4.66720642e+02, 2.36356949e+02,
    4.58009186e+02, 1.93712158e+02, 4.57541077e+02, 2.04012497e+02,
    4.56827820e+02, 2.14732880e+02, 4.56066315e+02, 2.25156265e+02,
    4.55345490e+02, 2.35731094e+02, 4.46852631e+02, 1.93004089e+02,
    4.46235107e+02, 2.03634338e+02, 4.45675934e+02, 2.14107300e+02,
    4.44832825e+02, 2.24614746e+02, 4.44126068e+02, 2.34885834e+02,
    4.35647980e+02, 1.92783554e+02, 4.34978912e+02, 2.02950790e+02,
    4.34362488e+02, 2.13665237e+02, 4.33712250e+02, 2.23728943e+02,
    4.32815887e+02, 2.34293564e+02 ]
