%YAML:1.0
---
points: [ 9.47999146e+02, 1.48379333e+02, 9.38881897e+02, 2.71368958e+02,
    9.31198059e+02, 3.82825134e+02, 9.26016663e+02, 4.85634644e+02,
    9.21341248e+02, 5.80753601e+02, 8.55245361e+02, 1.48679337e+02,
    8.49903137e+02, 2.81146088e+02, 8.45822327e+02, 4.00455292e+02,
    8.43724426e+02, 5.09386871e+02, 8.42694519e+02, 6.10465637e+02,
    7.44778320e+02, 1.48516647e+02, 7.46076355e+02, 2.92229858e+02,
    7.47746399e+02, 4.20702576e+02, 7.48633850e+02, 5.36681274e+02,
    7.51284180e+02, 6.44152283e+02, 6.13032288e+02, 1.48251419e+02,
    6.23451233e+02, 3.05334198e+02, 6.31095703e+02, 4.44313171e+02,
    6.37824829e+02, 5.68821289e+02, 6.45244263e+02, 6.83121582e+02,
    4.52345032e+02, 1.48175293e+02, 4.73580658e+02, 3.20701599e+02,
    4.91100647e+02, 4.72449310e+02, 5.05708466e+02, 6.06573975e+02,
    5.19542053e+02, 7.28619080e+02, 2.55910751e+02, 1.49469391e+02,
    2.91065094e+02, 3.40595581e+02, 3.22064850e+02, 5.07269470e+02,
    3.47660767e+02, 6.52601562e+02, 3.71282074e+02, 7.82955261e+02,
    1.38962269e+01, 1.54097214e+02, 6.77207489e+01, 3.66697388e+02,
    1.16944427e+02, 5.49796387e+02, 1.58724945e+02, 7.08092224e+02,
    1.96103439e+02, 8.46224121e+02 ]
