%YAML:1.0
---
points: [ 7.70388031e+01, 3.20935333e+02, 7.74911499e+01, 3.33773254e+02,
    7.77852325e+01, 3.46274567e+02, 7.76434174e+01, 3.58956177e+02,
    7.79873962e+01, 3.71410522e+02, 6.66057434e+01, 3.19896881e+02,
    6.69598923e+01, 3.32368256e+02, 6.73737946e+01, 3.44842651e+02,
    6.77152023e+01, 3.57279297e+02, 6.75366364e+01, 3.69687469e+02,
    5.64817009e+01, 3.18615814e+02, 5.68624039e+01, 3.31183929e+02,
    5.74333000e+01, 3.43338135e+02, 5.74841385e+01, 3.55582306e+02,
    5.78993683e+01, 3.67742035e+02, 4.66572380e+01, 3.17507904e+02,
    4.69314880e+01, 3.29754272e+02, 4.75212059e+01, 3.41887543e+02,
    4.80928192e+01, 3.53838806e+02, 4.80868797e+01, 3.65946014e+02,
    3.72337265e+01, 3.16184875e+02, 3.76019859e+01, 3.28490417e+02,
    3.81152687e+01, 3.40223724e+02, 3.85760918e+01, 3.52280182e+02,
    3.93275185e+01, 3.63874634e+02, 2.79230690e+01, 3.15188568e+02,
    2.84114609e+01, 3.26957642e+02, 2.86829586e+01, 3.39000488e+02,
    2.97121239e+01, 3.50431244e+02, 2.98540096e+01, 3.62173218e+02,
    1.87911892e+01, 3.13739807e+02, 1.93076344e+01, 3.25749878e+02,
    1.99975071e+01, 3.37242462e+02, 2.06514778e+01, 3.48998566e+02,
    2.18344059e+01, 3.60135498e+02 ]
