%YAML:1.0
---
points: [ 3.58374847e+02, 8.67425720e+02, 3.58285370e+02, 9.05921265e+02,
    3.58221985e+02, 9.44152710e+02, 3.56680878e+02, 9.82559509e+02,
    3.55440826e+02, 1.02152197e+03, 3.26474335e+02, 8.64448669e+02,
    3.26718536e+02, 9.02286133e+02, 3.26693787e+02, 9.40039673e+02,
    3.25684113e+02, 9.78340820e+02, 3.24035950e+02, 1.01687543e+03,
    2.95767517e+02, 8.61195618e+02, 2.95952240e+02, 8.98583008e+02,
    2.95831787e+02, 9.36255371e+02, 2.95274628e+02, 9.74070862e+02,
    2.93639862e+02, 1.01207391e+03, 2.65511047e+02, 8.58089966e+02,
    2.65329926e+02, 8.95450867e+02, 2.65610260e+02, 9.32566406e+02,
    2.65262177e+02, 9.69689270e+02, 2.63804169e+02, 1.00736426e+03,
    2.36629837e+02, 8.54740967e+02, 2.35814285e+02, 8.91780396e+02,
    2.35866272e+02, 9.28687012e+02, 2.35697067e+02, 9.65441284e+02,
    2.35095474e+02, 1.00249316e+03, 2.07266205e+02, 8.51522400e+02,
    2.06831955e+02, 8.88352112e+02, 2.06376740e+02, 9.25065125e+02,
    2.06531464e+02, 9.61332153e+02, 2.06347000e+02, 9.97866699e+02,
    1.78192413e+02, 8.48839233e+02, 1.77841003e+02, 8.85309265e+02,
    1.77732727e+02, 9.21474304e+02, 1.77740585e+02, 9.57436523e+02,
    1.78201782e+02, 9.93405762e+02 ]
