%YAML:1.0
---
points: [ 4.63260254e+02, 8.33827942e+02, 4.64211060e+02, 8.67912903e+02,
    4.64931091e+02, 9.02097351e+02, 4.65548767e+02, 9.36531433e+02,
    4.66219849e+02, 9.71208252e+02, 4.24965607e+02, 8.38181030e+02,
    4.26187927e+02, 8.72423157e+02, 4.27079834e+02, 9.07093750e+02,
    4.27704071e+02, 9.41607971e+02, 4.28369934e+02, 9.76656433e+02,
    3.86292206e+02, 8.42470276e+02, 3.87255035e+02, 8.77107300e+02,
    3.88287811e+02, 9.11986877e+02, 3.89222931e+02, 9.46910706e+02,
    3.89869049e+02, 9.82066223e+02, 3.46668640e+02, 8.46463745e+02,
    3.47885101e+02, 8.81777100e+02, 3.48967834e+02, 9.16964905e+02,
    3.49803345e+02, 9.52139221e+02, 3.50448425e+02, 9.87699158e+02,
    3.06564453e+02, 8.50580322e+02, 3.07520264e+02, 8.86367798e+02,
    3.08722656e+02, 9.21964172e+02, 3.09734955e+02, 9.57459167e+02,
    3.10850067e+02, 9.93041809e+02, 2.65491974e+02, 8.55025024e+02,
    2.66611694e+02, 8.91215515e+02, 2.67662231e+02, 9.27306213e+02,
    2.69092041e+02, 9.62788269e+02, 2.70120758e+02, 9.98658997e+02,
    2.23618134e+02, 8.59534607e+02, 2.24847717e+02, 8.95967896e+02,
    2.26278305e+02, 9.32352783e+02, 2.27490234e+02, 9.68305908e+02,
    2.28803101e+02, 1.00436224e+03 ]
