%YAML:1.0
---
points: [ 1.17291821e+03, 1.43832825e+02, 1.20546338e+03, 2.61507294e+02,
    1.23722131e+03, 3.77182190e+02, 1.26584937e+03, 4.91800171e+02,
    1.29503650e+03, 6.05592896e+02, 1.10021912e+03, 1.89885437e+02,
    1.13091162e+03, 2.96810455e+02, 1.16010107e+03, 4.01947235e+02,
    1.18744519e+03, 5.06188599e+02, 1.21281628e+03, 6.10146606e+02,
    1.04066870e+03, 2.28415878e+02, 1.06852161e+03, 3.26228943e+02,
    1.09541064e+03, 4.22831848e+02, 1.12169653e+03, 5.18126099e+02,
    1.14553894e+03, 6.13534973e+02, 9.90094604e+02, 2.60669464e+02,
    1.01493866e+03, 3.51386658e+02, 1.04070605e+03, 4.40323669e+02,
    1.06560168e+03, 5.28441101e+02, 1.08803699e+03, 6.16636047e+02,
    9.47300110e+02, 2.88497955e+02, 9.69846008e+02, 3.72629211e+02,
    9.93787109e+02, 4.55355804e+02, 1.01746948e+03, 5.37146179e+02,
    1.03943005e+03, 6.18837158e+02, 9.08528625e+02, 3.12763489e+02,
    9.30580994e+02, 3.91180939e+02, 9.52187805e+02, 4.68549652e+02,
    9.75090393e+02, 5.44904602e+02, 9.96382507e+02, 6.21062195e+02,
    8.74339722e+02, 3.34016357e+02, 8.95542542e+02, 4.07385681e+02,
    9.16717102e+02, 4.80097809e+02, 9.37770020e+02, 5.51624573e+02,
    9.59015686e+02, 6.22966187e+02 ]
