%YAML:1.0
---
points: [ 3.77810059e+02, 1.82928238e+02, 3.86457733e+02, 1.91426163e+02,
    3.95297852e+02, 2.00160919e+02, 4.04245148e+02, 2.08891068e+02,
    4.13530762e+02, 2.17889694e+02, 3.68940735e+02, 1.90182831e+02,
    3.77493591e+02, 1.98863510e+02, 3.86280670e+02, 2.07650253e+02,
    3.95228302e+02, 2.16531723e+02, 4.04330597e+02, 2.25590683e+02,
    3.59954437e+02, 1.97568253e+02, 3.68522247e+02, 2.06324615e+02,
    3.77203278e+02, 2.15233017e+02, 3.86103394e+02, 2.24222244e+02,
    3.95238831e+02, 2.33378159e+02, 3.50910706e+02, 2.04948990e+02,
    3.59493011e+02, 2.13782166e+02, 3.68068970e+02, 2.22752441e+02,
    3.76924408e+02, 2.31927383e+02, 3.85916565e+02, 2.41205963e+02,
    3.41871216e+02, 2.12406723e+02, 3.50314056e+02, 2.21252228e+02,
    3.58925476e+02, 2.30420898e+02, 3.67679535e+02, 2.39687637e+02,
    3.76631195e+02, 2.49119583e+02, 3.32792694e+02, 2.19893723e+02,
    3.41197601e+02, 2.28871964e+02, 3.49726166e+02, 2.38000519e+02,
    3.58410370e+02, 2.47457169e+02, 3.67302002e+02, 2.56972656e+02,
    3.23708801e+02, 2.27388565e+02, 3.31995819e+02, 2.36411484e+02,
    3.40494934e+02, 2.45777863e+02, 3.49101410e+02, 2.55225113e+02,
    3.57876221e+02, 2.65054260e+02 ]
