%YAML:1.0
---
points: [ 1.08949463e+02, 3.09847260e+02, 1.09568146e+02, 3.21381317e+02,
    1.09960045e+02, 3.32775452e+02, 1.10407257e+02, 3.44249390e+02,
    1.10916000e+02, 3.55756134e+02, 9.66460114e+01, 3.11356476e+02,
    9.71792145e+01, 3.22825806e+02, 9.76272812e+01, 3.34346466e+02,
    9.83154602e+01, 3.45915314e+02, 9.86925125e+01, 3.57499664e+02,
    8.40244598e+01, 3.12787628e+02, 8.46270905e+01, 3.24263885e+02,
    8.52421036e+01, 3.35875824e+02, 8.57346954e+01, 3.47480713e+02,
    8.66790695e+01, 3.58911499e+02, 7.14615631e+01, 3.14044495e+02,
    7.20443573e+01, 3.25780579e+02, 7.26752548e+01, 3.37283997e+02,
    7.35837860e+01, 3.48851776e+02, 7.39525375e+01, 3.60603210e+02,
    5.86394882e+01, 3.15265961e+02, 5.93413582e+01, 3.27158386e+02,
    6.01424980e+01, 3.38686829e+02, 6.07516747e+01, 3.50356110e+02,
    6.18140144e+01, 3.61835876e+02, 4.58471451e+01, 3.16575836e+02,
    4.66267815e+01, 3.28321045e+02, 4.73513031e+01, 3.40185944e+02,
    4.84470367e+01, 3.51716248e+02, 4.91662598e+01, 3.63376892e+02,
    3.28708115e+01, 3.17699310e+02, 3.38075981e+01, 3.29749512e+02,
    3.48940582e+01, 3.41271851e+02, 3.56932373e+01, 3.53134796e+02,
    3.71792107e+01, 3.64283722e+02 ]
