%YAML:1.0
---
points: [ 4.73530304e+02, 1.94172592e+02, 4.70583862e+02, 2.06922546e+02,
    4.67495056e+02, 2.19506790e+02, 4.64679108e+02, 2.31588974e+02,
    4.61934967e+02, 2.43440140e+02, 4.57760834e+02, 1.93273148e+02,
    4.54902710e+02, 2.05992859e+02, 4.52218842e+02, 2.18374481e+02,
    4.49626617e+02, 2.30499710e+02, 4.47144989e+02, 2.42137833e+02,
    4.41815857e+02, 1.92462845e+02, 4.39307007e+02, 2.04958817e+02,
    4.36892761e+02, 2.17376770e+02, 4.34635620e+02, 2.29240646e+02,
    4.32390869e+02, 2.40908478e+02, 4.26133301e+02, 1.91496368e+02,
    4.23897614e+02, 2.04208237e+02, 4.21862579e+02, 2.16309021e+02,
    4.19756653e+02, 2.28024506e+02, 4.17739838e+02, 2.39558990e+02,
    4.10472870e+02, 1.90663254e+02, 4.08718323e+02, 2.03291016e+02,
    4.06886414e+02, 2.15322189e+02, 4.05011780e+02, 2.26897263e+02,
    4.03321777e+02, 2.38356812e+02, 3.95236359e+02, 1.89829086e+02,
    3.93648865e+02, 2.02377350e+02, 3.92135956e+02, 2.14511719e+02,
    3.90565735e+02, 2.25888306e+02, 3.89124725e+02, 2.37070404e+02,
    3.80166748e+02, 1.89246979e+02, 3.78892792e+02, 2.01619507e+02,
    3.77631653e+02, 2.13519211e+02, 3.76364929e+02, 2.24856827e+02,
    3.75192383e+02, 2.35840240e+02 ]
