%YAML:1.0
---
points: [ 8.31121643e+02, 8.74071411e+02, 8.33140930e+02, 9.14396057e+02,
    8.35102051e+02, 9.55072266e+02, 8.36687927e+02, 9.96408142e+02,
    8.38187683e+02, 1.03782715e+03, 7.92123596e+02, 8.74960388e+02,
    7.94262207e+02, 9.15121826e+02, 7.96344177e+02, 9.55533630e+02,
    7.97629150e+02, 9.96613037e+02, 7.98851135e+02, 1.03818652e+03,
    7.53777527e+02, 8.75895630e+02, 7.55649109e+02, 9.16125000e+02,
    7.57545959e+02, 9.56330933e+02, 7.59175720e+02, 9.96831299e+02,
    7.60273743e+02, 1.03817249e+03, 7.15676636e+02, 8.76745178e+02,
    7.17384949e+02, 9.16864685e+02, 7.19302490e+02, 9.56737976e+02,
    7.20965515e+02, 9.97265808e+02, 7.21979492e+02, 1.03822229e+03,
    6.77831177e+02, 8.77566467e+02, 6.79543579e+02, 9.17653564e+02,
    6.81239990e+02, 9.57495544e+02, 6.82623108e+02, 9.97489014e+02,
    6.84307739e+02, 1.03796851e+03, 6.40212646e+02, 8.78764893e+02,
    6.41774841e+02, 9.18450806e+02, 6.43148132e+02, 9.58511841e+02,
    6.44785645e+02, 9.98102600e+02, 6.46274292e+02, 1.03816528e+03,
    6.02407104e+02, 8.79948853e+02, 6.03848572e+02, 9.19476440e+02,
    6.05596008e+02, 9.59163025e+02, 6.07264038e+02, 9.98569885e+02,
    6.08913025e+02, 1.03823169e+03 ]
