%YAML:1.0
---
points: [ 2.36499481e+02, 3.22890503e+02, 2.37426300e+02, 3.36605865e+02,
    2.38279831e+02, 3.50254395e+02, 2.38999161e+02, 3.64245056e+02,
    2.39802429e+02, 3.78017853e+02, 2.23298981e+02, 3.23260101e+02,
    2.24122513e+02, 3.36917175e+02, 2.24867355e+02, 3.50552521e+02,
    2.25744339e+02, 3.64380463e+02, 2.26287430e+02, 3.78096527e+02,
    2.10122421e+02, 3.23707428e+02, 2.10941147e+02, 3.37197754e+02,
    2.11790970e+02, 3.50882233e+02, 2.12586929e+02, 3.64453491e+02,
    2.13271927e+02, 3.78191284e+02, 1.97201843e+02, 3.24080627e+02,
    1.97888138e+02, 3.37685028e+02, 1.98760666e+02, 3.51108002e+02,
    1.99557755e+02, 3.64614471e+02, 2.00021851e+02, 3.78318665e+02,
    1.84361282e+02, 3.24402222e+02, 1.85050171e+02, 3.37912933e+02,
    1.85784988e+02, 3.51310394e+02, 1.86599411e+02, 3.64768372e+02,
    1.87511230e+02, 3.78037292e+02, 1.71581543e+02, 3.24887787e+02,
    1.72305984e+02, 3.38191315e+02, 1.72879990e+02, 3.51709503e+02,
    1.73738617e+02, 3.64939880e+02, 1.74413330e+02, 3.78080505e+02,
    1.58701492e+02, 3.25204071e+02, 1.59479446e+02, 3.38556580e+02,
    1.60246521e+02, 3.51961029e+02, 1.61026810e+02, 3.65080933e+02,
    1.61952103e+02, 3.78142334e+02 ]
