%YAML:1.0
---
points: [ 1.69680188e+03, 5.29374939e+02, 1.62040955e+03, 6.06522461e+02,
    1.55136450e+03, 6.75630249e+02, 1.48890613e+03, 7.39726807e+02,
    1.43181445e+03, 7.98135071e+02, 1.59681201e+03, 4.75802826e+02,
    1.52578223e+03, 5.54528870e+02, 1.46175891e+03, 6.25745178e+02,
    1.40392285e+03, 6.90915161e+02, 1.35109912e+03, 7.51375549e+02,
    1.49813904e+03, 4.22666016e+02, 1.43260583e+03, 5.04102142e+02,
    1.37383228e+03, 5.77315857e+02, 1.32059143e+03, 6.43328735e+02,
    1.27208252e+03, 7.04696350e+02, 1.40146008e+03, 3.71388275e+02,
    1.34161182e+03, 4.55161255e+02, 1.28789246e+03, 5.29646423e+02,
    1.23945544e+03, 5.96817566e+02, 1.19485974e+03, 6.59536011e+02,
    1.30735400e+03, 3.20979431e+02, 1.25273120e+03, 4.06704498e+02,
    1.20419556e+03, 4.83046753e+02, 1.16026843e+03, 5.51524048e+02,
    1.11987500e+03, 6.14796875e+02, 1.21519189e+03, 2.72284576e+02,
    1.16620471e+03, 3.59396820e+02, 1.12199524e+03, 4.37535828e+02,
    1.08273047e+03, 5.07296844e+02, 1.04634644e+03, 5.71649048e+02,
    1.12538525e+03, 2.24471024e+02, 1.08158582e+03, 3.13092590e+02,
    1.04237720e+03, 3.92509521e+02, 1.00680371e+03, 4.64045685e+02,
    9.74539246e+02, 5.29170288e+02 ]
