%YAML:1.0
---
points: [ 2.36713776e+02, 3.13732452e+02, 2.38038956e+02, 3.26330719e+02,
    2.39301773e+02, 3.39081482e+02, 2.40730530e+02, 3.51926727e+02,
    2.42186172e+02, 3.64994171e+02, 2.25456207e+02, 3.15924774e+02,
    2.26619598e+02, 3.28754974e+02, 2.27822617e+02, 3.41689178e+02,
    2.29270325e+02, 3.54743469e+02, 2.30621323e+02, 3.67959656e+02,
    2.13622147e+02, 3.18337677e+02, 2.14809418e+02, 3.31312317e+02,
    2.16073425e+02, 3.44388916e+02, 2.17269058e+02, 3.57712128e+02,
    2.18852524e+02, 3.70878723e+02, 2.01552155e+02, 3.20689514e+02,
    2.02713470e+02, 3.33900024e+02, 2.03822021e+02, 3.47205292e+02,
    2.05170181e+02, 3.60718262e+02, 2.06350388e+02, 3.74200500e+02,
    1.88928391e+02, 3.23148438e+02, 1.90201431e+02, 3.36605225e+02,
    1.91355545e+02, 3.50115936e+02, 1.92502792e+02, 3.63734711e+02,
    1.93830307e+02, 3.77376099e+02, 1.76065475e+02, 3.25679535e+02,
    1.77230515e+02, 3.39374054e+02, 1.78445770e+02, 3.53185120e+02,
    1.79610840e+02, 3.67062836e+02, 1.80650574e+02, 3.80752594e+02,
    1.62666016e+02, 3.28482666e+02, 1.63853165e+02, 3.42281128e+02,
    1.65092056e+02, 3.56272797e+02, 1.66164886e+02, 3.70302124e+02,
    1.67606827e+02, 3.83911835e+02 ]
