%YAML:1.0
---
points: [ 6.38679626e+02, 4.79742645e+02, 7.19322083e+02, 5.07330414e+02,
    7.98673035e+02, 5.34525696e+02, 8.76456787e+02, 5.62560852e+02,
    9.53643066e+02, 5.90592773e+02, 6.21516541e+02, 5.52379700e+02,
    7.00210083e+02, 5.78325928e+02, 7.77415527e+02, 6.04436951e+02,
    8.53206848e+02, 6.31148071e+02, 9.28327820e+02, 6.58615662e+02,
    6.05449280e+02, 6.20452576e+02, 6.81619202e+02, 6.45679138e+02,
    7.56833008e+02, 6.70921631e+02, 8.31174683e+02, 6.96137451e+02,
    9.04257080e+02, 7.22735779e+02, 5.89967041e+02, 6.85181824e+02,
    6.63715759e+02, 7.10023254e+02, 7.37420410e+02, 7.34111328e+02,
    8.09972595e+02, 7.58043884e+02, 8.81456238e+02, 7.83626099e+02,
    5.75486755e+02, 7.46055603e+02, 6.47131409e+02, 7.70727295e+02,
    7.18723511e+02, 7.94214844e+02, 7.89874695e+02, 8.16932373e+02,
    8.59968811e+02, 8.40773743e+02, 5.61040222e+02, 8.05043640e+02,
    6.31311890e+02, 8.28554932e+02, 7.01076355e+02, 8.51819458e+02,
    7.70546692e+02, 8.73650635e+02, 8.39165771e+02, 8.96656799e+02,
    5.47180542e+02, 8.61405518e+02, 6.15977173e+02, 8.83900024e+02,
    6.84205566e+02, 9.06244385e+02, 7.52084229e+02, 9.27963318e+02,
    8.19422119e+02, 9.49501221e+02 ]
