%YAML:1.0
---
points: [ 8.38729248e+02, 8.46874084e+02, 8.41983704e+02, 8.84222717e+02,
    8.44814270e+02, 9.21820862e+02, 8.48473450e+02, 9.59811401e+02,
    8.51803223e+02, 9.98453613e+02, 8.04177185e+02, 8.53530640e+02,
    8.06927429e+02, 8.91353699e+02, 8.10222595e+02, 9.29375183e+02,
    8.13236877e+02, 9.68191772e+02, 8.16793030e+02, 1.00741388e+03,
    7.68512756e+02, 8.60237122e+02, 7.71232971e+02, 8.98453186e+02,
    7.74095764e+02, 9.37434448e+02, 7.76983398e+02, 9.76643555e+02,
    7.80487854e+02, 1.01664801e+03, 7.31507385e+02, 8.66813416e+02,
    7.34106262e+02, 9.06365540e+02, 7.36813599e+02, 9.45463684e+02,
    7.39735352e+02, 9.85508423e+02, 7.43043396e+02, 1.02596667e+03,
    6.92860046e+02, 8.74275085e+02, 6.95831970e+02, 9.13774597e+02,
    6.98426514e+02, 9.54219971e+02, 7.01350037e+02, 9.94471802e+02,
    7.03981445e+02, 1.03548535e+03, 6.53536438e+02, 8.81535889e+02,
    6.56081604e+02, 9.22233887e+02, 6.58995300e+02, 9.62851990e+02,
    6.61291870e+02, 1.00394202e+03, 6.64176208e+02, 1.04552966e+03,
    6.12768066e+02, 8.89329407e+02, 6.15430481e+02, 9.30443909e+02,
    6.17797607e+02, 9.71896667e+02, 6.20399780e+02, 1.01370850e+03,
    6.22796326e+02, 1.05569861e+03 ]
