%YAML:1.0
---
points: [ 2.40098755e+02, 3.21449738e+02, 2.40030991e+02, 3.35401367e+02,
    2.39934387e+02, 3.49247314e+02, 2.39621750e+02, 3.63400696e+02,
    2.39290466e+02, 3.77610077e+02, 2.28885757e+02, 3.20488342e+02,
    2.28842499e+02, 3.34096283e+02, 2.28698807e+02, 3.47763611e+02,
    2.28355774e+02, 3.61627899e+02, 2.27724319e+02, 3.75488495e+02,
    2.18144958e+02, 3.19371521e+02, 2.17974548e+02, 3.32736603e+02,
    2.17804169e+02, 3.46247375e+02, 2.17458466e+02, 3.59802643e+02,
    2.16875046e+02, 3.73483398e+02, 2.07783661e+02, 3.18397430e+02,
    2.07563553e+02, 3.31546722e+02, 2.07258835e+02, 3.44738037e+02,
    2.06972839e+02, 3.58046448e+02, 2.06167297e+02, 3.71407013e+02,
    1.97730530e+02, 3.17452637e+02, 1.97434097e+02, 3.30287598e+02,
    1.97003448e+02, 3.43278229e+02, 1.96629150e+02, 3.56367401e+02,
    1.96139374e+02, 3.69639313e+02, 1.87911484e+02, 3.16431793e+02,
    1.87555557e+02, 3.29197510e+02, 1.86867447e+02, 3.41949310e+02,
    1.86732437e+02, 3.54772583e+02, 1.86122192e+02, 3.67771088e+02,
    1.78272507e+02, 3.15641998e+02, 1.77763824e+02, 3.28135834e+02,
    1.77450714e+02, 3.40684631e+02, 1.76892975e+02, 3.53329803e+02,
    1.76717484e+02, 3.65974060e+02 ]
