%YAML:1.0
---
points: [ 2.92395660e+02, 1.84833206e+02, 2.92003937e+02, 1.92894760e+02,
    2.91790131e+02, 2.00880081e+02, 2.91582520e+02, 2.08876022e+02,
    2.91240753e+02, 2.16928665e+02, 2.84281616e+02, 1.84615921e+02,
    2.83961731e+02, 1.92712234e+02, 2.83818024e+02, 2.00718964e+02,
    2.83616119e+02, 2.08665894e+02, 2.83317200e+02, 2.16732285e+02,
    2.76306549e+02, 1.84533264e+02, 2.75941956e+02, 1.92533096e+02,
    2.75771423e+02, 2.00472595e+02, 2.75599457e+02, 2.08436493e+02,
    2.75231171e+02, 2.16421509e+02, 2.68314453e+02, 1.84250366e+02,
    2.68038788e+02, 1.92201797e+02, 2.67813782e+02, 2.00200653e+02,
    2.67680298e+02, 2.08103699e+02, 2.67350983e+02, 2.16091095e+02,
    2.60387909e+02, 1.83985641e+02, 2.60094574e+02, 1.91972763e+02,
    2.59778229e+02, 1.99888016e+02, 2.59680237e+02, 2.07926285e+02,
    2.59403168e+02, 2.15795166e+02, 2.52508408e+02, 1.83734360e+02,
    2.52175476e+02, 1.91768478e+02, 2.51935852e+02, 1.99795944e+02,
    2.51717819e+02, 2.07696167e+02, 2.51517807e+02, 2.15572647e+02,
    2.44581085e+02, 1.83640198e+02, 2.44272141e+02, 1.91614609e+02,
    2.44038559e+02, 1.99512665e+02, 2.43767639e+02, 2.07516571e+02,
    2.43629135e+02, 2.15323517e+02 ]
