%YAML:1.0
---
points: [ 2.90777863e+02, 1.92542007e+02, 2.90778473e+02, 1.99982727e+02,
    2.90725250e+02, 2.07313538e+02, 2.90701965e+02, 2.14580505e+02,
    2.90715790e+02, 2.21632065e+02, 2.81956573e+02, 1.92974457e+02,
    2.82140930e+02, 2.00419342e+02, 2.82273224e+02, 2.07713821e+02,
    2.82384857e+02, 2.14851364e+02, 2.82468964e+02, 2.21916962e+02,
    2.73415009e+02, 1.93380463e+02, 2.73623779e+02, 2.00821350e+02,
    2.73792755e+02, 2.08061279e+02, 2.73904846e+02, 2.15089355e+02,
    2.74182770e+02, 2.22259109e+02, 2.64747650e+02, 1.93726334e+02,
    2.64993103e+02, 2.01237473e+02, 2.65358307e+02, 2.08557983e+02,
    2.65693054e+02, 2.15600052e+02, 2.65857086e+02, 2.22661591e+02,
    2.56115387e+02, 1.94035751e+02, 2.56538757e+02, 2.01658279e+02,
    2.56916412e+02, 2.08852402e+02, 2.57303680e+02, 2.15858353e+02,
    2.57691681e+02, 2.22790359e+02, 2.47460892e+02, 1.94527405e+02,
    2.47996521e+02, 2.01938797e+02, 2.48507034e+02, 2.09317657e+02,
    2.48950562e+02, 2.16227478e+02, 2.49460007e+02, 2.23087128e+02,
    2.38839813e+02, 1.94866440e+02, 2.39459106e+02, 2.02435333e+02,
    2.40150330e+02, 2.09688324e+02, 2.40697876e+02, 2.16727768e+02,
    2.41230362e+02, 2.23563660e+02 ]
