%YAML:1.0
---
points: [ 1.45303271e+03, 8.40821777e+02, 1.45640149e+03, 8.76567688e+02,
    1.45962219e+03, 9.12382080e+02, 1.46368445e+03, 9.48564453e+02,
    1.46749915e+03, 9.84943787e+02, 1.41862170e+03, 8.43636108e+02,
    1.42207788e+03, 8.79370117e+02, 1.42534387e+03, 9.14852112e+02,
    1.42899756e+03, 9.51133362e+02, 1.43295618e+03, 9.87683105e+02,
    1.38424268e+03, 8.45924194e+02, 1.38738562e+03, 8.81743652e+02,
    1.39076208e+03, 9.17551453e+02, 1.39443530e+03, 9.53846802e+02,
    1.39818140e+03, 9.90498230e+02, 1.34950989e+03, 8.48460144e+02,
    1.35316040e+03, 8.84463501e+02, 1.35614966e+03, 9.20070984e+02,
    1.35950134e+03, 9.56459473e+02, 1.36340552e+03, 9.93031555e+02,
    1.31463086e+03, 8.50609192e+02, 1.31807190e+03, 8.86790894e+02,
    1.32149597e+03, 9.22748169e+02, 1.32454419e+03, 9.59031921e+02,
    1.32816455e+03, 9.95536255e+02, 1.28010535e+03, 8.53325134e+02,
    1.28349231e+03, 8.89424683e+02, 1.28667786e+03, 9.25547180e+02,
    1.28994104e+03, 9.61617737e+02, 1.29291064e+03, 9.98303223e+02,
    1.24540295e+03, 8.55694641e+02, 1.24878503e+03, 8.91928345e+02,
    1.25213953e+03, 9.28456116e+02, 1.25507715e+03, 9.64587769e+02,
    1.25814771e+03, 1.00113519e+03 ]
