%YAML:1.0
---
points: [ 1.50995251e+03, 8.77622009e+02, 1.50365649e+03, 9.14724121e+02,
    1.49732617e+03, 9.52226929e+02, 1.49049243e+03, 9.89646851e+02,
    1.48334766e+03, 1.02732117e+03, 1.47230078e+03, 8.65783997e+02,
    1.46639307e+03, 9.02206116e+02, 1.46018604e+03, 9.38501221e+02,
    1.45348486e+03, 9.75038147e+02, 1.44630090e+03, 1.01171161e+03,
    1.43661511e+03, 8.54656494e+02, 1.43067480e+03, 8.90065674e+02,
    1.42458008e+03, 9.25481934e+02, 1.41825708e+03, 9.61033813e+02,
    1.41129810e+03, 9.96850098e+02, 1.40252783e+03, 8.43844910e+02,
    1.39651733e+03, 8.78398315e+02, 1.39091284e+03, 9.13029236e+02,
    1.38461414e+03, 9.47666870e+02, 1.37766919e+03, 9.82607605e+02,
    1.37038196e+03, 8.33593262e+02, 1.36433301e+03, 8.67296509e+02,
    1.35855005e+03, 9.01097351e+02, 1.35254272e+03, 9.34901733e+02,
    1.34612402e+03, 9.69087952e+02, 1.33924438e+03, 8.23704834e+02,
    1.33337500e+03, 8.56640442e+02, 1.32742590e+03, 8.89680603e+02,
    1.32162903e+03, 9.22693176e+02, 1.31548669e+03, 9.56066467e+02,
    1.30931836e+03, 8.14428528e+02, 1.30351086e+03, 8.46452454e+02,
    1.29765564e+03, 8.78606079e+02, 1.29197498e+03, 9.11066711e+02,
    1.28639111e+03, 9.43490295e+02 ]
