%YAML:1.0
---
points: [ 4.62932648e+02, 3.20507965e+02, 4.60796967e+02, 3.32725250e+02,
    4.58486877e+02, 3.45205933e+02, 4.55861938e+02, 3.57248077e+02,
    4.53312561e+02, 3.69643616e+02, 4.50439667e+02, 3.17037170e+02,
    4.48469208e+02, 3.29217041e+02, 4.46278809e+02, 3.41197754e+02,
    4.43879120e+02, 3.53322113e+02, 4.41257538e+02, 3.65195770e+02,
    4.38386261e+02, 3.13811188e+02, 4.36429962e+02, 3.25536713e+02,
    4.34346069e+02, 3.37461212e+02, 4.32122467e+02, 3.49113678e+02,
    4.29704071e+02, 3.61077026e+02, 4.26848633e+02, 3.10423004e+02,
    4.24821075e+02, 3.22078735e+02, 4.22854492e+02, 3.33658844e+02,
    4.20802643e+02, 3.45254791e+02, 4.18238190e+02, 3.56723846e+02,
    4.15749146e+02, 3.07299072e+02, 4.13730103e+02, 3.18656921e+02,
    4.11720947e+02, 3.30043213e+02, 4.09700256e+02, 3.41279724e+02,
    4.07493408e+02, 3.52725739e+02, 4.04861420e+02, 3.04179596e+02,
    4.02923248e+02, 3.15348358e+02, 4.00901703e+02, 3.26448700e+02,
    3.99038910e+02, 3.37566101e+02, 3.96899170e+02, 3.48641205e+02,
    3.94388519e+02, 3.01226776e+02, 3.92517303e+02, 3.12103668e+02,
    3.90639923e+02, 3.22983368e+02, 3.88743195e+02, 3.33949860e+02,
    3.86892822e+02, 3.44789124e+02 ]
