%YAML:1.0
---
points: [ 2.69655792e+02, 1.99561371e+02, 2.70485626e+02, 2.07709885e+02,
    2.71350494e+02, 2.16111206e+02, 2.72281250e+02, 2.24584961e+02,
    2.73317322e+02, 2.33472580e+02, 2.59849762e+02, 1.98145248e+02,
    2.60497314e+02, 2.06363266e+02, 2.61206421e+02, 2.14865448e+02,
    2.62006104e+02, 2.23417023e+02, 2.62837341e+02, 2.32261490e+02,
    2.49805389e+02, 1.96732666e+02, 2.50355576e+02, 2.05065735e+02,
    2.50857162e+02, 2.13536026e+02, 2.51477570e+02, 2.22281647e+02,
    2.52084534e+02, 2.31161362e+02, 2.39737518e+02, 1.95416611e+02,
    2.40099884e+02, 2.03663391e+02, 2.40446976e+02, 2.12186493e+02,
    2.40703278e+02, 2.21027466e+02, 2.41251877e+02, 2.29971268e+02,
    2.29418365e+02, 1.94181839e+02, 2.29668869e+02, 2.02289429e+02,
    2.29724045e+02, 2.10864151e+02, 2.29981400e+02, 2.19759781e+02,
    2.30110901e+02, 2.28893631e+02, 2.19081268e+02, 1.92645828e+02,
    2.19067719e+02, 2.00890472e+02, 2.19112701e+02, 2.09418930e+02,
    2.18927856e+02, 2.18387909e+02, 2.18867447e+02, 2.27596069e+02,
    2.08459396e+02, 1.91087784e+02, 2.08369186e+02, 1.99339706e+02,
    2.08123306e+02, 2.08090179e+02, 2.07793808e+02, 2.17010513e+02,
    2.07428864e+02, 2.26356400e+02 ]
