%YAML:1.0
---
points: [ 4.92617706e+02, 3.17101654e+02, 4.92083984e+02, 3.29077576e+02,
    4.91896271e+02, 3.41793640e+02, 4.91186890e+02, 3.53599487e+02,
    4.90829163e+02, 3.66406708e+02, 4.81357300e+02, 3.16884033e+02,
    4.81067657e+02, 3.29396942e+02, 4.80658508e+02, 3.41725861e+02,
    4.80395233e+02, 3.54370605e+02, 4.79701324e+02, 3.66534485e+02,
    4.69643494e+02, 3.17071075e+02, 4.69519348e+02, 3.29454468e+02,
    4.69220367e+02, 3.42145020e+02, 4.68721161e+02, 3.54514343e+02,
    4.68754425e+02, 3.67190613e+02, 4.57842773e+02, 3.16751770e+02,
    4.57839020e+02, 3.29615509e+02, 4.57472260e+02, 3.41877960e+02,
    4.57250153e+02, 3.54794220e+02, 4.56794037e+02, 3.67176117e+02,
    4.45786072e+02, 3.16695221e+02, 4.45787384e+02, 3.29416626e+02,
    4.45633728e+02, 3.42080536e+02, 4.45196228e+02, 3.54755005e+02,
    4.45035126e+02, 3.67620941e+02, 4.33668121e+02, 3.16382385e+02,
    4.33717133e+02, 3.29195618e+02, 4.33633026e+02, 3.41969177e+02,
    4.33336700e+02, 3.54736450e+02, 4.32844086e+02, 3.67561157e+02,
    4.21415070e+02, 3.16193115e+02, 4.21420380e+02, 3.28905029e+02,
    4.21365845e+02, 3.41947083e+02, 4.20919037e+02, 3.54734650e+02,
    4.20826813e+02, 3.67527161e+02 ]
