%YAML:1.0
---
points: [ 1.60529541e+03, 8.71022583e+02, 1.60550378e+03, 9.09321411e+02,
    1.60555505e+03, 9.47639587e+02, 1.60640112e+03, 9.86533325e+02,
    1.60710327e+03, 1.02587048e+03, 1.56839233e+03, 8.69502319e+02,
    1.56834961e+03, 9.07680908e+02, 1.56838379e+03, 9.46022827e+02,
    1.56888611e+03, 9.85161682e+02, 1.56978784e+03, 1.02443982e+03,
    1.53108447e+03, 8.67707214e+02, 1.53098975e+03, 9.06088745e+02,
    1.53114075e+03, 9.44481689e+02, 1.53138403e+03, 9.83407288e+02,
    1.53200110e+03, 1.02282043e+03, 1.49349219e+03, 8.65767578e+02,
    1.49384070e+03, 9.04271118e+02, 1.49353101e+03, 9.42756958e+02,
    1.49382446e+03, 9.81656860e+02, 1.49442090e+03, 1.02126660e+03,
    1.45564001e+03, 8.64063354e+02, 1.45600623e+03, 9.02491272e+02,
    1.45596252e+03, 9.40930054e+02, 1.45586438e+03, 9.80051941e+02,
    1.45610938e+03, 1.01908691e+03, 1.41838281e+03, 8.61989685e+02,
    1.41853833e+03, 9.00690918e+02, 1.41871619e+03, 9.39472595e+02,
    1.41847034e+03, 9.78191345e+02, 1.41837671e+03, 1.01748358e+03,
    1.38128699e+03, 8.60377930e+02, 1.38131604e+03, 8.98697693e+02,
    1.38127441e+03, 9.37772034e+02, 1.38084497e+03, 9.76522400e+02,
    1.38053625e+03, 1.01571246e+03 ]
