%YAML:1.0
---
points: [ 4.96761292e+02, 3.18183258e+02, 4.94956451e+02, 3.30186676e+02,
    4.93203369e+02, 3.42581024e+02, 4.90937622e+02, 3.54321045e+02,
    4.89004791e+02, 3.67070557e+02, 4.84128021e+02, 3.15569031e+02,
    4.82537720e+02, 3.27760254e+02, 4.80733337e+02, 3.39679291e+02,
    4.78853577e+02, 3.51801666e+02, 4.76493835e+02, 3.63655548e+02,
    4.71713501e+02, 3.13452820e+02, 4.70194519e+02, 3.25103729e+02,
    4.68452393e+02, 3.37095276e+02, 4.66584229e+02, 3.48818878e+02,
    4.64581116e+02, 3.60753571e+02, 4.59662903e+02, 3.10906036e+02,
    4.58079620e+02, 3.22555084e+02, 4.56436401e+02, 3.34107452e+02,
    4.54694855e+02, 3.45913757e+02, 4.52619843e+02, 3.57444763e+02,
    4.47904938e+02, 3.08491241e+02, 4.46308594e+02, 3.20019775e+02,
    4.44707214e+02, 3.31443726e+02, 4.42996338e+02, 3.42812073e+02,
    4.41217133e+02, 3.54450836e+02, 4.36360992e+02, 3.06138153e+02,
    4.34770203e+02, 3.17375763e+02, 4.33176666e+02, 3.28650146e+02,
    4.31618530e+02, 3.39980194e+02, 4.29778595e+02, 3.51167572e+02,
    4.25190308e+02, 3.03897186e+02, 4.23561646e+02, 3.14881317e+02,
    4.22012360e+02, 3.25919159e+02, 4.20457886e+02, 3.37021790e+02,
    4.18871521e+02, 3.48157257e+02 ]
