%YAML:1.0
---
points: [ 1.62016516e+03, 8.75388062e+02, 1.61564172e+03, 9.12842712e+02,
    1.61105566e+03, 9.50694885e+02, 1.60585815e+03, 9.88762329e+02,
    1.60050928e+03, 1.02740308e+03, 1.57942932e+03, 8.65843567e+02,
    1.57513477e+03, 9.02609924e+02, 1.57050562e+03, 9.39464966e+02,
    1.56542383e+03, 9.76664246e+02, 1.55974548e+03, 1.01428351e+03,
    1.54070825e+03, 8.56868408e+02, 1.53637402e+03, 8.92609863e+02,
    1.53168152e+03, 9.28806763e+02, 1.52670288e+03, 9.65228210e+02,
    1.52141138e+03, 1.00181372e+03, 1.50357849e+03, 8.48386719e+02,
    1.49923450e+03, 8.83341797e+02, 1.49466992e+03, 9.18420593e+02,
    1.48964746e+03, 9.53989990e+02, 1.48424707e+03, 9.89835205e+02,
    1.46851208e+03, 8.39910461e+02, 1.46354480e+03, 8.74204956e+02,
    1.45892883e+03, 9.08528381e+02, 1.45396948e+03, 9.43253174e+02,
    1.44886316e+03, 9.78255188e+02, 1.43400989e+03, 8.31947266e+02,
    1.42940271e+03, 8.65263977e+02, 1.42456396e+03, 8.98749756e+02,
    1.41985767e+03, 9.32685791e+02, 1.41476355e+03, 9.66869629e+02,
    1.40138574e+03, 8.24148560e+02, 1.39658838e+03, 8.56611633e+02,
    1.39165063e+03, 8.89547607e+02, 1.38687573e+03, 9.22756592e+02,
    1.38224719e+03, 9.56364258e+02 ]
