%YAML:1.0
points: [ 3.08559601e+02, 1.80730621e+02, 3.08420105e+02, 1.87835800e+02,
    3.08340637e+02, 1.94865707e+02, 3.08283295e+02, 2.02209717e+02,
    3.08258514e+02, 2.09333405e+02, 3.01304565e+02, 1.80934708e+02,
    3.01300446e+02, 1.88011139e+02, 3.01177490e+02, 1.95160324e+02,
    3.01105042e+02, 2.02260300e+02, 3.01156586e+02, 2.09515366e+02,
    2.94441223e+02, 1.81207611e+02, 2.94295349e+02, 1.88246628e+02,
    2.94203949e+02, 1.95395630e+02, 2.94105591e+02, 2.02452759e+02,
    2.93924255e+02, 2.09556259e+02, 2.87449951e+02, 1.81594116e+02,
    2.87395691e+02, 1.88493088e+02, 2.87297943e+02, 1.95653595e+02,
    2.87080536e+02, 2.02578094e+02, 2.87126892e+02, 2.09627533e+02,
    2.80740906e+02, 1.81659500e+02, 2.80656769e+02, 1.88690689e+02,
    2.80759888e+02, 1.95649124e+02, 2.80707275e+02, 2.02653305e+02,
    2.80368500e+02, 2.09587540e+02, 2.73651367e+02, 1.81816299e+02,
    2.73680786e+02, 1.88748123e+02, 2.73756897e+02, 1.95718002e+02,
    2.73821991e+02, 2.02679520e+02, 2.73723572e+02, 2.09620285e+02,
    2.66904541e+02, 1.81941681e+02, 2.66429626e+02, 1.88680756e+02,
    2.65879333e+02, 1.95922638e+02, 2.66334442e+02, 2.02623489e+02,
    2.66293213e+02, 2.09751175e+02 ]
