%YAML:1.0
points: [ 4.06503082e+02, 2.60976227e+02, 4.03660095e+02, 2.68507965e+02,
    4.00696381e+02, 2.76226349e+02, 3.97802826e+02, 2.83918274e+02,
    3.94796814e+02, 2.91519073e+02, 3.98919098e+02, 2.57833862e+02,
    3.95870544e+02, 2.65416351e+02, 3.93032867e+02, 2.73103790e+02,
    3.90066772e+02, 2.80750519e+02, 3.87193939e+02, 2.88401031e+02,
    3.91253143e+02, 2.54789093e+02, 3.88232269e+02, 2.62380432e+02,
    3.85251221e+02, 2.70050781e+02, 3.82340790e+02, 2.77626038e+02,
    3.79431213e+02, 2.85344604e+02, 3.83664459e+02, 2.51699509e+02,
    3.80518646e+02, 2.59261200e+02, 3.77504974e+02, 2.66806641e+02,
    3.74643311e+02, 2.74451965e+02, 3.71776459e+02, 2.82226715e+02,
    3.75966339e+02, 2.48634521e+02, 3.72877563e+02, 2.56127380e+02,
    3.69858154e+02, 2.63754791e+02, 3.66956146e+02, 2.71359802e+02,
    3.64026276e+02, 2.79061188e+02, 3.68251923e+02, 2.45441010e+02,
    3.65213593e+02, 2.53081436e+02, 3.62185608e+02, 2.60592712e+02,
    3.59194733e+02, 2.68268799e+02, 3.56347809e+02, 2.75911682e+02,
    3.60556152e+02, 2.42400909e+02, 3.57553314e+02, 2.49906677e+02,
    3.54428711e+02, 2.57523865e+02, 3.51642456e+02, 2.65147644e+02,
    3.48518463e+02, 2.72811493e+02 ]
