%YAML:1.0
points: [ 1.34439600e+03, 2.34871628e+02, 1.35462830e+03, 2.55897049e+02,
    1.36463684e+03, 2.77159363e+02, 1.37495068e+03, 2.98262939e+02,
    1.38487952e+03, 3.19555603e+02, 1.32292480e+03, 2.44751434e+02,
    1.33278638e+03, 2.66185333e+02, 1.34306360e+03, 2.87171387e+02,
    1.35310510e+03, 3.08484802e+02, 1.36344373e+03, 3.29491547e+02,
    1.30141479e+03, 2.54858170e+02, 1.31132544e+03, 2.76207489e+02,
    1.32116980e+03, 2.97457794e+02, 1.33148767e+03, 3.18437103e+02,
    1.34170215e+03, 3.39584442e+02, 1.28033435e+03, 2.64509552e+02,
    1.28973792e+03, 2.86253326e+02, 1.29964429e+03, 3.07467773e+02,
    1.30983777e+03, 3.28575714e+02, 1.32021448e+03, 3.49545837e+02,
    1.25874036e+03, 2.74681519e+02, 1.26846533e+03, 2.96169312e+02,
    1.27828491e+03, 3.17485596e+02, 1.28832385e+03, 3.38472351e+02,
    1.29857153e+03, 3.59583679e+02, 1.23727466e+03, 2.84661804e+02,
    1.24684961e+03, 3.06283081e+02, 1.25680933e+03, 3.27415375e+02,
    1.26675513e+03, 3.48593475e+02, 1.27716711e+03, 3.69548523e+02,
    1.21560767e+03, 2.94755615e+02, 1.22555750e+03, 3.16078156e+02,
    1.23535803e+03, 3.37409943e+02, 1.24545056e+03, 3.58502411e+02,
    1.25545752e+03, 3.79673492e+02 ]
