%YAML:1.0
points: [ 6.58840698e+02, 2.39883286e+02, 6.71954590e+02, 2.59337433e+02,
    6.85081726e+02, 2.78504547e+02, 6.98375854e+02, 2.97889648e+02,
    7.11663086e+02, 3.17362366e+02, 6.39469177e+02, 2.53163513e+02,
    6.52572937e+02, 2.72536163e+02, 6.65766663e+02, 2.91795837e+02,
    6.79029785e+02, 3.11206543e+02, 6.92195496e+02, 3.30589233e+02,
    6.19815186e+02, 2.66318298e+02, 6.33264221e+02, 2.85810852e+02,
    6.46374451e+02, 3.05235779e+02, 6.59573181e+02, 3.24485596e+02,
    6.72690430e+02, 3.43821777e+02, 6.00062134e+02, 2.79319794e+02,
    6.13547546e+02, 2.98954254e+02, 6.27013428e+02, 3.18447815e+02,
    6.40105042e+02, 3.37788483e+02, 6.53320618e+02, 3.57038635e+02,
    5.80488403e+02, 2.92417633e+02, 5.93989624e+02, 3.12164124e+02,
    6.07377014e+02, 3.31559875e+02, 6.20661865e+02, 3.51111908e+02,
    6.33918091e+02, 3.70393219e+02, 5.60836731e+02, 3.05603363e+02,
    5.74295715e+02, 3.25233093e+02, 5.87568359e+02, 3.44632996e+02,
    6.00841003e+02, 3.64071533e+02, 6.14449097e+02, 3.83681366e+02,
    5.41293274e+02, 3.18686615e+02, 5.54627258e+02, 3.38448822e+02,
    5.68102173e+02, 3.57848328e+02, 5.81412354e+02, 3.77438354e+02,
    5.94653564e+02, 3.96798584e+02 ]
