%YAML:1.0
points: [ 1.61261765e+02, 2.55092773e+02, 1.67506531e+02, 2.60468750e+02,
    1.73580872e+02, 2.65696411e+02, 1.79885147e+02, 2.71061127e+02,
    1.86099731e+02, 2.76269226e+02, 1.55937149e+02, 2.61542023e+02,
    1.62163040e+02, 2.66761444e+02, 1.68375381e+02, 2.72061005e+02,
    1.74618027e+02, 2.77337036e+02, 1.80861664e+02, 2.82586700e+02,
    1.50670258e+02, 2.67741852e+02, 1.56868881e+02, 2.73087891e+02,
    1.63136230e+02, 2.78342316e+02, 1.69325974e+02, 2.83637054e+02,
    1.75524643e+02, 2.88971649e+02, 1.45280670e+02, 2.74195740e+02,
    1.51562958e+02, 2.79374786e+02, 1.57825073e+02, 2.84688019e+02,
    1.64054794e+02, 2.89990509e+02, 1.70379288e+02, 2.95288849e+02,
    1.39991608e+02, 2.80393463e+02, 1.46239761e+02, 2.85777222e+02,
    1.52509766e+02, 2.90996277e+02, 1.58746582e+02, 2.96301147e+02,
    1.65013901e+02, 3.01657745e+02, 1.34608704e+02, 2.86871002e+02,
    1.40858643e+02, 2.92128418e+02, 1.47178711e+02, 2.97427826e+02,
    1.53404907e+02, 3.02625854e+02, 1.59734375e+02, 3.07934418e+02,
    1.29355133e+02, 2.93157013e+02, 1.35570572e+02, 2.98409119e+02,
    1.41880768e+02, 3.03725739e+02, 1.48177536e+02, 3.09025848e+02,
    1.54380722e+02, 3.14336151e+02 ]
