%YAML:1.0
points: [ 1.01290570e+03, 6.58396545e+02, 1.01340240e+03, 6.78020325e+02,
    1.01393903e+03, 6.97920227e+02, 1.01448450e+03, 7.18044800e+02,
    1.01502399e+03, 7.37872925e+02, 9.93407898e+02, 6.58781372e+02,
    9.93701721e+02, 6.78506287e+02, 9.94318542e+02, 6.98351990e+02,
    9.94780396e+02, 7.18395081e+02, 9.95320862e+02, 7.38360046e+02,
    9.73639709e+02, 6.59333313e+02, 9.73977295e+02, 6.79130859e+02,
    9.74451355e+02, 6.98642639e+02, 9.74914001e+02, 7.18712708e+02,
    9.75416260e+02, 7.38638794e+02, 9.53846375e+02, 6.59703613e+02,
    9.54214478e+02, 6.79599915e+02, 9.54625549e+02, 6.99184082e+02,
    9.55091003e+02, 7.19203064e+02, 9.55595764e+02, 7.39292786e+02,
    9.34150513e+02, 6.60139587e+02, 9.34520508e+02, 6.80072815e+02,
    9.34836487e+02, 6.99736938e+02, 9.35481689e+02, 7.19576782e+02,
    9.35973938e+02, 7.39615601e+02, 9.14352661e+02, 6.60508240e+02,
    9.14797424e+02, 6.80475708e+02, 9.15259583e+02, 7.00270996e+02,
    9.15654114e+02, 7.20040955e+02, 9.16169373e+02, 7.40117126e+02,
    8.94718689e+02, 6.60915833e+02, 8.95073425e+02, 6.80946655e+02,
    8.95508423e+02, 7.00715942e+02, 8.95899902e+02, 7.20544312e+02,
    8.96451477e+02, 7.40491272e+02 ]
