%YAML:1.0
points: [ 2.88661407e+02, 1.69147232e+02, 2.82386688e+02, 1.73298050e+02,
    2.77177094e+02, 1.76204773e+02, 2.71052948e+02, 1.81019882e+02,
    2.65761383e+02, 1.83790817e+02, 2.83991058e+02, 1.63222565e+02,
    2.78904755e+02, 1.67310379e+02, 2.73314117e+02, 1.71164551e+02,
    2.67719482e+02, 1.75147476e+02, 2.62537811e+02, 1.78832611e+02,
    2.80605286e+02, 1.57678848e+02, 2.75104431e+02, 1.61466980e+02,
    2.69368073e+02, 1.65304214e+02, 2.63898590e+02, 1.69292542e+02,
    2.57898438e+02, 1.72978745e+02, 2.76447327e+02, 1.51468903e+02,
    2.71081787e+02, 1.56009872e+02, 2.65614655e+02, 1.59721024e+02,
    2.59830139e+02, 1.63546570e+02, 2.54492661e+02, 1.67158356e+02,
    2.72940735e+02, 1.46111725e+02, 2.67207275e+02, 1.49842377e+02,
    2.61535645e+02, 1.53834198e+02, 2.55844101e+02, 1.57695953e+02,
    2.50270569e+02, 1.61351273e+02, 2.68649719e+02, 1.39586273e+02,
    2.63169922e+02, 1.43864395e+02, 2.57549744e+02, 1.47916840e+02,
    2.51915497e+02, 1.51806274e+02, 2.47007111e+02, 1.55984238e+02,
    2.65277893e+02, 1.34137772e+02, 2.59499481e+02, 1.37862915e+02,
    2.53620804e+02, 1.42552933e+02, 2.47979340e+02, 1.45926132e+02,
    2.42396118e+02, 1.50158386e+02 ]
