%YAML:1.0
points: [ 1.23472388e+03, 4.98238159e+02, 1.23304773e+03, 5.21643127e+02,
    1.23112903e+03, 5.45260620e+02, 1.22933289e+03, 5.68621765e+02,
    1.22759692e+03, 5.92065125e+02, 1.21135657e+03, 4.96418945e+02,
    1.20951611e+03, 5.19703186e+02, 1.20763330e+03, 5.43331787e+02,
    1.20586243e+03, 5.66632874e+02, 1.20414648e+03, 5.90292236e+02,
    1.18796106e+03, 4.94489532e+02, 1.18593762e+03, 5.18083923e+02,
    1.18429639e+03, 5.41404297e+02, 1.18239355e+03, 5.64973938e+02,
    1.18055054e+03, 5.88280212e+02, 1.16463635e+03, 4.92542297e+02,
    1.16277075e+03, 5.16166992e+02, 1.16069177e+03, 5.39591248e+02,
    1.15904272e+03, 5.62953979e+02, 1.15723413e+03, 5.86475159e+02,
    1.14129700e+03, 4.90704620e+02, 1.13939368e+03, 5.14149719e+02,
    1.13750647e+03, 5.37668152e+02, 1.13552649e+03, 5.61053223e+02,
    1.13358057e+03, 5.84471375e+02, 1.11780518e+03, 4.88709534e+02,
    1.11611926e+03, 5.12362305e+02, 1.11416711e+03, 5.35715088e+02,
    1.11211548e+03, 5.59298218e+02, 1.11029797e+03, 5.82603271e+02,
    1.09451355e+03, 4.86915253e+02, 1.09262964e+03, 5.10422791e+02,
    1.09092590e+03, 5.33794495e+02, 1.08892627e+03, 5.57303528e+02,
    1.08678760e+03, 5.80783997e+02 ]
