%YAML:1.0
points: [ 3.99684723e+02, 2.56858734e+02, 3.99728973e+02, 2.64993713e+02,
    3.99627014e+02, 2.73324524e+02, 3.99643646e+02, 2.81647644e+02,
    3.99647339e+02, 2.89813538e+02, 3.91608856e+02, 2.56778564e+02,
    3.91540710e+02, 2.64897736e+02, 3.91399719e+02, 2.73104736e+02,
    3.91482819e+02, 2.81563843e+02, 3.91591431e+02, 2.89726318e+02,
    3.83423645e+02, 2.56743195e+02, 3.83269409e+02, 2.64829376e+02,
    3.83143005e+02, 2.72983124e+02, 3.83212799e+02, 2.81309692e+02,
    3.83379608e+02, 2.89728149e+02, 3.75112274e+02, 2.56609375e+02,
    3.75073578e+02, 2.64769867e+02, 3.74897278e+02, 2.72853180e+02,
    3.74952423e+02, 2.81225708e+02, 3.75031555e+02, 2.89574005e+02,
    3.66916779e+02, 2.56496399e+02, 3.66865265e+02, 2.64710876e+02,
    3.66762451e+02, 2.72788574e+02, 3.66778290e+02, 2.80975800e+02,
    3.66798157e+02, 2.89354828e+02, 3.58768982e+02, 2.56310852e+02,
    3.58722931e+02, 2.64595581e+02, 3.58720642e+02, 2.72732239e+02,
    3.58661652e+02, 2.80882568e+02, 3.58654907e+02, 2.89170166e+02,
    3.50563385e+02, 2.56171783e+02, 3.50601532e+02, 2.64396088e+02,
    3.50580383e+02, 2.72767426e+02, 3.50519257e+02, 2.80779175e+02,
    3.50431122e+02, 2.89036957e+02 ]
