%YAML:1.0
points: [ 9.67700989e+02, 6.69980652e+02, 9.67611572e+02, 6.93467896e+02,
    9.67453857e+02, 7.17416260e+02, 9.67262695e+02, 7.40863586e+02,
    9.66984131e+02, 7.64804565e+02, 9.44140503e+02, 6.69789246e+02,
    9.44101624e+02, 6.93380676e+02, 9.43873047e+02, 7.17267639e+02,
    9.43710876e+02, 7.40725952e+02, 9.43548889e+02, 7.64670593e+02,
    9.20594971e+02, 6.69729614e+02, 9.20532898e+02, 6.93264221e+02,
    9.20392395e+02, 7.17024109e+02, 9.20098633e+02, 7.40639648e+02,
    9.19855530e+02, 7.64547180e+02, 8.97109558e+02, 6.69654602e+02,
    8.96898376e+02, 6.93274902e+02, 8.96755615e+02, 7.16882690e+02,
    8.96598083e+02, 7.40472534e+02, 8.96372192e+02, 7.64451965e+02,
    8.73510071e+02, 6.69587280e+02, 8.73436768e+02, 6.93171753e+02,
    8.73299683e+02, 7.16781189e+02, 8.73125916e+02, 7.40322998e+02,
    8.72734680e+02, 7.64138062e+02, 8.49769836e+02, 6.69526794e+02,
    8.49676514e+02, 6.92929199e+02, 8.49561035e+02, 7.16729126e+02,
    8.49437073e+02, 7.40311584e+02, 8.49216309e+02, 7.64049438e+02,
    8.26386719e+02, 6.69382935e+02, 8.26189636e+02, 6.92950745e+02,
    8.26058960e+02, 7.16707520e+02, 8.25763062e+02, 7.40318237e+02,
    8.25559875e+02, 7.63940674e+02 ]
