%YAML:1.0
points: [ 7.27085510e+02, 4.23666321e+02, 7.07375549e+02, 4.24492981e+02,
    6.87369629e+02, 4.25369629e+02, 6.67625977e+02, 4.26311707e+02,
    6.47764954e+02, 4.27221039e+02, 7.26089355e+02, 4.03870941e+02,
    7.06447815e+02, 4.04768707e+02, 6.86551392e+02, 4.05774994e+02,
    6.66667969e+02, 4.06676575e+02, 6.46957886e+02, 4.07479736e+02,
    7.25157715e+02, 3.84254791e+02, 7.05554749e+02, 3.85196014e+02,
    6.85723389e+02, 3.86263519e+02, 6.65754700e+02, 3.86767578e+02,
    6.46123352e+02, 3.87633881e+02, 7.24221436e+02, 3.64608643e+02,
    7.04531860e+02, 3.65553619e+02, 6.85040527e+02, 3.66498138e+02,
    6.64888794e+02, 3.67244476e+02, 6.45222778e+02, 3.68033417e+02,
    7.23370728e+02, 3.44963501e+02, 7.03537415e+02, 3.45697601e+02,
    6.84151611e+02, 3.46744537e+02, 6.64217896e+02, 3.47636963e+02,
    6.44166565e+02, 3.48363800e+02, 7.22425049e+02, 3.25225708e+02,
    7.02648071e+02, 3.26234558e+02, 6.83037292e+02, 3.27287048e+02,
    6.63406860e+02, 3.28007660e+02, 6.43408508e+02, 3.28644287e+02,
    7.21476257e+02, 3.05533325e+02, 7.01732056e+02, 3.06567200e+02,
    6.82230347e+02, 3.07643433e+02, 6.62346741e+02, 3.08309021e+02,
    6.42539612e+02, 3.09120575e+02 ]
