%YAML:1.0
points: [ 7.27565918e+02, 5.12534851e+02, 7.23571106e+02, 5.35415100e+02,
    7.19557251e+02, 5.58999268e+02, 7.15843323e+02, 5.82244324e+02,
    7.11602722e+02, 6.05555664e+02, 7.04374695e+02, 5.08421295e+02,
    7.00423523e+02, 5.31752991e+02, 6.96355591e+02, 5.55006836e+02,
    6.92229980e+02, 5.78167175e+02, 6.88244690e+02, 6.01609802e+02,
    6.80816956e+02, 5.04466705e+02, 6.76840698e+02, 5.27894714e+02,
    6.73182678e+02, 5.51118408e+02, 6.69213928e+02, 5.74482849e+02,
    6.64802795e+02, 5.97549377e+02, 6.57382996e+02, 5.00764893e+02,
    6.53642944e+02, 5.24094299e+02, 6.49603088e+02, 5.47102722e+02,
    6.45498291e+02, 5.70570374e+02, 6.41512878e+02, 5.93659851e+02,
    6.33773987e+02, 4.96692749e+02, 6.30052795e+02, 5.19944946e+02,
    6.26343384e+02, 5.43459839e+02, 6.22390442e+02, 5.66507874e+02,
    6.18165466e+02, 5.89934326e+02, 6.10379517e+02, 4.92676483e+02,
    6.06546936e+02, 5.16247375e+02, 6.02457520e+02, 5.39465515e+02,
    5.98656067e+02, 5.62580017e+02, 5.94629944e+02, 5.86140137e+02,
    5.86769958e+02, 4.88766418e+02, 5.82713745e+02, 5.12310181e+02,
    5.78966919e+02, 5.35477295e+02, 5.74899536e+02, 5.58979187e+02,
    5.71022522e+02, 5.82180786e+02 ]
