%YAML:1.0
points: [ 1.13151550e+03, 4.79179443e+02, 1.13103455e+03, 5.00041382e+02,
    1.13018726e+03, 5.21060669e+02, 1.12942493e+03, 5.41700806e+02,
    1.12868481e+03, 5.62716003e+02, 1.11060596e+03, 4.78740997e+02,
    1.10987036e+03, 4.99508514e+02, 1.10927820e+03, 5.20425964e+02,
    1.10855420e+03, 5.41140869e+02, 1.10780103e+03, 5.61846252e+02,
    1.08973853e+03, 4.78431671e+02, 1.08933569e+03, 4.99139191e+02,
    1.08861401e+03, 5.19766541e+02, 1.08785913e+03, 5.40428345e+02,
    1.08719556e+03, 5.61154907e+02, 1.06923999e+03, 4.78081085e+02,
    1.06866895e+03, 4.98714081e+02, 1.06819421e+03, 5.19398071e+02,
    1.06747778e+03, 5.39874817e+02, 1.06662073e+03, 5.60397949e+02,
    1.04861023e+03, 4.77652313e+02, 1.04835278e+03, 4.98345123e+02,
    1.04766675e+03, 5.18769653e+02, 1.04721265e+03, 5.39236755e+02,
    1.04655273e+03, 5.59663208e+02, 1.02851599e+03, 4.77458984e+02,
    1.02798608e+03, 4.97822021e+02, 1.02750464e+03, 5.18334534e+02,
    1.02714697e+03, 5.38621582e+02, 1.02634973e+03, 5.59180603e+02,
    1.00855249e+03, 4.77150726e+02, 1.00807611e+03, 4.97493744e+02,
    1.00744757e+03, 5.17701050e+02, 1.00694141e+03, 5.38094727e+02,
    1.00651740e+03, 5.58247986e+02 ]
