%YAML:1.0
points: [ 1.37121729e+03, 5.87337402e+02, 1.34755652e+03, 5.87606873e+02,
    1.32365869e+03, 5.87814331e+02, 1.30040979e+03, 5.88077026e+02,
    1.27650269e+03, 5.88260315e+02, 1.37073523e+03, 5.63752869e+02,
    1.34713550e+03, 5.64175659e+02, 1.32326917e+03, 5.64521179e+02,
    1.29977161e+03, 5.64627930e+02, 1.27627161e+03, 5.64846802e+02,
    1.37029736e+03, 5.40188843e+02, 1.34675403e+03, 5.40472229e+02,
    1.32283337e+03, 5.40765625e+02, 1.29951306e+03, 5.41041260e+02,
    1.27571191e+03, 5.41234924e+02, 1.36979785e+03, 5.16777161e+02,
    1.34635950e+03, 5.17141479e+02, 1.32243286e+03, 5.17515198e+02,
    1.29911670e+03, 5.17652649e+02, 1.27540356e+03, 5.17813843e+02,
    1.36934888e+03, 4.93256378e+02, 1.34577246e+03, 4.93381653e+02,
    1.32195361e+03, 4.93900177e+02, 1.29841858e+03, 4.94187500e+02,
    1.27510962e+03, 4.94310791e+02, 1.36883899e+03, 4.69609497e+02,
    1.34537048e+03, 4.70186737e+02, 1.32153027e+03, 4.70422241e+02,
    1.29799158e+03, 4.70656769e+02, 1.27462134e+03, 4.70858582e+02,
    1.36870874e+03, 4.46216034e+02, 1.34486328e+03, 4.46542786e+02,
    1.32118848e+03, 4.47042358e+02, 1.29757483e+03, 4.47361176e+02,
    1.27431982e+03, 4.47614197e+02 ]
