%YAML:1.0
points: [ 8.23016113e+02, 6.02971558e+02, 8.37521606e+02, 6.16529419e+02,
    8.51923828e+02, 6.30150940e+02, 8.66629211e+02, 6.43641968e+02,
    8.81251587e+02, 6.57463318e+02, 8.08915527e+02, 6.17182190e+02,
    8.23631104e+02, 6.30743652e+02, 8.38234741e+02, 6.44529846e+02,
    8.52746155e+02, 6.58215881e+02, 8.67541138e+02, 6.72010620e+02,
    7.94742310e+02, 6.31373352e+02, 8.09465454e+02, 6.45252441e+02,
    8.24141602e+02, 6.58964661e+02, 8.38841614e+02, 6.72723877e+02,
    8.53519165e+02, 6.86595032e+02, 7.80459656e+02, 6.45719360e+02,
    7.95184570e+02, 6.59593567e+02, 8.09720825e+02, 6.73651855e+02,
    8.24693848e+02, 6.87591187e+02, 8.39583008e+02, 7.01539734e+02,
    7.65972717e+02, 6.60244019e+02, 7.80675659e+02, 6.74366638e+02,
    7.95537231e+02, 6.88500244e+02, 8.10339355e+02, 7.02620605e+02,
    8.25358826e+02, 7.16557190e+02, 7.51247009e+02, 6.74952148e+02,
    7.66182373e+02, 6.89303040e+02, 7.80846985e+02, 7.03517395e+02,
    7.95819580e+02, 7.17535400e+02, 8.10849609e+02, 7.31879700e+02,
    7.36326538e+02, 6.89837280e+02, 7.51315979e+02, 7.04457520e+02,
    7.66177002e+02, 7.18627563e+02, 7.81208252e+02, 7.32975281e+02,
    7.96240662e+02, 7.47376831e+02 ]
