%YAML:1.0
points: [ 3.11666718e+02, 2.90737274e+02, 3.06083069e+02, 2.96767883e+02,
    3.00480438e+02, 3.02791656e+02, 2.94879181e+02, 3.08789001e+02,
    2.89269867e+02, 3.14746460e+02, 3.05644562e+02, 2.85042603e+02,
    3.00055878e+02, 2.91041809e+02, 2.94456268e+02, 2.97043945e+02,
    2.88903534e+02, 3.03084747e+02, 2.83327118e+02, 3.09100983e+02,
    2.99721130e+02, 2.79432800e+02, 2.94088440e+02, 2.85370422e+02,
    2.88482300e+02, 2.91308533e+02, 2.82890198e+02, 2.97330505e+02,
    2.77325684e+02, 3.03387299e+02, 2.93718994e+02, 2.73763062e+02,
    2.88122833e+02, 2.79710785e+02, 2.82531647e+02, 2.85623047e+02,
    2.76958984e+02, 2.91656647e+02, 2.71385010e+02, 2.97711914e+02,
    2.87803650e+02, 2.68220032e+02, 2.82188934e+02, 2.74052948e+02,
    2.76567535e+02, 2.79953308e+02, 2.71032135e+02, 2.85929108e+02,
    2.65395233e+02, 2.91987152e+02, 2.81862488e+02, 2.62395752e+02,
    2.76251221e+02, 2.68397034e+02, 2.70661011e+02, 2.74253601e+02,
    2.65101410e+02, 2.80280029e+02, 2.59470856e+02, 2.86347534e+02,
    2.75917999e+02, 2.56899963e+02, 2.70374329e+02, 2.62649048e+02,
    2.64688690e+02, 2.68699432e+02, 2.59190552e+02, 2.74558289e+02,
    2.53447739e+02, 2.80735138e+02 ]
