%YAML:1.0
points: [ 9.74575806e+02, 3.78084320e+02, 9.64589050e+02, 3.95794403e+02,
    9.54490845e+02, 4.13505371e+02, 9.44655701e+02, 4.31203949e+02,
    9.34756042e+02, 4.48588531e+02, 9.57091309e+02, 3.67985596e+02,
    9.46932068e+02, 3.85721436e+02, 9.36982239e+02, 4.03660889e+02,
    9.27057190e+02, 4.21318909e+02, 9.17291443e+02, 4.38887238e+02,
    9.39451050e+02, 3.57764465e+02, 9.29355408e+02, 3.75728333e+02,
    9.19352417e+02, 3.93556824e+02, 9.09461548e+02, 4.11355255e+02,
    8.99621094e+02, 4.29170166e+02, 9.21602600e+02, 3.47610870e+02,
    9.11481750e+02, 3.65566498e+02, 9.01595459e+02, 3.83519073e+02,
    8.91655457e+02, 4.01439056e+02, 8.81862183e+02, 4.19208130e+02,
    9.03640198e+02, 3.37233093e+02, 8.93636108e+02, 3.55456177e+02,
    8.83636414e+02, 3.73477203e+02, 8.73845337e+02, 3.91355469e+02,
    8.64145508e+02, 4.09343567e+02, 8.85624817e+02, 3.26864899e+02,
    8.75591919e+02, 3.45154724e+02, 8.65734558e+02, 3.63230896e+02,
    8.55967163e+02, 3.81349304e+02, 8.46282288e+02, 3.99312408e+02,
    8.67498718e+02, 3.16379089e+02, 8.57479431e+02, 3.34743774e+02,
    8.47576294e+02, 3.53032867e+02, 8.37731750e+02, 3.71198334e+02,
    8.28206360e+02, 3.89228516e+02 ]
