%YAML:1.0
points: [ 1.97811493e+02, 1.62340714e+02, 2.05869431e+02, 1.63470230e+02,
    2.13919250e+02, 1.64655167e+02, 2.21956818e+02, 1.65681335e+02,
    2.29978836e+02, 1.66802200e+02, 1.96730057e+02, 1.70349930e+02,
    2.04817856e+02, 1.71494675e+02, 2.12807022e+02, 1.72582962e+02,
    2.20835342e+02, 1.73732635e+02, 2.28903900e+02, 1.74759521e+02,
    1.95589188e+02, 1.78328751e+02, 2.03694595e+02, 1.79508347e+02,
    2.11763489e+02, 1.80579376e+02, 2.19738815e+02, 1.81732971e+02,
    2.27803192e+02, 1.82871277e+02, 1.94448288e+02, 1.86322784e+02,
    2.02587540e+02, 1.87482285e+02, 2.10662308e+02, 1.88654434e+02,
    2.18655579e+02, 1.89814713e+02, 2.26732605e+02, 1.90728806e+02,
    1.93349152e+02, 1.94350891e+02, 2.01477661e+02, 1.95477188e+02,
    2.09534073e+02, 1.96641739e+02, 2.17566971e+02, 1.97752472e+02,
    2.25547745e+02, 1.98901855e+02, 1.92194275e+02, 2.02347626e+02,
    2.00374146e+02, 2.03499496e+02, 2.08406433e+02, 2.04654419e+02,
    2.16401245e+02, 2.05752579e+02, 2.24520630e+02, 2.06753540e+02,
    1.91119949e+02, 2.10342148e+02, 1.99215240e+02, 2.11463181e+02,
    2.07342239e+02, 2.12687744e+02, 2.15306641e+02, 2.13822433e+02,
    2.23459625e+02, 2.15129654e+02 ]
