%YAML:1.0
points: [ 3.50899170e+02, 1.28648758e+02, 3.55399811e+02, 1.34528778e+02,
    3.59701599e+02, 1.40188278e+02, 3.64408813e+02, 1.46127045e+02,
    3.68805420e+02, 1.51918976e+02, 3.44826965e+02, 1.33830841e+02,
    3.49295197e+02, 1.39265396e+02, 3.53765076e+02, 1.45135010e+02,
    3.58188568e+02, 1.50831100e+02, 3.62880035e+02, 1.56504089e+02,
    3.39134277e+02, 1.38241440e+02, 3.43422882e+02, 1.44046692e+02,
    3.47845490e+02, 1.49814301e+02, 3.52238892e+02, 1.55454010e+02,
    3.56528412e+02, 1.61224243e+02, 3.33207092e+02, 1.43331909e+02,
    3.37548065e+02, 1.48749100e+02, 3.41902039e+02, 1.54420090e+02,
    3.46364990e+02, 1.60039627e+02, 3.50832367e+02, 1.65604843e+02,
    3.27636871e+02, 1.47606216e+02, 3.31885925e+02, 1.53315796e+02,
    3.36147675e+02, 1.58961563e+02, 3.40526154e+02, 1.64364487e+02,
    3.44709076e+02, 1.70283752e+02, 3.22034546e+02, 1.52641571e+02,
    3.26186279e+02, 1.57868973e+02, 3.30567627e+02, 1.63383148e+02,
    3.34776703e+02, 1.68947357e+02, 3.39275391e+02, 1.74257111e+02,
    3.17133026e+02, 1.56523453e+02, 3.20316315e+02, 1.61960037e+02,
    3.25431976e+02, 1.67794662e+02, 3.28879852e+02, 1.73065460e+02,
    3.33692230e+02, 1.78993896e+02 ]
