%YAML:1.0
points: [ 1.92973282e+02, 1.66166183e+02, 2.01070282e+02, 1.67062180e+02,
    2.09123566e+02, 1.67975098e+02, 2.17311722e+02, 1.68873795e+02,
    2.25522034e+02, 1.69828079e+02, 1.92105453e+02, 1.74476044e+02,
    2.00235031e+02, 1.75391754e+02, 2.08203995e+02, 1.76328323e+02,
    2.16397507e+02, 1.77278854e+02, 2.24565796e+02, 1.78143295e+02,
    1.91198425e+02, 1.82783890e+02, 1.99316681e+02, 1.83768356e+02,
    2.07344757e+02, 1.84662933e+02, 2.15541733e+02, 1.85634064e+02,
    2.23645340e+02, 1.86673019e+02, 1.90223495e+02, 1.91042892e+02,
    1.98300659e+02, 1.92075562e+02, 2.06510849e+02, 1.93085526e+02,
    2.14546371e+02, 1.93997772e+02, 2.22778839e+02, 1.94906235e+02,
    1.89274979e+02, 1.99309280e+02, 1.97423737e+02, 2.00310242e+02,
    2.05564087e+02, 2.01320816e+02, 2.13677231e+02, 2.02293549e+02,
    2.21754089e+02, 2.03342484e+02, 1.88414719e+02, 2.07586105e+02,
    1.96464172e+02, 2.08533096e+02, 2.04670181e+02, 2.09618347e+02,
    2.12733826e+02, 2.10646851e+02, 2.20813339e+02, 2.11605453e+02,
    1.87510284e+02, 2.15825287e+02, 1.95610443e+02, 2.16889542e+02,
    2.03746063e+02, 2.17927048e+02, 2.11782104e+02, 2.18942947e+02,
    2.19903244e+02, 2.20017548e+02 ]
