%YAML:1.0
points: [ 1.38660852e+03, 7.73587891e+02, 1.37109644e+03, 7.91610046e+02,
    1.35542358e+03, 8.09481506e+02, 1.34047070e+03, 8.27682739e+02,
    1.32534802e+03, 8.45879639e+02, 1.36837732e+03, 7.58083740e+02,
    1.35259363e+03, 7.75816040e+02, 1.33741296e+03, 7.93846252e+02,
    1.32224902e+03, 8.12006592e+02, 1.30678552e+03, 8.30172668e+02,
    1.35031689e+03, 7.42577881e+02, 1.33462744e+03, 7.60382507e+02,
    1.31920117e+03, 7.78319031e+02, 1.30410657e+03, 7.96410767e+02,
    1.28855237e+03, 8.14354858e+02, 1.33202771e+03, 7.26793945e+02,
    1.31653735e+03, 7.44786499e+02, 1.30092041e+03, 7.62601990e+02,
    1.28595630e+03, 7.80775452e+02, 1.27040649e+03, 7.98669128e+02,
    1.31368176e+03, 7.11291687e+02, 1.29848413e+03, 7.29282532e+02,
    1.28285425e+03, 7.47104919e+02, 1.26760681e+03, 7.65179688e+02,
    1.25227820e+03, 7.83176270e+02, 1.29561340e+03, 6.95714355e+02,
    1.28026868e+03, 7.13641052e+02, 1.26471814e+03, 7.31460510e+02,
    1.24954053e+03, 7.49429382e+02, 1.23418762e+03, 7.67530457e+02,
    1.27759998e+03, 6.80282776e+02, 1.26220459e+03, 6.98180542e+02,
    1.24665442e+03, 7.15953979e+02, 1.23137805e+03, 7.33886963e+02,
    1.21604065e+03, 7.51890076e+02 ]
