%YAML:1.0
points: [ 1.05724341e+03, 6.92482971e+02, 1.03683984e+03, 6.99236389e+02,
    1.01683704e+03, 7.06092468e+02, 9.96673279e+02, 7.12965515e+02,
    9.76683472e+02, 7.19794739e+02, 1.05028992e+03, 6.73129150e+02,
    1.03028516e+03, 6.79743591e+02, 1.01039209e+03, 6.86582397e+02,
    9.90457275e+02, 6.93448120e+02, 9.70520569e+02, 7.00290710e+02,
    1.04354480e+03, 6.53819458e+02, 1.02358569e+03, 6.60643066e+02,
    1.00390649e+03, 6.67404907e+02, 9.84236938e+02, 6.74113159e+02,
    9.64462830e+02, 6.80816101e+02, 1.03669751e+03, 6.34735291e+02,
    1.01722229e+03, 6.41604980e+02, 9.97612305e+02, 6.48431335e+02,
    9.78059998e+02, 6.54982849e+02, 9.58409363e+02, 6.61688110e+02,
    1.03034485e+03, 6.16219299e+02, 1.01069690e+03, 6.22800476e+02,
    9.91399109e+02, 6.29633301e+02, 9.71968262e+02, 6.36418335e+02,
    9.52533020e+02, 6.43069275e+02, 1.02368304e+03, 5.97725342e+02,
    1.00450446e+03, 6.04544434e+02, 9.85269165e+02, 6.11167847e+02,
    9.65882263e+02, 6.17889038e+02, 9.46700195e+02, 6.24530945e+02,
    1.01751984e+03, 5.79682861e+02, 9.98305481e+02, 5.86494019e+02,
    9.79271790e+02, 5.93296875e+02, 9.60135315e+02, 5.99667603e+02,
    9.41119751e+02, 6.06496643e+02 ]
