%YAML:1.0
points: [ 3.05434143e+02, 2.62705933e+02, 2.98287170e+02, 2.64959320e+02,
    2.91490173e+02, 2.67086670e+02, 2.84271118e+02, 2.69342896e+02,
    2.77736328e+02, 2.71830139e+02, 3.02847443e+02, 2.55943130e+02,
    2.96312042e+02, 2.58208527e+02, 2.89205841e+02, 2.60385284e+02,
    2.82302246e+02, 2.62902191e+02, 2.75367188e+02, 2.64771973e+02,
    3.00480713e+02, 2.49271255e+02, 2.94091125e+02, 2.51422623e+02,
    2.87109802e+02, 2.54056061e+02, 2.80150116e+02, 2.56156372e+02,
    2.73356720e+02, 2.58250397e+02, 2.97828918e+02, 2.42260590e+02,
    2.91315582e+02, 2.45092545e+02, 2.84318146e+02, 2.46641083e+02,
    2.78231110e+02, 2.49562408e+02, 2.71415192e+02, 2.52425217e+02,
    2.96058014e+02, 2.36582291e+02, 2.89250885e+02, 2.38304916e+02,
    2.82489014e+02, 2.40957733e+02, 2.75894562e+02, 2.43302856e+02,
    2.69440826e+02, 2.45282074e+02, 2.92867401e+02, 2.29139832e+02,
    2.89400757e+02, 2.36231094e+02, 2.80038208e+02, 2.33862808e+02,
    2.74087341e+02, 2.35374329e+02, 2.66967072e+02, 2.39000259e+02,
    2.92867310e+02, 2.29139771e+02, 2.85612122e+02, 2.25346497e+02,
    2.80038300e+02, 2.33862778e+02, 2.72310272e+02, 2.29513626e+02,
    2.64992340e+02, 2.32853683e+02 ]
