%YAML:1.0
points: [ 3.42147736e+02, 2.55267776e+02, 3.35982544e+02, 2.60763855e+02,
    3.29794769e+02, 2.66301147e+02, 3.23583527e+02, 2.71909180e+02,
    3.17308868e+02, 2.77585632e+02, 3.36329224e+02, 2.48722229e+02,
    3.30163666e+02, 2.54265594e+02, 3.24043823e+02, 2.59790161e+02,
    3.17771667e+02, 2.65340973e+02, 3.11607697e+02, 2.70998566e+02,
    3.30666046e+02, 2.42378998e+02, 3.24463715e+02, 2.47852417e+02,
    3.18279999e+02, 2.53333084e+02, 3.12101959e+02, 2.58809296e+02,
    3.05840881e+02, 2.64377319e+02, 3.25045837e+02, 2.35992035e+02,
    3.18780151e+02, 2.41400177e+02, 3.12572601e+02, 2.46841751e+02,
    3.06390778e+02, 2.52375214e+02, 3.00261780e+02, 2.57903534e+02,
    3.19394196e+02, 2.29650864e+02, 3.13218750e+02, 2.35055283e+02,
    3.06954346e+02, 2.40497208e+02, 3.00754578e+02, 2.45958313e+02,
    2.94488037e+02, 2.51359512e+02, 3.13781982e+02, 2.23326599e+02,
    3.07593170e+02, 2.28732224e+02, 3.01382782e+02, 2.34150299e+02,
    2.95196655e+02, 2.39529831e+02, 2.89074860e+02, 2.45051270e+02,
    3.08260681e+02, 2.17132553e+02, 3.02113251e+02, 2.22425430e+02,
    2.95791412e+02, 2.27827499e+02, 2.89680817e+02, 2.33147919e+02,
    2.83348602e+02, 2.38588959e+02 ]
