%YAML:1.0
points: [ 6.31323975e+02, 6.59527771e+02, 6.48348022e+02, 6.75690979e+02,
    6.65347046e+02, 6.92293030e+02, 6.82049988e+02, 7.08873962e+02,
    6.98898743e+02, 7.25471497e+02, 6.14572327e+02, 6.76439087e+02,
    6.31484131e+02, 6.93143188e+02, 6.48614014e+02, 7.09506836e+02,
    6.65409363e+02, 7.25929504e+02, 6.82373962e+02, 7.42553650e+02,
    5.97720520e+02, 6.93603027e+02, 6.14758850e+02, 7.10180298e+02,
    6.31930542e+02, 7.26501892e+02, 6.48707520e+02, 7.43194275e+02,
    6.65605347e+02, 7.59736877e+02, 5.81235352e+02, 7.10658691e+02,
    5.97828064e+02, 7.27367615e+02, 6.15266724e+02, 7.43604187e+02,
    6.31879883e+02, 7.60364746e+02, 6.48807861e+02, 7.76878418e+02,
    5.64195740e+02, 7.27885132e+02, 5.81174988e+02, 7.44409241e+02,
    5.98352356e+02, 7.60929443e+02, 6.15370361e+02, 7.77454163e+02,
    6.31843140e+02, 7.94326355e+02, 5.47364441e+02, 7.45199097e+02,
    5.64342285e+02, 7.61715210e+02, 5.81617188e+02, 7.78181274e+02,
    5.98506348e+02, 7.94752380e+02, 6.15232910e+02, 8.11511292e+02,
    5.30415833e+02, 7.62511414e+02, 5.47560303e+02, 7.79023682e+02,
    5.64748108e+02, 7.95299500e+02, 5.81660339e+02, 8.12045105e+02,
    5.98494141e+02, 8.28775330e+02 ]
