%YAML:1.0
points: [ 7.41636353e+02, 3.27306244e+02, 7.60325378e+02, 3.38425873e+02,
    7.78721619e+02, 3.49436035e+02, 7.97388672e+02, 3.60358521e+02,
    8.15675110e+02, 3.71205933e+02, 7.32372192e+02, 3.45591705e+02,
    7.50901489e+02, 3.56583008e+02, 7.69261841e+02, 3.67510406e+02,
    7.87624268e+02, 3.78485016e+02, 8.06050720e+02, 3.89139404e+02,
    7.22977051e+02, 3.63750275e+02, 7.41520691e+02, 3.74568054e+02,
    7.59789856e+02, 3.85421112e+02, 7.78171021e+02, 3.96182739e+02,
    7.96381714e+02, 4.06870361e+02, 7.13531372e+02, 3.81791199e+02,
    7.32070923e+02, 3.92493256e+02, 7.50532288e+02, 4.03197723e+02,
    7.68636658e+02, 4.13784821e+02, 7.86747192e+02, 4.24430969e+02,
    7.04366638e+02, 3.99655273e+02, 7.22693604e+02, 4.10279846e+02,
    7.41132507e+02, 4.20769714e+02, 7.59469971e+02, 4.31238525e+02,
    7.77419189e+02, 4.41673523e+02, 6.94999146e+02, 4.17259369e+02,
    7.13455688e+02, 4.27758514e+02, 7.31632507e+02, 4.38244507e+02,
    7.49990234e+02, 4.48544800e+02, 7.68239380e+02, 4.58760040e+02,
    6.86167603e+02, 4.34592407e+02, 7.04490845e+02, 4.45182983e+02,
    7.22701904e+02, 4.55329956e+02, 7.40696899e+02, 4.65696777e+02,
    7.58696228e+02, 4.75906281e+02 ]
