%YAML:1.0
points: [ 7.05876770e+02, 3.25331238e+02, 6.88286987e+02, 3.40670013e+02,
    6.70481018e+02, 3.56275177e+02, 6.52610718e+02, 3.71578552e+02,
    6.34612488e+02, 3.86947449e+02, 6.90318481e+02, 3.07583496e+02,
    6.72547180e+02, 3.23039642e+02, 6.54819519e+02, 3.38528259e+02,
    6.36959961e+02, 3.53981384e+02, 6.18951599e+02, 3.69265625e+02,
    6.74658386e+02, 2.89830444e+02, 6.56799133e+02, 3.05366180e+02,
    6.39195435e+02, 3.20934631e+02, 6.21228394e+02, 3.36258636e+02,
    6.03378418e+02, 3.51628906e+02, 6.59035889e+02, 2.72264221e+02,
    6.41123535e+02, 2.87583984e+02, 6.23597351e+02, 3.03263397e+02,
    6.05483215e+02, 3.18445007e+02, 5.87575745e+02, 3.33813934e+02,
    6.43332947e+02, 2.54542191e+02, 6.25419189e+02, 2.69796600e+02,
    6.07865051e+02, 2.85444916e+02, 5.89783325e+02, 3.00778137e+02,
    5.71715881e+02, 3.16019623e+02, 6.27589905e+02, 2.36767395e+02,
    6.09760376e+02, 2.52197449e+02, 5.92176453e+02, 2.67762268e+02,
    5.74256470e+02, 2.83141357e+02, 5.56113708e+02, 2.98348297e+02,
    6.11727539e+02, 2.18858444e+02, 5.94096558e+02, 2.34433273e+02,
    5.76578674e+02, 2.50047958e+02, 5.58472778e+02, 2.65365814e+02,
    5.40527954e+02, 2.80687744e+02 ]
