%YAML:1.0
points: [ 3.44373230e+02, 1.39007080e+02, 3.47184479e+02, 1.46199753e+02,
    3.50113831e+02, 1.52765869e+02, 3.52976257e+02, 1.59488312e+02,
    3.55745300e+02, 1.66075378e+02, 3.37511719e+02, 1.42472733e+02,
    3.40217194e+02, 1.49068634e+02, 3.43037598e+02, 1.55885971e+02,
    3.45994904e+02, 1.62294556e+02, 3.48673004e+02, 1.68923340e+02,
    3.30526337e+02, 1.45386276e+02, 3.33246979e+02, 1.52123322e+02,
    3.36158386e+02, 1.58594147e+02, 3.39127258e+02, 1.65439774e+02,
    3.41656952e+02, 1.72176285e+02, 3.23734558e+02, 1.48797104e+02,
    3.26450226e+02, 1.55015808e+02, 3.29397614e+02, 1.61559753e+02,
    3.32057465e+02, 1.68114441e+02, 3.34984283e+02, 1.74365967e+02,
    3.17265106e+02, 1.51435623e+02, 3.19862244e+02, 1.58150497e+02,
    3.22898041e+02, 1.64569366e+02, 3.25468567e+02, 1.71006165e+02,
    3.28139893e+02, 1.77190842e+02, 3.10292053e+02, 1.54686081e+02,
    3.13102417e+02, 1.60771103e+02, 3.16227081e+02, 1.67713531e+02,
    3.18815582e+02, 1.73767715e+02, 3.21952576e+02, 1.79763260e+02,
    3.04550934e+02, 1.57235397e+02, 3.06324829e+02, 1.62521210e+02,
    3.10290344e+02, 1.70246674e+02, 3.11532867e+02, 1.75912842e+02,
    3.15861664e+02, 1.82585312e+02 ]
