%YAML:1.0
points: [ 1.99010956e+02, 2.67106567e+02, 1.92025253e+02, 2.68796478e+02,
    1.85134293e+02, 2.70390045e+02, 1.78196411e+02, 2.72106079e+02,
    1.71831696e+02, 2.73623199e+02, 1.97528305e+02, 2.59883972e+02,
    1.90817215e+02, 2.61507202e+02, 1.83989502e+02, 2.63238098e+02,
    1.77221649e+02, 2.64908600e+02, 1.70859299e+02, 2.66384979e+02,
    1.96256119e+02, 2.52826935e+02, 1.89610229e+02, 2.54312317e+02,
    1.82847321e+02, 2.56133881e+02, 1.75880402e+02, 2.57835297e+02,
    1.69330460e+02, 2.59273468e+02, 1.94702820e+02, 2.45542130e+02,
    1.88334991e+02, 2.47329483e+02, 1.81434479e+02, 2.49028534e+02,
    1.74979874e+02, 2.50798767e+02, 1.68328583e+02, 2.52299805e+02,
    1.93556747e+02, 2.39213455e+02, 1.87230606e+02, 2.40214005e+02,
    1.80184998e+02, 2.42137436e+02, 1.73820572e+02, 2.43417923e+02,
    1.67059311e+02, 2.45151627e+02, 1.92101868e+02, 2.31535919e+02,
    1.85563126e+02, 2.33183426e+02, 1.79008713e+02, 2.35044785e+02,
    1.72383881e+02, 2.36282700e+02, 1.66134155e+02, 2.38351059e+02,
    1.90998260e+02, 2.25718567e+02, 1.88050812e+02, 2.25708328e+02,
    1.77797852e+02, 2.28008652e+02, 1.71373734e+02, 2.29820450e+02,
    1.64545288e+02, 2.32452881e+02 ]
