%YAML:1.0
points: [ 1.26479382e+03, 4.99418396e+02, 1.26455859e+03, 5.20467468e+02,
    1.26432898e+03, 5.41609863e+02, 1.26430884e+03, 5.62958313e+02,
    1.26423145e+03, 5.84145020e+02, 1.24314587e+03, 4.99540833e+02,
    1.24275574e+03, 5.20640015e+02, 1.24257507e+03, 5.41511902e+02,
    1.24247070e+03, 5.62572815e+02, 1.24246387e+03, 5.83580933e+02,
    1.22162646e+03, 4.99797913e+02, 1.22154565e+03, 5.20681091e+02,
    1.22129150e+03, 5.41552612e+02, 1.22106274e+03, 5.62234131e+02,
    1.22082556e+03, 5.83268982e+02, 1.20042249e+03, 5.00117493e+02,
    1.20035889e+03, 5.20721008e+02, 1.20025354e+03, 5.41329163e+02,
    1.19986621e+03, 5.62058105e+02, 1.19972766e+03, 5.82768005e+02,
    1.17965381e+03, 5.00239838e+02, 1.17960718e+03, 5.20770508e+02,
    1.17951501e+03, 5.41251465e+02, 1.17931323e+03, 5.61665405e+02,
    1.17896692e+03, 5.82339783e+02, 1.15930615e+03, 5.00454346e+02,
    1.15918787e+03, 5.20858704e+02, 1.15899146e+03, 5.41189392e+02,
    1.15874219e+03, 5.61456055e+02, 1.15858594e+03, 5.81905029e+02,
    1.13921680e+03, 5.00683990e+02, 1.13891382e+03, 5.20830811e+02,
    1.13880005e+03, 5.41018677e+02, 1.13854932e+03, 5.61266968e+02,
    1.13847327e+03, 5.81516174e+02 ]
