%YAML:1.0
points: [ 9.03490601e+02, 6.71199402e+02, 9.23671814e+02, 6.71174072e+02,
    9.43926514e+02, 6.71199646e+02, 9.64212891e+02, 6.71138123e+02,
    9.84458679e+02, 6.71270996e+02, 9.02900330e+02, 6.90752380e+02,
    9.23406189e+02, 6.91031128e+02, 9.43823975e+02, 6.91007690e+02,
    9.64218262e+02, 6.91023804e+02, 9.84606873e+02, 6.90940002e+02,
    9.02436035e+02, 7.10777405e+02, 9.23191711e+02, 7.10983154e+02,
    9.43665039e+02, 7.10948975e+02, 9.64231995e+02, 7.11084717e+02,
    9.84698730e+02, 7.11090210e+02, 9.01937744e+02, 7.31100403e+02,
    9.22753540e+02, 7.31317200e+02, 9.43552795e+02, 7.31369019e+02,
    9.64215149e+02, 7.31245239e+02, 9.85007874e+02, 7.31338623e+02,
    9.01602600e+02, 7.51693420e+02, 9.22575989e+02, 7.51723694e+02,
    9.43327820e+02, 7.51938965e+02, 9.64347290e+02, 7.52007568e+02,
    9.85050110e+02, 7.51843079e+02, 9.01154419e+02, 7.72647644e+02,
    9.22213501e+02, 7.72750122e+02, 9.43110840e+02, 7.72726746e+02,
    9.64211609e+02, 7.72983887e+02, 9.85252930e+02, 7.73068665e+02,
    9.00647522e+02, 7.93983215e+02, 9.21850403e+02, 7.93869507e+02,
    9.42882568e+02, 7.94077209e+02, 9.64136475e+02, 7.94227661e+02,
    9.85335510e+02, 7.94383118e+02 ]
