%YAML:1.0
points: [ 7.34563965e+02, 5.02526123e+02, 7.35132568e+02, 5.22773926e+02,
    7.35524780e+02, 5.43065552e+02, 7.35946411e+02, 5.63168457e+02,
    7.36357788e+02, 5.83341797e+02, 7.14213196e+02, 5.02545837e+02,
    7.14688477e+02, 5.23079651e+02, 7.15117554e+02, 5.43468506e+02,
    7.15522827e+02, 5.63680481e+02, 7.15909912e+02, 5.83907166e+02,
    6.93504456e+02, 5.02615967e+02, 6.93858521e+02, 5.23357483e+02,
    6.94283691e+02, 5.43779724e+02, 6.94673645e+02, 5.64309387e+02,
    6.95204407e+02, 5.84647461e+02, 6.72392822e+02, 5.02677032e+02,
    6.72937988e+02, 5.23499756e+02, 6.73333252e+02, 5.44209900e+02,
    6.73761963e+02, 5.64723633e+02, 6.74186157e+02, 5.85456787e+02,
    6.50764282e+02, 5.02773376e+02, 6.51399658e+02, 5.23647644e+02,
    6.51813171e+02, 5.44489075e+02, 6.52237610e+02, 5.65362427e+02,
    6.52663574e+02, 5.86178528e+02, 6.29255798e+02, 5.02910400e+02,
    6.29542480e+02, 5.23925842e+02, 6.29878906e+02, 5.44973145e+02,
    6.30435425e+02, 5.65776184e+02, 6.30694946e+02, 5.86798462e+02,
    6.06970764e+02, 5.03020782e+02, 6.07436646e+02, 5.24294800e+02,
    6.07999817e+02, 5.45408875e+02, 6.08339355e+02, 5.66411804e+02,
    6.08589966e+02, 5.87482788e+02 ]
