%YAML:1.0
points: [ 6.83371826e+02, 6.44724243e+02, 6.97429565e+02, 6.59255188e+02,
    7.11418579e+02, 6.73771667e+02, 7.25492676e+02, 6.88478943e+02,
    7.39600708e+02, 7.02780396e+02, 6.67534241e+02, 6.58610474e+02,
    6.81834412e+02, 6.73348999e+02, 6.95961304e+02, 6.87967346e+02,
    7.10169739e+02, 7.02407471e+02, 7.24299744e+02, 7.17114319e+02,
    6.51658508e+02, 6.72707031e+02, 6.66065552e+02, 6.87556458e+02,
    6.80291443e+02, 7.02226257e+02, 6.94572449e+02, 7.16879333e+02,
    7.08883789e+02, 7.31644104e+02, 6.35606628e+02, 6.87136230e+02,
    6.50008240e+02, 7.01858704e+02, 6.64405457e+02, 7.16705505e+02,
    6.78892639e+02, 7.31623291e+02, 6.93084106e+02, 7.46466431e+02,
    6.19204285e+02, 7.01556702e+02, 6.33750183e+02, 7.16534912e+02,
    6.48227966e+02, 7.31504700e+02, 6.62664978e+02, 7.46457703e+02,
    6.77340027e+02, 7.61606201e+02, 6.02526489e+02, 7.16408020e+02,
    6.17151794e+02, 7.31490906e+02, 6.31838440e+02, 7.46557739e+02,
    6.46404663e+02, 7.61656433e+02, 6.61020264e+02, 7.76740295e+02,
    5.85549988e+02, 7.31423828e+02, 6.00355408e+02, 7.46553406e+02,
    6.15226257e+02, 7.61821472e+02, 6.29785400e+02, 7.77139954e+02,
    6.44538696e+02, 7.92333191e+02 ]
