%YAML:1.0
points: [ 1.24421106e+03, 2.86484955e+02, 1.25751709e+03, 3.02813416e+02,
    1.27079822e+03, 3.19135529e+02, 1.28431213e+03, 3.35459137e+02,
    1.29777649e+03, 3.51680359e+02, 1.22693835e+03, 3.00690674e+02,
    1.24023218e+03, 3.17048431e+02, 1.25339673e+03, 3.33227905e+02,
    1.26665649e+03, 3.49384705e+02, 1.28019751e+03, 3.65431244e+02,
    1.20978259e+03, 3.14812866e+02, 1.22311023e+03, 3.30932343e+02,
    1.23617786e+03, 3.46993927e+02, 1.24945032e+03, 3.63110413e+02,
    1.26251184e+03, 3.79247864e+02, 1.19315320e+03, 3.28774902e+02,
    1.20628687e+03, 3.44716705e+02, 1.21931860e+03, 3.60535706e+02,
    1.23242542e+03, 3.76594757e+02, 1.24553711e+03, 3.92489227e+02,
    1.17662964e+03, 3.42446045e+02, 1.18958032e+03, 3.58177032e+02,
    1.20263989e+03, 3.74025696e+02, 1.21560095e+03, 3.89679657e+02,
    1.22864478e+03, 4.05642303e+02, 1.16045178e+03, 3.55797760e+02,
    1.17334863e+03, 3.71527618e+02, 1.18630676e+03, 3.87190033e+02,
    1.19914001e+03, 4.02912506e+02, 1.21209497e+03, 4.18566467e+02,
    1.14452173e+03, 3.69101685e+02, 1.15731189e+03, 3.84643707e+02,
    1.17013379e+03, 4.00253815e+02, 1.18288989e+03, 4.15678986e+02,
    1.19568787e+03, 4.31350189e+02 ]
