%YAML:1.0
points: [ 1.09360120e+03, 6.22663513e+02, 1.07345337e+03, 6.22315613e+02,
    1.05371643e+03, 6.21516785e+02, 1.03432837e+03, 6.20801575e+02,
    1.01565710e+03, 6.20367004e+02, 1.09378699e+03, 6.01371887e+02,
    1.07396741e+03, 6.00845886e+02, 1.05413733e+03, 6.00482117e+02,
    1.03477917e+03, 6.00134705e+02, 1.01595966e+03, 5.99627747e+02,
    1.09403857e+03, 5.79942688e+02, 1.07423376e+03, 5.79640259e+02,
    1.05448450e+03, 5.79414246e+02, 1.03523865e+03, 5.79233093e+02,
    1.01621271e+03, 5.79018616e+02, 1.09381384e+03, 5.58401428e+02,
    1.07431604e+03, 5.58414551e+02, 1.05475122e+03, 5.58358887e+02,
    1.03543848e+03, 5.58451355e+02, 1.01642023e+03, 5.58482910e+02,
    1.09418188e+03, 5.36996826e+02, 1.07456641e+03, 5.37327087e+02,
    1.05503882e+03, 5.37538635e+02, 1.03567651e+03, 5.37664368e+02,
    1.01671490e+03, 5.37976135e+02, 1.09438281e+03, 5.15753784e+02,
    1.07470056e+03, 5.16161621e+02, 1.05523877e+03, 5.16548767e+02,
    1.03598108e+03, 5.16861328e+02, 1.01703320e+03, 5.17280151e+02,
    1.09470544e+03, 4.94402069e+02, 1.07480835e+03, 4.95005096e+02,
    1.05550830e+03, 4.95680756e+02, 1.03626367e+03, 4.96299164e+02,
    1.01739026e+03, 4.96773590e+02 ]
