%YAML:1.0
---
depthShift: 1.1416209294505519e+01
