%YAML:1.0
---
cameraMatrix: !!opencv-matrix
   rows: 3
   cols: 3
   dt: d
   data: [ 1.0787279087482832e+03, 0., 9.5774126691171875e+02, 0.,
       1.0801798239120542e+03, 5.4195173737430707e+02, 0., 0., 1. ]
distortionCoefficients: !!opencv-matrix
   rows: 1
   cols: 5
   dt: d
   data: [ 9.4006162496478016e-02, -1.5869733537654743e-01,
       -9.0473660559946042e-05, -1.7667353868262422e-03,
       7.5007065199083053e-02 ]
rotation: !!opencv-matrix
   rows: 3
   cols: 3
   dt: d
   data: [ 1., 0., 0., 0., 1., 0., 0., 0., 1. ]
projection: !!opencv-matrix
   rows: 4
   cols: 4
   dt: d
   data: [ 1.0787279087482832e+03, 0., 9.5774126691171875e+02, 0., 0.,
       1.0801798239120542e+03, 5.4195173737430707e+02, 0., 0., 0., 1.,
       0., 0., 0., 0., 1. ]
