%YAML:1.0
---
cameraMatrix: !!opencv-matrix
   rows: 3
   cols: 3
   dt: d
   data: [ 1.0686250634527028e+03, 0., 9.6502894254327441e+02, 0.,
       1.0680895629478455e+03, 5.3639647783950784e+02, 0., 0., 1. ]
distortionCoefficients: !!opencv-matrix
   rows: 1
   cols: 5
   dt: d
   data: [ 8.0606163230186337e-02, -1.4331036026748220e-01,
       -5.3769371925379151e-04, 1.2194096536079259e-03,
       6.5075286525438467e-02 ]
rotation: !!opencv-matrix
   rows: 3
   cols: 3
   dt: d
   data: [ 1., 0., 0., 0., 1., 0., 0., 0., 1. ]
projection: !!opencv-matrix
   rows: 4
   cols: 4
   dt: d
   data: [ 1.0686250634527028e+03, 0., 9.6502894254327441e+02, 0., 0.,
       1.0680895629478455e+03, 5.3639647783950784e+02, 0., 0., 0., 1.,
       0., 0., 0., 0., 1. ]
