%YAML:1.0
---
rotation: !!opencv-matrix
   rows: 3
   cols: 3
   dt: d
   data: [ 9.9995065254706106e-01, -2.7774508288354672e-03,
       -9.5382512862820096e-03, 2.7777897298735497e-03,
       9.9999614168639983e-01, 2.2282959427285233e-05,
       9.5381525948932191e-03, -4.8777116283984284e-05,
       9.9995450959824639e-01 ]
translation: !!opencv-matrix
   rows: 3
   cols: 1
   dt: d
   data: [ -5.4478132647258197e-02, -1.8093720840775425e-03,
       4.2085010615487951e-02 ]
essential: !!opencv-matrix
   rows: 3
   cols: 3
   dt: d
   data: [ -1.3416137730819331e-04, -4.2084759982366583e-02,
       -1.8102275535985578e-03, 4.2602554569681553e-02,
       -1.1954633382660608e-04, 5.4074237008480915e-02,
       1.6579539988035316e-03, -5.4482947895532687e-02,
       -1.8472179627768496e-05 ]
fundamental: !!opencv-matrix
   rows: 3
   cols: 3
   dt: d
   data: [ 2.4785940512371971e-07, 7.7743368336045547e-05,
       -1.4895144958866388e-02, -7.8746492902674698e-05,
       2.2094920588942780e-07, -1.4741574828781486e-02,
       3.8726925931913674e-02, 3.2410359410071192e-02, 1. ]
