%YAML:1.0
---
cameraMatrix: !!opencv-matrix
   rows: 3
   cols: 3
   dt: d
   data: [ 3.4544072407395436e+02, 0., 2.5183238192018618e+02, 0.,
       3.4547206171407106e+02, 2.0565096698893797e+02, 0., 0., 1. ]
distortionCoefficients: !!opencv-matrix
   rows: 1
   cols: 5
   dt: d
   data: [ 5.6550430668174258e-02, -1.9072352578164092e-01,
       1.2429195116021427e-03, 1.6438092751433641e-04,
       5.1984393620644387e-02 ]
rotation: !!opencv-matrix
   rows: 3
   cols: 3
   dt: d
   data: [ 1., 0., 0., 0., 1., 0., 0., 0., 1. ]
projection: !!opencv-matrix
   rows: 4
   cols: 4
   dt: d
   data: [ 3.4544072407395436e+02, 0., 2.5183238192018618e+02, 0., 0.,
       3.4547206171407106e+02, 2.0565096698893797e+02, 0., 0., 0., 1.,
       0., 0., 0., 0., 1. ]
