%YAML:1.0
---
cameraMatrix: !!opencv-matrix
   rows: 3
   cols: 3
   dt: d
   data: [ 1.0624331663986090e+03, 0., 9.5976612830499334e+02, 0.,
       1.0590480539981386e+03, 5.3419983651391294e+02, 0., 0., 1. ]
distortionCoefficients: !!opencv-matrix
   rows: 1
   cols: 5
   dt: d
   data: [ 7.5255891668005295e-02, -1.3706238418650413e-01,
       -1.4015455626796810e-03, 3.8717799261805378e-04,
       6.2340400592623461e-02 ]
rotation: !!opencv-matrix
   rows: 3
   cols: 3
   dt: d
   data: [ 1., 0., 0., 0., 1., 0., 0., 0., 1. ]
projection: !!opencv-matrix
   rows: 4
   cols: 4
   dt: d
   data: [ 1.0624331663986090e+03, 0., 9.5976612830499334e+02, 0., 0.,
       1.0590480539981386e+03, 5.3419983651391294e+02, 0., 0., 0., 1.,
       0., 0., 0., 0., 1. ]
