%YAML:1.0
---
rotation: !!opencv-matrix
   rows: 3
   cols: 3
   dt: d
   data: [ 9.9998400169345869e-01, -2.9482647277434344e-03,
       -4.8274312249982692e-03, 2.9248238877885957e-03,
       9.9998393395658458e-01, -4.8556393954442192e-03,
       4.8416693776388289e-03, 4.8414423272732099e-03,
       9.9997655906217586e-01 ]
translation: !!opencv-matrix
   rows: 3
   cols: 1
   dt: d
   data: [ -5.1912252397602075e-02, -8.4235971794411593e-05,
       -2.4845024295474154e-03 ]
essential: !!opencv-matrix
   rows: 3
   cols: 3
   dt: d
   data: [ 6.8588893300764326e-06, 2.4840546898241920e-03,
       -9.6297845099221522e-05, -2.2331207189582171e-03,
       2.5865514694086838e-04, 5.1923029290328299e-02,
       -6.7599571719904316e-05, -5.1911666723045716e-02,
       2.5166053448753183e-04 ]
fundamental: !!opencv-matrix
   rows: 3
   cols: 3
   dt: d
   data: [ 4.2347670931836642e-09, 1.5388430368224987e-06,
       -3.3696753813506583e-04, -1.3831646736645228e-06,
       1.6074602731698479e-07, 1.1934139419445901e-02,
       6.9047934178778647e-04, -3.5729242581974012e-02, 1. ]
