%YAML:1.0
---
cameraMatrix: !!opencv-matrix
   rows: 3
   cols: 3
   dt: d
   data: [ 3.6126452121166062e+02, 0., 2.5200533159681081e+02, 0.,
       3.6005419601891214e+02, 2.0432309908429474e+02, 0., 0., 1. ]
distortionCoefficients: !!opencv-matrix
   rows: 1
   cols: 5
   dt: d
   data: [ 1.0375135984483282e-01, -3.0517766027373822e-01,
       -1.3093293848699676e-03, 3.2142631402459440e-04,
       1.2487786411418968e-01 ]
rotation: !!opencv-matrix
   rows: 3
   cols: 3
   dt: d
   data: [ 1., 0., 0., 0., 1., 0., 0., 0., 1. ]
projection: !!opencv-matrix
   rows: 4
   cols: 4
   dt: d
   data: [ 3.6126452121166062e+02, 0., 2.5200533159681081e+02, 0., 0.,
       3.6005419601891214e+02, 2.0432309908429474e+02, 0., 0., 0., 1.,
       0., 0., 0., 0., 1. ]
