%YAML:1.0
---
depthShift: -1.2645150097324318e+01
