%YAML:1.0
---
cameraMatrix: !!opencv-matrix
   rows: 3
   cols: 3
   dt: d
   data: [1077.344924, 0.000000, 952.916847, 0.000000, 1081.332872, 543.568786, 0.000000, 0.000000, 1.000000]
distortionCoefficients: !!opencv-matrix
   rows: 1
   cols: 5
   dt: d
   data: [0.059394, -0.068563, 0.000718, -0.001467, 0.000000]
rotation: !!opencv-matrix
   rows: 3
   cols: 3
   dt: d
   data: [1., 0., 0., 0., 1., 0., 0., 0., 1.]
projection: !!opencv-matrix
   rows: 4
   cols: 4
   dt: d
   data: [1081.769409, 0.000000, 948.291409, 0.000000, 0.000000, 1096.591797, 544.276857, 0.000000, 0.000000, 0.000000, 1.000000, 0.000000]
