%YAML:1.0
---
depthShift: -4.4804159425211424e+01
