%YAML:1.0
---
rotation: !!opencv-matrix
   rows: 3
   cols: 3
   dt: d
   data: [ 9.9995451812099312e-01, -9.4112487359904445e-03,
       -1.5459905050483657e-03, 9.3915186777619817e-03,
       9.9988014015488691e-01, -1.2308724579289887e-02,
       1.6616456715043974e-03, 1.2293645556664037e-02,
       9.9992304964561618e-01 ]
translation: !!opencv-matrix
   rows: 3
   cols: 1
   dt: d
   data: [ -8.3145649545984503e-02, 1.3311961388828405e-04,
       -1.1854960989493690e-02 ]
essential: !!opencv-matrix
   rows: 3
   cols: 3
   dt: d
   data: [ 1.1155728518717946e-04, 1.1855176581055449e-02,
       -1.2810079431083816e-05, -1.1767774210736463e-02,
       7.5263011946794097e-04, 5.2159964576899844e-02,
       -6.2284040103325580e-04, -5.2138146554708657e-02,
       6.4205223992880301e-04 ]
fundamental: !!opencv-matrix
   rows: 3
   cols: 3
   dt: d
   data: [ 4.8064782870219935e-08, 5.0998169401633079e-06,
       -1.0619860586666453e-03, -5.0633649227070371e-06,
       3.2332851549197551e-07, 9.5431191472831588e-03,
       2.4085863410471045e-03, -2.9253889412430126e-02, 1. ]
