%YAML:1.0
---
cameraMatrix: !!opencv-matrix
   rows: 3
   cols: 3
   dt: d
   data: [ 3.7074496260533994e+02, 0., 2.5455205362710274e+02, 0.,
       3.7132804119165803e+02, 2.0543969398289792e+02, 0., 0., 1. ]
distortionCoefficients: !!opencv-matrix
   rows: 1
   cols: 5
   dt: d
   data: [ 1.4224851779658790e-01, -3.4189154284936352e-01,
       -2.6494264370666020e-03, -1.6822594731455709e-03,
       1.1880281903103163e-01 ]
rotation: !!opencv-matrix
   rows: 3
   cols: 3
   dt: d
   data: [ 1., 0., 0., 0., 1., 0., 0., 0., 1. ]
projection: !!opencv-matrix
   rows: 4
   cols: 4
   dt: d
   data: [ 3.7074496260533994e+02, 0., 2.5455205362710274e+02, 0., 0.,
       3.7132804119165803e+02, 2.0543969398289792e+02, 0., 0., 0., 1.,
       0., 0., 0., 0., 1. ]
