%YAML:1.0
---
points: [ 1.60435303e+02, 2.40442657e+02, 1.73348175e+02, 2.35346939e+02,
    1.86107162e+02, 2.30289200e+02, 1.99340118e+02, 2.25075989e+02,
    2.12562302e+02, 2.19814056e+02, 2.26169830e+02, 2.14469208e+02,
    2.39880188e+02, 2.08970062e+02, 2.53881607e+02, 2.03614471e+02,
    1.66328186e+02, 2.53966721e+02, 1.78969543e+02, 2.49186737e+02,
    1.91988434e+02, 2.44180695e+02, 2.05056137e+02, 2.39314728e+02,
    2.18476730e+02, 2.34025284e+02, 2.32121017e+02, 2.28850067e+02,
    2.45819855e+02, 2.23756012e+02, 2.60071625e+02, 2.18191040e+02,
    1.72072769e+02, 2.67374695e+02, 1.85001389e+02, 2.62634338e+02,
    1.98009445e+02, 2.57760162e+02, 2.11116547e+02, 2.52977661e+02,
    2.24454422e+02, 2.47985992e+02, 2.38076050e+02, 2.43064880e+02,
    2.51876419e+02, 2.37936234e+02, 2.65970795e+02, 2.32974670e+02,
    1.77610306e+02, 2.81115936e+02, 1.90654831e+02, 2.76289062e+02,
    2.03734070e+02, 2.71485077e+02, 2.16856659e+02, 2.66794464e+02,
    2.30214096e+02, 2.62085999e+02, 2.43892487e+02, 2.57137421e+02,
    2.57879822e+02, 2.52255646e+02, 2.71922699e+02, 2.47337234e+02,
    1.83224869e+02, 2.94535400e+02, 1.96066010e+02, 2.89954285e+02,
    2.09281128e+02, 2.85377716e+02, 2.22459290e+02, 2.80834045e+02,
    2.36024673e+02, 2.75983673e+02, 2.49762054e+02, 2.71282074e+02,
    2.63677399e+02, 2.66775940e+02, 2.77988281e+02, 2.61890778e+02,
    1.89042755e+02, 3.07844391e+02, 2.01897507e+02, 3.03445984e+02,
    2.15025436e+02, 2.98947357e+02, 2.28096359e+02, 2.94663788e+02,
    2.41881912e+02, 2.89919250e+02, 2.55572739e+02, 2.85455414e+02,
    2.69639008e+02, 2.80901978e+02, 2.83752838e+02, 2.76227142e+02 ]
