%YAML:1.0
---
points: [ 5.86526245e+02, 6.29559570e+02, 6.24121155e+02, 6.14827454e+02,
    6.61691223e+02, 6.00364380e+02, 6.99806396e+02, 5.85330200e+02,
    7.38440369e+02, 5.70334045e+02, 7.77863037e+02, 5.54642029e+02,
    8.17562256e+02, 5.39477905e+02, 8.58125793e+02, 5.23579956e+02,
    6.03836914e+02, 6.69725037e+02, 6.40616821e+02, 6.56153564e+02,
    6.78671265e+02, 6.41665710e+02, 7.16793884e+02, 6.27381836e+02,
    7.55910583e+02, 6.12333557e+02, 7.95584412e+02, 5.97453369e+02,
    8.35120728e+02, 5.82583496e+02, 8.76446106e+02, 5.66930786e+02,
    6.20965515e+02, 7.10014343e+02, 6.59000305e+02, 6.95850891e+02,
    6.96621399e+02, 6.82105591e+02, 7.34681152e+02, 6.68192871e+02,
    7.73448914e+02, 6.54064087e+02, 8.12980530e+02, 6.39544189e+02,
    8.52947510e+02, 6.25050354e+02, 8.93532288e+02, 6.10522461e+02,
    6.37368347e+02, 7.50345947e+02, 6.75730713e+02, 7.36414001e+02,
    7.13512512e+02, 7.22654724e+02, 7.51821838e+02, 7.09223022e+02,
    7.90253723e+02, 6.95532471e+02, 8.29934143e+02, 6.81660950e+02,
    8.70523499e+02, 6.67289917e+02, 9.11265503e+02, 6.53230164e+02,
    6.53911987e+02, 7.90334167e+02, 6.91468811e+02, 7.77128906e+02,
    7.29927246e+02, 7.63663147e+02, 7.67733582e+02, 7.50631348e+02,
    8.07365051e+02, 7.36844055e+02, 8.47384827e+02, 7.23042542e+02,
    8.87592285e+02, 7.09625977e+02, 9.28418152e+02, 6.95919800e+02,
    6.70739441e+02, 8.29638428e+02, 7.08592651e+02, 8.16887207e+02,
    7.46546021e+02, 8.04113403e+02, 7.84466919e+02, 7.91650635e+02,
    8.24421936e+02, 7.78005493e+02, 8.64154480e+02, 7.64822327e+02,
    9.04552246e+02, 7.51578613e+02, 9.45515930e+02, 7.38474609e+02 ]
