%YAML:1.0
---
points: [ 6.72263794e+02, 6.13079773e+02, 7.03006836e+02, 6.26734680e+02,
    7.33819702e+02, 6.40403625e+02, 7.65283386e+02, 6.53986511e+02,
    7.96913879e+02, 6.67766296e+02, 8.29012756e+02, 6.81616150e+02,
    8.61457153e+02, 6.95191345e+02, 8.94187683e+02, 7.09300415e+02,
    6.51769531e+02, 6.40275818e+02, 6.82908813e+02, 6.53788513e+02,
    7.14393921e+02, 6.68410889e+02, 7.46156677e+02, 6.82592651e+02,
    7.78451904e+02, 6.96849976e+02, 8.11084473e+02, 7.11478333e+02,
    8.44050842e+02, 7.25257324e+02, 8.77347656e+02, 7.40572754e+02,
    6.30449036e+02, 6.68628601e+02, 6.62388306e+02, 6.83715698e+02,
    6.94194275e+02, 6.98395630e+02, 7.26592468e+02, 7.12800781e+02,
    7.59291321e+02, 7.27378479e+02, 7.92427490e+02, 7.42363586e+02,
    8.25913208e+02, 7.57264954e+02, 8.59756409e+02, 7.71727478e+02,
    6.08357056e+02, 6.97563477e+02, 6.40640015e+02, 7.13667786e+02,
    6.73272522e+02, 7.28630859e+02, 7.06164856e+02, 7.43827515e+02,
    7.39304199e+02, 7.58462891e+02, 7.72915222e+02, 7.74151367e+02,
    8.07081238e+02, 7.90054932e+02, 8.41513062e+02, 8.05495056e+02,
    5.85139404e+02, 7.28287170e+02, 6.17974854e+02, 7.43855408e+02,
    6.51166016e+02, 7.59915283e+02, 6.84499817e+02, 7.75080994e+02,
    7.18381775e+02, 7.91618469e+02, 7.52687256e+02, 8.07934265e+02,
    7.87392883e+02, 8.24108704e+02, 8.22355408e+02, 8.40158936e+02,
    5.61161072e+02, 7.60493958e+02, 5.94335205e+02, 7.76862732e+02,
    6.28021973e+02, 7.93209778e+02, 6.61784058e+02, 8.09096313e+02,
    6.96613342e+02, 8.26096191e+02, 7.31455566e+02, 8.42817566e+02,
    7.66754211e+02, 8.59565674e+02, 8.02461426e+02, 8.76415039e+02 ]
