%YAML:1.0
---
points: [ 1.45372574e+02, 2.16262131e+02, 1.52301453e+02, 2.04976059e+02,
    1.59180222e+02, 1.93913284e+02, 1.66024765e+02, 1.83190140e+02,
    1.72210083e+02, 1.72307648e+02, 1.78469116e+02, 1.62158905e+02,
    1.84664581e+02, 1.51789825e+02, 1.90623108e+02, 1.41679062e+02,
    1.56203690e+02, 2.20890869e+02, 1.63103165e+02, 2.09461075e+02,
    1.70091568e+02, 1.98420288e+02, 1.76645676e+02, 1.87493362e+02,
    1.83010391e+02, 1.76557465e+02, 1.89229645e+02, 1.66029144e+02,
    1.95247543e+02, 1.55590912e+02, 2.01108261e+02, 1.45234406e+02,
    1.67562500e+02, 2.25824890e+02, 1.74481125e+02, 2.14349731e+02,
    1.81105316e+02, 2.02883682e+02, 1.87661880e+02, 1.91724258e+02,
    1.94050018e+02, 1.80973099e+02, 2.00235519e+02, 1.70296021e+02,
    2.06206619e+02, 1.59766205e+02, 2.11724442e+02, 1.49168304e+02,
    1.78847656e+02, 2.30619888e+02, 1.85845673e+02, 2.18953125e+02,
    1.92452240e+02, 2.07556030e+02, 1.98871674e+02, 1.96256165e+02,
    2.05131775e+02, 1.85193359e+02, 2.11346359e+02, 1.74442215e+02,
    2.17191330e+02, 1.63849716e+02, 2.23012695e+02, 1.53306488e+02,
    1.90509888e+02, 2.35748169e+02, 1.97177856e+02, 2.23600067e+02,
    2.03830505e+02, 2.12120316e+02, 2.10312241e+02, 2.00648361e+02,
    2.16449402e+02, 1.89376953e+02, 2.22512482e+02, 1.78438492e+02,
    2.28223633e+02, 1.67497482e+02, 2.34169113e+02, 1.57085999e+02,
    2.02343903e+02, 2.40775833e+02, 2.09035934e+02, 2.28665298e+02,
    2.15632050e+02, 2.16908112e+02, 2.22037521e+02, 2.05243134e+02,
    2.27986465e+02, 1.93948074e+02, 2.34035660e+02, 1.82682892e+02,
    2.39826721e+02, 1.71929337e+02, 2.45491913e+02, 1.60991592e+02 ]
