%YAML:1.0
---
points: [ 4.86409424e+02, 6.25060303e+02, 5.25744507e+02, 6.09569641e+02,
    5.64598572e+02, 5.94491516e+02, 6.03367981e+02, 5.79327820e+02,
    6.41616638e+02, 5.64424011e+02, 6.79994263e+02, 5.49429199e+02,
    7.17674561e+02, 5.34938171e+02, 7.55391968e+02, 5.20357910e+02,
    5.03973602e+02, 6.61606750e+02, 5.42578125e+02, 6.46626587e+02,
    5.81589478e+02, 6.31336548e+02, 6.19766174e+02, 6.16413635e+02,
    6.58172729e+02, 6.01031799e+02, 6.96266479e+02, 5.86298279e+02,
    7.33635498e+02, 5.71774902e+02, 7.71304077e+02, 5.56898865e+02,
    5.21278015e+02, 6.97872192e+02, 5.60437134e+02, 6.82388550e+02,
    5.98600220e+02, 6.67233215e+02, 6.36621887e+02, 6.52106140e+02,
    6.74413025e+02, 6.37340576e+02, 7.12166382e+02, 6.22368591e+02,
    7.49525085e+02, 6.07812439e+02, 7.86532288e+02, 5.93492615e+02,
    5.38090149e+02, 7.33999695e+02, 5.77114441e+02, 7.18211792e+02,
    6.15047668e+02, 7.02703796e+02, 6.52807007e+02, 6.87858887e+02,
    6.90302002e+02, 6.73113953e+02, 7.27750610e+02, 6.58355286e+02,
    7.64985107e+02, 6.43356018e+02, 8.01750977e+02, 6.29055115e+02,
    5.54653381e+02, 7.69576721e+02, 5.92971863e+02, 7.53888428e+02,
    6.31020447e+02, 7.38515808e+02, 6.68413757e+02, 7.23586670e+02,
    7.06003235e+02, 7.08470093e+02, 7.43376587e+02, 6.93455811e+02,
    7.80255249e+02, 6.78901611e+02, 8.16632141e+02, 6.64499023e+02,
    5.71453857e+02, 8.04474060e+02, 6.09428711e+02, 7.88944946e+02,
    6.47019653e+02, 7.73468628e+02, 6.84100098e+02, 7.58875000e+02,
    7.21559387e+02, 7.43322571e+02, 7.58439392e+02, 7.28441467e+02,
    7.95126404e+02, 7.13728699e+02, 8.31357727e+02, 6.99459106e+02 ]
