%YAML:1.0
---
points: [ 1.24377213e+02, 2.39249817e+02, 1.37581528e+02, 2.33911926e+02,
    1.50503860e+02, 2.28687943e+02, 1.63424133e+02, 2.23361099e+02,
    1.76058548e+02, 2.18120834e+02, 1.89082642e+02, 2.12967758e+02,
    2.01706619e+02, 2.07939102e+02, 2.14256424e+02, 2.02841782e+02,
    1.30231415e+02, 2.51516525e+02, 1.43250763e+02, 2.46296753e+02,
    1.56151764e+02, 2.41069000e+02, 1.68932144e+02, 2.35896790e+02,
    1.81683319e+02, 2.30618622e+02, 1.94475998e+02, 2.25461319e+02,
    2.06979507e+02, 2.20503662e+02, 2.19621521e+02, 2.15338272e+02,
    1.36043625e+02, 2.63625336e+02, 1.49003632e+02, 2.58426880e+02,
    1.61732254e+02, 2.53126221e+02, 1.74504486e+02, 2.47964264e+02,
    1.87087585e+02, 2.42676910e+02, 1.99786774e+02, 2.37613571e+02,
    2.12293854e+02, 2.32458832e+02, 2.24649948e+02, 2.27569153e+02,
    1.41689743e+02, 2.75968506e+02, 1.54494308e+02, 2.70425049e+02,
    1.67208054e+02, 2.65127625e+02, 1.79884689e+02, 2.59942108e+02,
    1.92452133e+02, 2.54783157e+02, 2.05111053e+02, 2.49553192e+02,
    2.17422226e+02, 2.44555542e+02, 2.29719238e+02, 2.39527267e+02,
    1.47123795e+02, 2.87886078e+02, 1.59869003e+02, 2.82486786e+02,
    1.72566025e+02, 2.77201843e+02, 1.85146378e+02, 2.72009430e+02,
    1.97656555e+02, 2.66746552e+02, 2.10188782e+02, 2.61540497e+02,
    2.22450272e+02, 2.56577332e+02, 2.34781631e+02, 2.51508713e+02,
    1.52738678e+02, 2.99578491e+02, 1.65262131e+02, 2.94332336e+02,
    1.77938126e+02, 2.88948029e+02, 1.90302628e+02, 2.83889648e+02,
    2.02814133e+02, 2.78493835e+02, 2.15157227e+02, 2.73440826e+02,
    2.27480865e+02, 2.68383698e+02, 2.39678848e+02, 2.63316437e+02 ]
