%YAML:1.0
---
points: [ 9.90703186e+02, 5.97600891e+02, 1.01544904e+03, 6.14709351e+02,
    1.04045337e+03, 6.31834656e+02, 1.06613916e+03, 6.49453857e+02,
    1.09235693e+03, 6.67326050e+02, 1.11926489e+03, 6.85678589e+02,
    1.14662708e+03, 7.04239990e+02, 1.17466992e+03, 7.23414917e+02,
    9.72219727e+02, 6.21834351e+02, 9.96548218e+02, 6.38924438e+02,
    1.02181635e+03, 6.56699280e+02, 1.04731299e+03, 6.74708618e+02,
    1.07347742e+03, 6.93157776e+02, 1.10040039e+03, 7.12044495e+02,
    1.12769043e+03, 7.30838806e+02, 1.15585852e+03, 7.50588562e+02,
    9.53318604e+02, 6.46432800e+02, 9.77822632e+02, 6.64385254e+02,
    1.00297125e+03, 6.82285767e+02, 1.02858191e+03, 7.00515381e+02,
    1.05456226e+03, 7.19262939e+02, 1.08141479e+03, 7.38512268e+02,
    1.10870129e+03, 7.58017761e+02, 1.13662024e+03, 7.77910217e+02,
    9.34220825e+02, 6.70895996e+02, 9.58936462e+02, 6.89450623e+02,
    9.83929016e+02, 7.07746582e+02, 1.00945135e+03, 7.26511047e+02,
    1.03552344e+03, 7.45391541e+02, 1.06219592e+03, 7.65294128e+02,
    1.08946765e+03, 7.85469116e+02, 1.11737451e+03, 8.05789734e+02,
    9.14792053e+02, 6.95837341e+02, 9.39396057e+02, 7.14473755e+02,
    9.64515808e+02, 7.33461853e+02, 9.89852661e+02, 7.52445251e+02,
    1.01603925e+03, 7.72398438e+02, 1.04274048e+03, 7.92552063e+02,
    1.06989722e+03, 8.13084290e+02, 1.09769385e+03, 8.33944275e+02,
    8.95398071e+02, 7.21502747e+02, 9.19883118e+02, 7.40554688e+02,
    9.44840515e+02, 7.59766479e+02, 9.70117676e+02, 7.79284180e+02,
    9.96310181e+02, 7.99574402e+02, 1.02288190e+03, 8.20095703e+02,
    1.05020129e+03, 8.41147705e+02, 1.07784790e+03, 8.62524109e+02 ]
