%YAML:1.0
---
points: [ 1.99099228e+02, 2.13533157e+02, 2.06358948e+02, 2.02134598e+02,
    2.13714279e+02, 1.90950424e+02, 2.20942932e+02, 1.79873779e+02,
    2.27640320e+02, 1.68789810e+02, 2.34622635e+02, 1.57998474e+02,
    2.41305740e+02, 1.47069199e+02, 2.47884125e+02, 1.36422928e+02,
    2.09085510e+02, 2.18725830e+02, 2.16543869e+02, 2.07242569e+02,
    2.24016617e+02, 1.95882889e+02, 2.31106995e+02, 1.84618530e+02,
    2.38022141e+02, 1.73154007e+02, 2.44995789e+02, 1.62184738e+02,
    2.51713715e+02, 1.51134995e+02, 2.58327118e+02, 1.40108337e+02,
    2.19762451e+02, 2.24348755e+02, 2.27292847e+02, 2.12701584e+02,
    2.34514816e+02, 2.00856232e+02, 2.41660675e+02, 1.89254272e+02,
    2.48919693e+02, 1.77990585e+02, 2.55903183e+02, 1.66813080e+02,
    2.62657928e+02, 1.55558426e+02, 2.69082520e+02, 1.44189438e+02,
    2.30518021e+02, 2.29857910e+02, 2.38184860e+02, 2.17984100e+02,
    2.45562134e+02, 2.06123199e+02, 2.52766525e+02, 1.94286316e+02,
    2.59911133e+02, 1.82689072e+02, 2.67006714e+02, 1.71335144e+02,
    2.73811096e+02, 1.59879272e+02, 2.80539490e+02, 1.48483719e+02,
    2.41790573e+02, 2.35980392e+02, 2.49311844e+02, 2.23420349e+02,
    2.56858154e+02, 2.11391113e+02, 2.64203705e+02, 1.99315674e+02,
    2.71249451e+02, 1.87387726e+02, 2.78358887e+02, 1.75687927e+02,
    2.85112061e+02, 1.63944885e+02, 2.92185547e+02, 1.52605255e+02,
    2.53595856e+02, 2.41977768e+02, 2.61131317e+02, 2.29422913e+02,
    2.68670319e+02, 2.17063004e+02, 2.76113861e+02, 2.04714996e+02,
    2.83289795e+02, 1.92601852e+02, 2.90429108e+02, 1.80577362e+02,
    2.97316071e+02, 1.68829147e+02, 3.04225586e+02, 1.56876297e+02 ]
