%YAML:1.0
---
points: [ 3.21558807e+02, 1.29919662e+02, 3.25200592e+02, 1.39311935e+02,
    3.28870026e+02, 1.48786453e+02, 3.32893188e+02, 1.58926224e+02,
    3.37057434e+02, 1.69160477e+02, 3.41328278e+02, 1.80127075e+02,
    3.45724762e+02, 1.91313263e+02, 3.50337860e+02, 2.03043167e+02,
    3.08913513e+02, 1.34860428e+02, 3.11983978e+02, 1.44096085e+02,
    3.15609924e+02, 1.53881439e+02, 3.19090179e+02, 1.63915237e+02,
    3.22868927e+02, 1.74343582e+02, 3.26799927e+02, 1.85304413e+02,
    3.30764038e+02, 1.96401459e+02, 3.35199493e+02, 2.08582123e+02,
    2.96562927e+02, 1.39958130e+02, 2.99409332e+02, 1.49467941e+02,
    3.02615448e+02, 1.59246841e+02, 3.05821228e+02, 1.69178268e+02,
    3.09285828e+02, 1.79569763e+02, 3.12794861e+02, 1.90473724e+02,
    3.16403839e+02, 2.01814667e+02, 3.20259277e+02, 2.13519638e+02,
    2.83943634e+02, 1.44473328e+02, 2.86908508e+02, 1.54300156e+02,
    2.89825378e+02, 1.64106964e+02, 2.92721497e+02, 1.74125610e+02,
    2.95739471e+02, 1.84435852e+02, 2.98860809e+02, 1.95369751e+02,
    3.02362091e+02, 2.06995361e+02, 3.05846802e+02, 2.18648178e+02,
    2.71897491e+02, 1.49259750e+02, 2.74464539e+02, 1.58746475e+02,
    2.76960266e+02, 1.68627625e+02, 2.79703522e+02, 1.78627823e+02,
    2.82610687e+02, 1.89382156e+02, 2.85490662e+02, 2.00381958e+02,
    2.88426270e+02, 2.11797882e+02, 2.91465088e+02, 2.23597321e+02,
    2.60094452e+02, 1.54014725e+02, 2.62342255e+02, 1.63622711e+02,
    2.64590271e+02, 1.73480148e+02, 2.67079437e+02, 1.83337860e+02,
    2.69674774e+02, 1.94204178e+02, 2.72187714e+02, 2.05204468e+02,
    2.74735718e+02, 2.16644958e+02, 2.77499878e+02, 2.28415131e+02 ]
