%YAML:1.0
---
points: [ 1.54888748e+02, 2.04119934e+02, 1.67352386e+02, 2.04364487e+02,
    1.79635452e+02, 2.04298645e+02, 1.92250717e+02, 2.04235092e+02,
    2.04461609e+02, 2.04058853e+02, 2.16820267e+02, 2.04064026e+02,
    2.29252686e+02, 2.03939163e+02, 2.41448471e+02, 2.03867920e+02,
    1.53618774e+02, 2.15823792e+02, 1.66162674e+02, 2.15756287e+02,
    1.78761902e+02, 2.15945663e+02, 1.91321564e+02, 2.15887161e+02,
    2.03802414e+02, 2.15807236e+02, 2.16322296e+02, 2.15762466e+02,
    2.28765579e+02, 2.15519485e+02, 2.41228104e+02, 2.15575699e+02,
    1.52191208e+02, 2.27632889e+02, 1.65122589e+02, 2.27915421e+02,
    1.77788879e+02, 2.27907059e+02, 1.90412323e+02, 2.27744385e+02,
    2.03134140e+02, 2.27657761e+02, 2.15718430e+02, 2.27680984e+02,
    2.28391296e+02, 2.27602341e+02, 2.41043091e+02, 2.27342590e+02,
    1.50578659e+02, 2.39722198e+02, 1.63702698e+02, 2.40004959e+02,
    1.76643097e+02, 2.39993622e+02, 1.89508133e+02, 2.40011444e+02,
    2.02237350e+02, 2.39888016e+02, 2.15054642e+02, 2.39856354e+02,
    2.28110718e+02, 2.39913681e+02, 2.40672226e+02, 2.39668533e+02,
    1.49082718e+02, 2.52297668e+02, 1.62212646e+02, 2.52241928e+02,
    1.75405380e+02, 2.52380386e+02, 1.88407166e+02, 2.52276825e+02,
    2.01490860e+02, 2.52307983e+02, 2.14563446e+02, 2.52322922e+02,
    2.27543594e+02, 2.52269867e+02, 2.40463303e+02, 2.52208145e+02,
    1.47751053e+02, 2.65176697e+02, 1.60932693e+02, 2.65278778e+02,
    1.74315750e+02, 2.65278412e+02, 1.87266281e+02, 2.65259918e+02,
    2.00779434e+02, 2.65248444e+02, 2.13908539e+02, 2.65266449e+02,
    2.27227463e+02, 2.65165649e+02, 2.40232758e+02, 2.65160736e+02 ]
