%YAML:1.0
---
points: [ 5.86480469e+02, 5.22392456e+02, 6.23693970e+02, 5.22972534e+02,
    6.60564270e+02, 5.23365906e+02, 6.97401367e+02, 5.23560669e+02,
    7.33763184e+02, 5.23628052e+02, 7.70615417e+02, 5.23715393e+02,
    8.06837402e+02, 5.23555664e+02, 8.43269409e+02, 5.23607666e+02,
    5.81420410e+02, 5.56428711e+02, 6.18532471e+02, 5.56597961e+02,
    6.56096558e+02, 5.57450500e+02, 6.93129395e+02, 5.57790039e+02,
    7.30483276e+02, 5.58252014e+02, 7.67720764e+02, 5.58428833e+02,
    8.04382629e+02, 5.58104126e+02, 8.41471313e+02, 5.58432495e+02,
    5.76033264e+02, 5.91817810e+02, 6.14301208e+02, 5.92565979e+02,
    6.52217224e+02, 5.92970581e+02, 6.89728394e+02, 5.93255493e+02,
    7.27240417e+02, 5.93397766e+02, 7.64653442e+02, 5.93494995e+02,
    8.02149414e+02, 5.93417847e+02, 8.39153442e+02, 5.93271118e+02,
    5.69898071e+02, 6.27513550e+02, 6.09166992e+02, 6.28601624e+02,
    6.47512085e+02, 6.28806885e+02, 6.85649292e+02, 6.29173279e+02,
    7.23516174e+02, 6.28838806e+02, 7.61551575e+02, 6.29212769e+02,
    7.99586792e+02, 6.29505310e+02, 8.37340759e+02, 6.29472839e+02,
    5.64170837e+02, 6.64407227e+02, 6.03233582e+02, 6.64937317e+02,
    6.42440002e+02, 6.65453857e+02, 6.80787903e+02, 6.65507629e+02,
    7.19722412e+02, 6.66155579e+02, 7.58532349e+02, 6.66497864e+02,
    7.96829773e+02, 6.66473145e+02, 8.34829712e+02, 6.66419434e+02,
    5.58506348e+02, 7.02304871e+02, 5.97842285e+02, 7.03133179e+02,
    6.37603088e+02, 7.03449280e+02, 6.76293701e+02, 7.03444214e+02,
    7.16063843e+02, 7.04096008e+02, 7.55043274e+02, 7.04381775e+02,
    7.93998413e+02, 7.04466553e+02, 8.32590820e+02, 7.04477112e+02 ]
