%YAML:1.0
---
points: [ 9.97735657e+02, 3.61441101e+02, 1.02260388e+03, 3.79061920e+02,
    1.04775305e+03, 3.96563995e+02, 1.07334753e+03, 4.14319824e+02,
    1.09924963e+03, 4.32171814e+02, 1.12555798e+03, 4.50474274e+02,
    1.15228967e+03, 4.68636169e+02, 1.17937512e+03, 4.87319031e+02,
    9.78644470e+02, 3.86365509e+02, 1.00346997e+03, 4.03796295e+02,
    1.02851331e+03, 4.21766296e+02, 1.05388806e+03, 4.39720673e+02,
    1.07961560e+03, 4.57927155e+02, 1.10592163e+03, 4.76511353e+02,
    1.13238806e+03, 4.94799103e+02, 1.15947510e+03, 5.13839050e+02,
    9.59748352e+02, 4.11255432e+02, 9.84497314e+02, 4.29431427e+02,
    1.00941022e+03, 4.47350830e+02, 1.03461060e+03, 4.65430115e+02,
    1.06026123e+03, 4.83564575e+02, 1.08631177e+03, 5.02379089e+02,
    1.11269690e+03, 5.21101746e+02, 1.13937866e+03, 5.40028931e+02,
    9.40692078e+02, 4.35909058e+02, 9.65417297e+02, 4.54401215e+02,
    9.90304504e+02, 4.72522949e+02, 1.01539410e+03, 4.90733948e+02,
    1.04085657e+03, 5.09051971e+02, 1.06670862e+03, 5.28024841e+02,
    1.09302307e+03, 5.47230652e+02, 1.11952698e+03, 5.66375122e+02,
    9.21552612e+02, 4.60710205e+02, 9.46044617e+02, 4.79057373e+02,
    9.70873291e+02, 4.97514862e+02, 9.95795959e+02, 5.15847229e+02,
    1.02134271e+03, 5.34822998e+02, 1.04711279e+03, 5.54018311e+02,
    1.07327441e+03, 5.73329102e+02, 1.09959253e+03, 5.92597961e+02,
    9.02521118e+02, 4.85730896e+02, 9.26838806e+02, 5.04303192e+02,
    9.51552551e+02, 5.22828552e+02, 9.76355408e+02, 5.41384399e+02,
    1.00172260e+03, 5.60545776e+02, 1.02749438e+03, 5.79765259e+02,
    1.05349097e+03, 5.99346741e+02, 1.07973242e+03, 6.18888733e+02 ]
