%YAML:1.0
---
points: [ 7.56878204e+01, 2.09474747e+02, 8.40967102e+01, 2.09781631e+02,
    9.25062714e+01, 2.10611374e+02, 1.01550224e+02, 2.11169983e+02,
    1.10594978e+02, 2.11561417e+02, 1.19840530e+02, 2.12298889e+02,
    1.29284958e+02, 2.12846985e+02, 1.38858932e+02, 2.13408386e+02,
    7.19344177e+01, 2.20716965e+02, 7.97774200e+01, 2.21554916e+02,
    8.87651443e+01, 2.22251434e+02, 9.76487503e+01, 2.22974777e+02,
    1.06742043e+02, 2.23916916e+02, 1.16035164e+02, 2.24538681e+02,
    1.25510750e+02, 2.25122986e+02, 1.35129868e+02, 2.26072495e+02,
    6.77500000e+01, 232., 7.64397354e+01, 2.33261566e+02, 8.52647781e+01,
    2.34182678e+02, 9.40354309e+01, 2.34997482e+02, 1.03088493e+02,
    2.35860931e+02, 1.12359711e+02, 2.36862610e+02, 1.21959389e+02,
    2.37831406e+02, 1.31544525e+02, 2.38667542e+02, 6.37261429e+01,
    2.43698532e+02, 7.25574646e+01, 2.44994553e+02, 8.12721939e+01,
    2.46163406e+02, 9.00730743e+01, 2.47287201e+02, 9.90208054e+01,
    2.48264801e+02, 1.08306908e+02, 2.49422363e+02, 1.18241577e+02,
    2.50738617e+02, 1.27881409e+02, 2.51667191e+02, 5.95682030e+01,
    2.55454758e+02, 6.81784821e+01, 2.56791229e+02, 7.67296143e+01,
    2.58349182e+02, 8.57621078e+01, 2.59484680e+02, 9.50174255e+01,
    2.60896149e+02, 1.04579636e+02, 2.62385376e+02, 1.14118202e+02,
    2.63816925e+02, 1.24004562e+02, 2.65251129e+02, 5.57736473e+01,
    2.67493408e+02, 6.42958374e+01, 2.69169586e+02, 7.31146545e+01,
    2.70852051e+02, 8.15166092e+01, 2.72117157e+02, 9.10382919e+01,
    2.73847046e+02, 1.00569771e+02, 2.75470673e+02, 1.10160576e+02,
    2.77255585e+02, 1.19942322e+02, 2.78655273e+02 ]
