%YAML:1.0
---
points: [ 3.52873138e+02, 5.35530762e+02, 3.77435760e+02, 5.37787048e+02,
    4.02161957e+02, 5.39707825e+02, 4.27548645e+02, 5.41450317e+02,
    4.53421631e+02, 5.43405701e+02, 4.80171600e+02, 5.45215515e+02,
    5.06492157e+02, 5.46739807e+02, 5.33803833e+02, 5.48731079e+02,
    3.40445038e+02, 5.68725342e+02, 3.63788300e+02, 5.71010254e+02,
    3.89151978e+02, 5.73717957e+02, 4.14508392e+02, 5.76247742e+02,
    4.41112457e+02, 5.78701111e+02, 4.67917267e+02, 5.81407532e+02,
    4.94036346e+02, 5.83263367e+02, 5.22765320e+02, 5.86298340e+02,
    3.27480042e+02, 6.02688843e+02, 3.52488647e+02, 6.06136719e+02,
    3.77575806e+02, 6.08846313e+02, 4.02778717e+02, 6.11938538e+02,
    4.28710480e+02, 6.14709778e+02, 4.55416382e+02, 6.17981750e+02,
    4.82391937e+02, 6.20794922e+02, 5.09590302e+02, 6.23670166e+02,
    3.13451111e+02, 6.36866333e+02, 3.39525391e+02, 6.40917358e+02,
    3.64452148e+02, 6.44512085e+02, 3.90009094e+02, 6.48160095e+02,
    4.15356293e+02, 6.50991577e+02, 4.42122223e+02, 6.54997192e+02,
    4.70192749e+02, 6.58809021e+02, 4.97713501e+02, 6.62376770e+02,
    2.99992706e+02, 6.71765625e+02, 3.24592834e+02, 6.76155945e+02,
    3.50422791e+02, 6.80428955e+02, 3.75107452e+02, 6.84237000e+02,
    4.02245941e+02, 6.88771606e+02, 4.29662659e+02, 6.93191284e+02,
    4.56962372e+02, 6.97479248e+02, 4.84696625e+02, 7.01708557e+02,
    2.86813232e+02, 7.07758118e+02, 3.11637115e+02, 7.12676636e+02,
    3.36615265e+02, 7.17464417e+02, 3.61374023e+02, 7.22021179e+02,
    3.88925568e+02, 7.27151062e+02, 4.16196198e+02, 7.32099792e+02,
    4.43664337e+02, 7.37079834e+02, 4.71283752e+02, 7.41886230e+02 ]
