%YAML:1.0
---
points: [ 3.97446564e+02, 1.20524529e+02, 4.06495544e+02, 1.30622620e+02,
    4.15797455e+02, 1.40754608e+02, 4.25582581e+02, 1.51333298e+02,
    4.35374786e+02, 1.62140396e+02, 4.45697906e+02, 1.73484558e+02,
    4.56066040e+02, 1.84976166e+02, 4.66852539e+02, 1.96936172e+02,
    3.85441681e+02, 1.29901108e+02, 3.94212677e+02, 1.39845535e+02,
    4.03283936e+02, 1.50238663e+02, 4.12685791e+02, 1.60769119e+02,
    4.22349609e+02, 1.71614258e+02, 4.32284241e+02, 1.82932968e+02,
    4.42556763e+02, 1.94611237e+02, 4.52904297e+02, 2.06522690e+02,
    3.73620911e+02, 1.39104752e+02, 3.82204681e+02, 1.49258621e+02,
    3.91015167e+02, 1.59597351e+02, 4.00144409e+02, 1.70121170e+02,
    4.09505798e+02, 1.80975967e+02, 4.19177368e+02, 1.92253662e+02,
    4.29082581e+02, 2.03920532e+02, 4.39383789e+02, 2.15892700e+02,
    3.61885437e+02, 1.47960129e+02, 3.70295410e+02, 1.58210251e+02,
    3.78939880e+02, 1.68561157e+02, 3.87687500e+02, 1.79185745e+02,
    3.96796753e+02, 1.90050964e+02, 4.06174347e+02, 2.01258301e+02,
    4.15993439e+02, 2.13094482e+02, 4.25801331e+02, 2.24964554e+02,
    3.50618439e+02, 1.56798172e+02, 3.58629089e+02, 1.66798508e+02,
    3.66960541e+02, 1.77289215e+02, 3.75482880e+02, 1.87864532e+02,
    3.84368469e+02, 1.98828384e+02, 3.93573395e+02, 2.10282272e+02,
    4.02765808e+02, 2.21896088e+02, 4.12538544e+02, 2.34022171e+02,
    3.39527740e+02, 1.65484604e+02, 3.47316315e+02, 1.75586380e+02,
    3.55367157e+02, 1.85996780e+02, 3.63583679e+02, 1.96421371e+02,
    3.72284119e+02, 2.07483337e+02, 3.81034210e+02, 2.18879166e+02,
    3.90186615e+02, 2.30642319e+02, 3.99454468e+02, 2.42602234e+02 ]
