%YAML:1.0
---
points: [ 1.03448376e+03, 2.03135849e+02, 1.06342761e+03, 2.15238632e+02,
    1.09304529e+03, 2.27181107e+02, 1.12301758e+03, 2.39420715e+02,
    1.15369922e+03, 2.51562378e+02, 1.18526343e+03, 2.64231110e+02,
    1.21725610e+03, 2.76619293e+02, 1.24984082e+03, 2.89522339e+02,
    1.01939343e+03, 2.33998749e+02, 1.04785608e+03, 2.46030411e+02,
    1.07722229e+03, 2.58593231e+02, 1.10708984e+03, 2.71067413e+02,
    1.13745190e+03, 2.83835419e+02, 1.16867090e+03, 2.96632660e+02,
    1.20029724e+03, 3.09478210e+02, 1.23303271e+03, 3.22869965e+02,
    1.00441089e+03, 2.64605621e+02, 1.03299084e+03, 2.77509277e+02,
    1.06210583e+03, 2.89984985e+02, 1.09153333e+03, 3.02734070e+02,
    1.12146362e+03, 3.15557892e+02, 1.15232764e+03, 3.28891541e+02,
    1.18381091e+03, 3.42127838e+02, 1.21562646e+03, 3.55534180e+02,
    9.89258606e+02, 2.94659180e+02, 1.01805115e+03, 3.08037750e+02,
    1.04658679e+03, 3.20809540e+02, 1.07591235e+03, 3.33797424e+02,
    1.10558447e+03, 3.46728516e+02, 1.13624377e+03, 3.60442963e+02,
    1.16738135e+03, 3.74304138e+02, 1.19919812e+03, 3.88121521e+02,
    9.74404602e+02, 3.24757202e+02, 1.00247638e+03, 3.37837189e+02,
    1.03122827e+03, 3.51292938e+02, 1.06008179e+03, 3.64331573e+02,
    1.08979163e+03, 3.78282837e+02, 1.12020581e+03, 3.92151947e+02,
    1.15113135e+03, 4.05976837e+02, 1.18249304e+03, 4.20192749e+02,
    9.59848206e+02, 3.54680847e+02, 9.87633057e+02, 3.68242004e+02,
    1.01595087e+03, 3.81629700e+02, 1.04456543e+03, 3.94982300e+02,
    1.07421936e+03, 4.09242950e+02, 1.10428503e+03, 4.23290588e+02,
    1.13486646e+03, 4.37522247e+02, 1.16590125e+03, 4.51984955e+02 ]
