%YAML:1.0
---
points: [ 3.52842346e+02, 5.35548340e+02, 3.77445801e+02, 5.37798279e+02,
    4.02194489e+02, 5.39690918e+02, 4.27564606e+02, 5.41458496e+02,
    4.53404053e+02, 5.43430603e+02, 4.80180817e+02, 5.45227356e+02,
    5.06465790e+02, 5.46756531e+02, 5.33800293e+02, 5.48733093e+02,
    3.40426666e+02, 5.68782227e+02, 3.63787842e+02, 5.71081787e+02,
    3.89128784e+02, 5.73763428e+02, 4.14522400e+02, 5.76276672e+02,
    4.41100433e+02, 5.78765442e+02, 4.67957062e+02, 5.81441406e+02,
    4.93975220e+02, 5.83292542e+02, 5.22790283e+02, 5.86319519e+02,
    3.27487488e+02, 6.02719299e+02, 3.52432709e+02, 6.06182068e+02,
    3.77560883e+02, 6.08910889e+02, 4.02798004e+02, 6.11969971e+02,
    4.28675232e+02, 6.14748230e+02, 4.55408783e+02, 6.17975220e+02,
    4.82388947e+02, 6.20831482e+02, 5.09610474e+02, 6.23688660e+02,
    3.13437164e+02, 6.36913879e+02, 3.39536469e+02, 6.40956482e+02,
    3.64442566e+02, 6.44524292e+02, 3.90022217e+02, 6.48167236e+02,
    4.15332977e+02, 6.51097595e+02, 4.42100800e+02, 6.55054565e+02,
    4.70196747e+02, 6.58864380e+02, 4.97727386e+02, 6.62413818e+02,
    2.99999664e+02, 6.71815369e+02, 3.24614960e+02, 6.76119263e+02,
    3.50399780e+02, 6.80435181e+02, 3.75130554e+02, 6.84246277e+02,
    4.02271790e+02, 6.88757629e+02, 4.29686066e+02, 6.93213318e+02,
    4.56990631e+02, 6.97491943e+02, 4.84715454e+02, 7.01734802e+02,
    2.86803467e+02, 7.07804871e+02, 3.11663574e+02, 7.12702393e+02,
    3.36600067e+02, 7.17461121e+02, 3.61375214e+02, 7.21979431e+02,
    3.88909668e+02, 7.27181580e+02, 4.16239166e+02, 7.32176392e+02,
    4.43665405e+02, 7.37107788e+02, 4.71302094e+02, 7.41895691e+02 ]
