%YAML:1.0
---
points: [ 1.24603284e+03, 1.82959595e+02, 1.27863086e+03, 1.96150391e+02,
    1.31178552e+03, 2.08810364e+02, 1.34466174e+03, 2.21431274e+02,
    1.37793286e+03, 2.33776871e+02, 1.41101550e+03, 2.46415741e+02,
    1.44465222e+03, 2.58440033e+02, 1.47806250e+03, 2.70848236e+02,
    1.23460388e+03, 2.15322540e+02, 1.26794312e+03, 2.27910812e+02,
    1.30062109e+03, 2.41146683e+02, 1.33368652e+03, 2.53589706e+02,
    1.36668396e+03, 2.66390625e+02, 1.40013586e+03, 2.79128998e+02,
    1.43405542e+03, 2.90884949e+02, 1.46689270e+03, 3.03651093e+02,
    1.22313354e+03, 2.47844757e+02, 1.25580176e+03, 2.61381073e+02,
    1.28888220e+03, 2.74009308e+02, 1.32218054e+03, 2.86567963e+02,
    1.35553638e+03, 2.98963531e+02, 1.38897571e+03, 3.11592590e+02,
    1.42277161e+03, 3.23882568e+02, 1.45656824e+03, 3.35828125e+02,
    1.21181030e+03, 2.80163666e+02, 1.24442310e+03, 2.93768524e+02,
    1.27752869e+03, 3.06613373e+02, 1.31085242e+03, 3.19264923e+02,
    1.34476550e+03, 3.31375275e+02, 1.37853320e+03, 3.44067627e+02,
    1.41154749e+03, 3.56741211e+02, 1.44546887e+03, 3.68827545e+02,
    1.20042993e+03, 3.12932648e+02, 1.23354285e+03, 3.25987061e+02,
    1.26659326e+03, 3.38852112e+02, 1.30046191e+03, 3.51377625e+02,
    1.33352991e+03, 3.64341400e+02, 1.36693958e+03, 3.77208893e+02,
    1.40081128e+03, 3.89473724e+02, 1.43455383e+03, 4.01792847e+02,
    1.18854761e+03, 3.46099091e+02, 1.22172827e+03, 3.59209076e+02,
    1.25526978e+03, 3.72174377e+02, 1.28915088e+03, 3.84503571e+02,
    1.32223254e+03, 3.97493317e+02, 1.35575269e+03, 4.10025848e+02,
    1.38961499e+03, 4.22595673e+02, 1.42380994e+03, 4.34746613e+02 ]
