%YAML:1.0
---
points: [ 3.89991058e+02, 1.25157013e+02, 3.99326935e+02, 1.30462006e+02,
    4.09113708e+02, 1.35827881e+02, 4.19685303e+02, 1.41671341e+02,
    4.30337494e+02, 1.47548706e+02, 4.41992950e+02, 1.54087158e+02,
    4.53773560e+02, 1.60648422e+02, 4.66351288e+02, 1.67693512e+02,
    3.79772247e+02, 1.33498215e+02, 3.88767944e+02, 1.38825867e+02,
    3.98419983e+02, 1.44751450e+02, 4.08553192e+02, 1.50782288e+02,
    4.19206268e+02, 1.57074707e+02, 4.30343231e+02, 1.63754181e+02,
    4.42195038e+02, 1.70507568e+02, 4.54195221e+02, 1.78062973e+02,
    3.69878632e+02, 1.41834503e+02, 3.78554016e+02, 1.47926620e+02,
    3.87858124e+02, 1.53994843e+02, 3.97719055e+02, 1.59990540e+02,
    4.08107208e+02, 1.66423843e+02, 4.18957153e+02, 1.73398911e+02,
    4.30300171e+02, 1.80575134e+02, 4.42467316e+02, 1.88010788e+02,
    3.59290070e+02, 1.49887711e+02, 3.68143494e+02, 1.56453293e+02,
    3.77214111e+02, 1.62702087e+02, 3.86646088e+02, 1.69133499e+02,
    3.96734589e+02, 1.75624374e+02, 4.07180145e+02, 1.82812088e+02,
    4.18530243e+02, 1.90680435e+02, 4.30171265e+02, 1.98281052e+02,
    3.49258728e+02, 1.58445084e+02, 3.57566010e+02, 1.64555252e+02,
    3.66328796e+02, 1.71265854e+02, 3.75603424e+02, 1.77801254e+02,
    3.85366852e+02, 1.84955322e+02, 3.95775452e+02, 1.92486816e+02,
    4.06626862e+02, 2.00364548e+02, 4.18147583e+02, 2.08424271e+02,
    3.39150269e+02, 1.66854126e+02, 3.47242065e+02, 1.73331802e+02,
    3.55826233e+02, 1.80256149e+02, 3.64608551e+02, 1.86671402e+02,
    3.74180817e+02, 1.94404175e+02, 3.84076813e+02, 2.02119263e+02,
    3.94742981e+02, 2.10217651e+02, 4.05707855e+02, 2.18581726e+02 ]
