%YAML:1.0
---
points: [ 7.56467514e+01, 2.09475616e+02, 8.41665878e+01, 2.09826141e+02,
    9.25288391e+01, 2.10600311e+02, 1.01537132e+02, 2.11191467e+02,
    1.10625381e+02, 2.11562973e+02, 1.19823364e+02, 2.12290771e+02,
    1.29302673e+02, 2.12863358e+02, 1.38829315e+02, 2.13387161e+02,
    7.19324875e+01, 2.20728439e+02, 7.97709885e+01, 2.21590149e+02,
    8.87579727e+01, 2.22238724e+02, 9.76115494e+01, 2.22980499e+02,
    1.06724777e+02, 2.23898819e+02, 1.16036255e+02, 2.24528046e+02,
    1.25515381e+02, 2.25158020e+02, 1.35109634e+02, 2.26133606e+02, 68.,
    232., 7.64768982e+01, 2.33280273e+02, 8.52979584e+01, 2.34169540e+02,
    9.40002441e+01, 2.35001221e+02, 1.03067665e+02, 2.35868256e+02,
    1.12347008e+02, 2.36904144e+02, 1.21958435e+02, 2.37821869e+02,
    1.31564880e+02, 2.38695877e+02, 6.37512550e+01, 2.43715866e+02,
    7.25509262e+01, 2.45020294e+02, 8.12802658e+01, 2.46171951e+02,
    9.01167221e+01, 2.47260269e+02, 9.90370407e+01, 2.48239471e+02,
    1.08305305e+02, 2.49453842e+02, 1.18276360e+02, 2.50738831e+02,
    1.27827110e+02, 2.51695129e+02, 5.95433044e+01, 2.55458832e+02,
    6.82099075e+01, 2.56786621e+02, 7.67325287e+01, 2.58349487e+02,
    8.57408066e+01, 2.59514923e+02, 9.50495377e+01, 2.60852264e+02,
    1.04585953e+02, 2.62402283e+02, 1.14132538e+02, 2.63810852e+02,
    1.24004829e+02, 2.65242096e+02, 5.57613335e+01, 2.67486938e+02,
    6.43146133e+01, 2.69192413e+02, 7.30761185e+01, 2.70870148e+02,
    8.15206604e+01, 2.72082550e+02, 9.10814896e+01, 2.73870575e+02,
    1.00485085e+02, 2.75496918e+02, 1.10142899e+02, 2.77250702e+02,
    1.19933640e+02, 2.78643494e+02 ]
