%YAML:1.0
---
points: [ 8.12460632e+01, 2.10741104e+02, 9.36826553e+01, 2.10600845e+02,
    1.05891350e+02, 2.10108917e+02, 1.17011681e+02, 2.09592285e+02,
    1.28045364e+02, 2.09163986e+02, 1.38331268e+02, 2.08921219e+02,
    1.48400208e+02, 2.08353729e+02, 1.57772186e+02, 2.07940826e+02,
    8.47845001e+01, 2.22837570e+02, 9.73808365e+01, 2.21920700e+02,
    1.09362930e+02, 2.21516846e+02, 1.20708672e+02, 2.20710770e+02,
    1.31560577e+02, 2.19925858e+02, 1.41848709e+02, 2.19370743e+02,
    1.51802917e+02, 2.18586792e+02, 1.61299911e+02, 2.17989731e+02,
    8.83239059e+01, 2.35027756e+02, 1.00881927e+02, 2.34229355e+02,
    1.12638931e+02, 2.33194199e+02, 1.24239098e+02, 2.32003387e+02,
    1.35025803e+02, 2.31083710e+02, 1.45463211e+02, 2.30125946e+02,
    1.55318848e+02, 2.28960846e+02, 1.64762421e+02, 2.27987289e+02,
    9.21306381e+01, 2.47216049e+02, 1.04466583e+02, 2.46137222e+02,
    1.16459671e+02, 2.44757019e+02, 1.27743279e+02, 2.43397293e+02,
    1.38720642e+02, 2.41800430e+02, 1.49226959e+02, 2.40626801e+02,
    1.58715942e+02, 2.39506287e+02, 1.68202576e+02, 2.38292404e+02,
    9.59615631e+01, 2.59915924e+02, 1.08509674e+02, 2.58125305e+02,
    1.20239304e+02, 2.56294525e+02, 1.31614853e+02, 2.54601044e+02,
    1.42465073e+02, 2.53142792e+02, 1.52614090e+02, 2.51581360e+02,
    1.62446030e+02, 2.50155319e+02, 1.71797699e+02, 2.48420258e+02,
    9.97260590e+01, 2.72695770e+02, 1.12199989e+02, 2.70718628e+02,
    1.24119354e+02, 2.68432312e+02, 1.35638763e+02, 2.66356476e+02,
    1.46155273e+02, 2.64609772e+02, 1.56595001e+02, 2.62658356e+02,
    1.66072235e+02, 2.60656250e+02, 1.75607803e+02, 2.59117950e+02 ]
