%YAML:1.0
---
points: [ 2.92463196e+02, 1.86126740e+02, 2.99246918e+02, 1.78155182e+02,
    3.06190918e+02, 1.70460251e+02, 3.12650574e+02, 1.62807358e+02,
    3.19088409e+02, 1.55076324e+02, 3.25056793e+02, 1.47863281e+02,
    3.31080414e+02, 1.40865219e+02, 3.37021484e+02, 1.33701721e+02,
    3.03984894e+02, 1.90975952e+02, 3.10805573e+02, 1.82817566e+02,
    3.17546356e+02, 1.74898224e+02, 3.24135071e+02, 1.67225174e+02,
    3.30448334e+02, 1.59088501e+02, 3.36434692e+02, 1.51630005e+02,
    3.42394379e+02, 1.44352386e+02, 3.47954468e+02, 1.37070923e+02,
    3.16235474e+02, 1.96149750e+02, 3.22859589e+02, 1.87815521e+02,
    3.29418365e+02, 1.79256363e+02, 3.35794281e+02, 1.71307083e+02,
    3.42051086e+02, 1.63648071e+02, 3.48005371e+02, 1.56118286e+02,
    3.53818695e+02, 1.48563049e+02, 3.59418304e+02, 1.40848160e+02,
    3.28665436e+02, 2.01067932e+02, 3.35324860e+02, 1.92570297e+02,
    3.41820648e+02, 1.84242584e+02, 3.48087128e+02, 1.75919693e+02,
    3.54086304e+02, 1.67999344e+02, 3.59989288e+02, 1.60314636e+02,
    3.65607269e+02, 1.52654556e+02, 3.71228699e+02, 1.45193909e+02,
    3.41620178e+02, 2.06673248e+02, 3.48323059e+02, 1.97435730e+02,
    3.54613159e+02, 1.89040741e+02, 3.60713776e+02, 1.80402603e+02,
    3.66677643e+02, 1.72172012e+02, 3.72460388e+02, 1.64152802e+02,
    3.77868469e+02, 1.56120804e+02, 3.83458557e+02, 1.49008301e+02,
    3.55333801e+02, 2.12008728e+02, 3.61657867e+02, 2.02932419e+02,
    3.67897949e+02, 1.94252106e+02, 3.74011261e+02, 1.85263702e+02,
    3.79492859e+02, 1.77085495e+02, 3.85327820e+02, 1.68678406e+02,
    3.90490631e+02, 1.60930862e+02, 3.95803528e+02, 1.52975800e+02 ]
