%YAML:1.0
---
points: [ 3.60635254e+02, 5.39907166e+02, 4.00831635e+02, 5.39437378e+02,
    4.39107300e+02, 5.38605896e+02, 4.75184601e+02, 5.37632446e+02,
    5.09552155e+02, 5.36580444e+02, 5.42370911e+02, 5.35536133e+02,
    5.74132263e+02, 5.34342102e+02, 6.03930481e+02, 5.33370178e+02,
    3.70352203e+02, 5.75393066e+02, 4.11036163e+02, 5.73438904e+02,
    4.48948547e+02, 5.71901367e+02, 4.85037872e+02, 5.70356995e+02,
    5.19113647e+02, 5.68624695e+02, 5.51992798e+02, 5.66973328e+02,
    5.83780273e+02, 5.64590820e+02, 6.13232056e+02, 5.63385498e+02,
    3.79914093e+02, 6.11855225e+02, 4.19821808e+02, 6.09438049e+02,
    4.58065155e+02, 6.06776917e+02, 4.94298981e+02, 6.03689758e+02,
    5.28802490e+02, 6.00832153e+02, 5.61622925e+02, 5.98339905e+02,
    5.93139771e+02, 5.95586487e+02, 6.23015869e+02, 5.92570374e+02,
    3.90446838e+02, 6.48010742e+02, 4.29688110e+02, 6.45131104e+02,
    4.67913239e+02, 6.41090332e+02, 5.04289093e+02, 6.37550781e+02,
    5.39260986e+02, 6.33316223e+02, 5.72072876e+02, 6.29765259e+02,
    6.02534668e+02, 6.26698669e+02, 6.32534485e+02, 6.23218689e+02,
    4.00416534e+02, 6.85562500e+02, 4.40517731e+02, 6.80540710e+02,
    4.78440430e+02, 6.75908386e+02, 5.15171204e+02, 6.70644287e+02,
    5.49075989e+02, 6.66665344e+02, 5.81452393e+02, 6.62424500e+02,
    6.12603210e+02, 6.58187012e+02, 6.42408569e+02, 6.53677551e+02,
    4.10465393e+02, 7.23633606e+02, 4.50422272e+02, 7.17985901e+02,
    4.88858978e+02, 7.11844116e+02, 5.25394470e+02, 7.05691833e+02,
    5.59124695e+02, 7.00551392e+02, 5.91590881e+02, 6.95347656e+02,
    6.22681580e+02, 6.90052795e+02, 6.52425659e+02, 6.84806885e+02 ]
