%YAML:1.0
---
points: [ 1.41974182e+03, 1.71189987e+02, 1.45079321e+03, 1.83199463e+02,
    1.48269653e+03, 1.95332687e+02, 1.51586548e+03, 2.08100098e+02,
    1.55031982e+03, 2.21055496e+02, 1.58617896e+03, 2.34665909e+02,
    1.62300464e+03, 2.48507492e+02, 1.66120435e+03, 2.63311371e+02,
    1.39975476e+03, 2.03390350e+02, 1.42984192e+03, 2.15479080e+02,
    1.46134680e+03, 2.28489441e+02, 1.49384961e+03, 2.41601410e+02,
    1.52760498e+03, 2.55394745e+02, 1.56284473e+03, 2.69486206e+02,
    1.59886890e+03, 2.83852020e+02, 1.63671582e+03, 2.99458191e+02,
    1.38008228e+03, 2.35218506e+02, 1.40991077e+03, 2.48281616e+02,
    1.44073694e+03, 2.61435944e+02, 1.47259094e+03, 2.74968048e+02,
    1.50559521e+03, 2.88926117e+02, 1.53995715e+03, 3.03614227e+02,
    1.57552734e+03, 3.18644562e+02, 1.61214905e+03, 3.34333771e+02,
    1.36036072e+03, 2.65876068e+02, 1.39005750e+03, 2.79684448e+02,
    1.42024951e+03, 2.93297333e+02, 1.45146387e+03, 3.07365997e+02,
    1.48361182e+03, 3.21542267e+02, 1.51739600e+03, 3.36778351e+02,
    1.55239734e+03, 3.52722473e+02, 1.58845190e+03, 3.68818604e+02,
    1.34123425e+03, 2.96375641e+02, 1.36978284e+03, 3.10182281e+02,
    1.39969238e+03, 3.24415466e+02, 1.43018835e+03, 3.38636749e+02,
    1.46217334e+03, 3.54069153e+02, 1.49535742e+03, 3.69825226e+02,
    1.52948645e+03, 3.85852570e+02, 1.56466699e+03, 4.02693115e+02,
    1.32253064e+03, 3.26548706e+02, 1.35061914e+03, 3.40727478e+02,
    1.37963184e+03, 3.55362732e+02, 1.40943982e+03, 3.69956696e+02,
    1.44098669e+03, 3.85769196e+02, 1.47342603e+03, 4.01988007e+02,
    1.50683655e+03, 4.18608643e+02, 1.54143445e+03, 4.35746307e+02 ]
