%YAML:1.0
---
points: [ 1.15044568e+03, 4.84219635e+02, 1.18329492e+03, 4.84571564e+02,
    1.21599500e+03, 4.84575043e+02, 1.24806750e+03, 4.84499969e+02,
    1.28003064e+03, 4.84219727e+02, 1.31156421e+03, 4.83915192e+02,
    1.34352100e+03, 4.83289795e+02, 1.37476184e+03, 4.82800323e+02,
    1.15643359e+03, 5.16681763e+02, 1.19010828e+03, 5.16363708e+02,
    1.22271631e+03, 5.16582336e+02, 1.25504541e+03, 5.16392395e+02,
    1.28697461e+03, 5.16379639e+02, 1.31918005e+03, 5.15812561e+02,
    1.35144189e+03, 5.14741638e+02, 1.38243738e+03, 5.14630859e+02,
    1.16261926e+03, 5.50176147e+02, 1.19572852e+03, 5.50370056e+02,
    1.22870654e+03, 5.49965271e+02, 1.26169971e+03, 5.49475525e+02,
    1.29445447e+03, 5.48658752e+02, 1.32710266e+03, 5.48310242e+02,
    1.35924487e+03, 5.47339294e+02, 1.39118896e+03, 5.46269653e+02,
    1.16935193e+03, 5.83664062e+02, 1.20237915e+03, 5.84147339e+02,
    1.23584216e+03, 5.83467529e+02, 1.26917493e+03, 5.82712952e+02,
    1.30248657e+03, 5.81605103e+02, 1.33548657e+03, 5.80915527e+02,
    1.36722510e+03, 5.80491150e+02, 1.39953040e+03, 5.79247314e+02,
    1.17565967e+03, 6.18776123e+02, 1.21003955e+03, 6.18125305e+02,
    1.24347620e+03, 6.17627869e+02, 1.27754285e+03, 6.16440369e+02,
    1.31046582e+03, 6.15819458e+02, 1.34320435e+03, 6.15088196e+02,
    1.37573975e+03, 6.13926514e+02, 1.40817871e+03, 6.12683105e+02,
    1.18232666e+03, 6.54824646e+02, 1.21673230e+03, 6.54234741e+02,
    1.25110901e+03, 6.53196289e+02, 1.28545398e+03, 6.51589722e+02,
    1.31827380e+03, 6.50952087e+02, 1.35156238e+03, 6.49650696e+02,
    1.38472388e+03, 6.48426758e+02, 1.41755212e+03, 6.46713013e+02 ]
