%YAML:1.0
---
points: [ 1.38060071e+03, 5.93111877e+02, 1.41152380e+03, 6.03821472e+02,
    1.44350293e+03, 6.15123474e+02, 1.47718359e+03, 6.26647095e+02,
    1.51212610e+03, 6.38625366e+02, 1.54888818e+03, 6.51283752e+02,
    1.58686633e+03, 6.64259583e+02, 1.62654626e+03, 6.77893433e+02,
    1.36625586e+03, 6.21610535e+02, 1.39655505e+03, 6.32731079e+02,
    1.42852673e+03, 6.45041870e+02, 1.46162354e+03, 6.57371338e+02,
    1.49654700e+03, 6.70414795e+02, 1.53313562e+03, 6.83820312e+02,
    1.57073950e+03, 6.97535400e+02, 1.61063757e+03, 7.12425964e+02,
    1.35179175e+03, 6.50363098e+02, 1.38244861e+03, 6.62799561e+02,
    1.41395496e+03, 6.75347778e+02, 1.44688599e+03, 6.88455627e+02,
    1.48124976e+03, 7.01985840e+02, 1.51733887e+03, 7.16436218e+02,
    1.55492957e+03, 7.31254944e+02, 1.59395789e+03, 7.46508728e+02,
    1.33712048e+03, 6.78807129e+02, 1.36760437e+03, 6.92236084e+02,
    1.39908350e+03, 7.05423035e+02, 1.43157251e+03, 7.19381958e+02,
    1.46564331e+03, 7.33477173e+02, 1.50145142e+03, 7.48664429e+02,
    1.53897046e+03, 7.64711548e+02, 1.57779541e+03, 7.81071838e+02,
    1.32260803e+03, 7.07524231e+02, 1.35241199e+03, 7.21274414e+02,
    1.38365625e+03, 7.35472961e+02, 1.41589490e+03, 7.49899109e+02,
    1.45019739e+03, 7.65502075e+02, 1.48575171e+03, 7.81705017e+02,
    1.52276672e+03, 7.98330383e+02, 1.56135754e+03, 8.15536133e+02,
    1.30834009e+03, 7.36677612e+02, 1.33774536e+03, 7.51164612e+02,
    1.36858203e+03, 7.66049622e+02, 1.40050940e+03, 7.81198792e+02,
    1.43457507e+03, 7.97598022e+02, 1.46979431e+03, 8.14477661e+02,
    1.50653503e+03, 8.32023926e+02, 1.54465527e+03, 8.50220337e+02 ]
