%YAML:1.0
---
points: [ 1.15428787e+02, 2.12353607e+02, 1.20502899e+02, 2.01272491e+02,
    1.25664848e+02, 1.90716431e+02, 1.30510910e+02, 1.80578613e+02,
    1.35132462e+02, 1.70579544e+02, 1.39051163e+02, 1.61635330e+02,
    1.43315628e+02, 1.52911499e+02, 1.47313599e+02, 1.44189407e+02,
    1.31136612e+02, 2.16933853e+02, 1.35969543e+02, 2.05703415e+02,
    1.40476273e+02, 1.95230392e+02, 1.44983124e+02, 1.84996567e+02,
    1.49042145e+02, 1.75065781e+02, 1.52802292e+02, 1.65880783e+02,
    1.56711594e+02, 1.56988342e+02, 1.60089218e+02, 1.48261536e+02,
    1.46870575e+02, 2.21346085e+02, 1.51063644e+02, 2.10287262e+02,
    1.55255035e+02, 1.99460922e+02, 1.59105988e+02, 1.89295181e+02,
    1.62776474e+02, 1.79810059e+02, 1.66263977e+02, 1.70636719e+02,
    1.69654663e+02, 1.61703751e+02, 1.72961472e+02, 1.52606369e+02,
    1.62025543e+02, 2.25454498e+02, 1.65921356e+02, 2.14511444e+02,
    1.69704285e+02, 2.03892899e+02, 1.73186172e+02, 1.93811264e+02,
    1.76430374e+02, 1.84163208e+02, 1.79446182e+02, 1.74938904e+02,
    1.82436493e+02, 1.65968384e+02, 1.85623062e+02, 1.57416046e+02,
    1.77082001e+02, 2.29819717e+02, 1.80523514e+02, 2.18475220e+02,
    1.83724457e+02, 2.07928741e+02, 1.86830109e+02, 1.97646118e+02,
    1.89729218e+02, 1.88032913e+02, 1.92596405e+02, 1.78623550e+02,
    1.95166519e+02, 1.69584671e+02, 1.97863342e+02, 1.61411331e+02,
    1.91797791e+02, 2.33826538e+02, 1.94952988e+02, 2.22807968e+02,
    1.97766205e+02, 2.12261505e+02, 2.00520813e+02, 2.01846786e+02,
    2.02860413e+02, 1.92316193e+02, 2.05472595e+02, 1.82788467e+02,
    2.07642044e+02, 1.74031540e+02, 2.09957855e+02, 1.65303528e+02 ]
