%YAML:1.0
---
points: [ 3.45275024e+02, 1.89231583e+02, 3.56202759e+02, 1.89291504e+02,
    3.67361206e+02, 1.89253815e+02, 3.78022858e+02, 1.89026962e+02,
    3.88812134e+02, 1.88870438e+02, 3.99302826e+02, 1.88875290e+02,
    4.10019714e+02, 1.88642609e+02, 4.20197723e+02, 1.88273300e+02,
    3.47755646e+02, 2.00379303e+02, 3.58956146e+02, 1.99980240e+02,
    3.69979706e+02, 2.00079407e+02, 3.80834564e+02, 1.99864151e+02,
    3.91635406e+02, 1.99675125e+02, 4.02345123e+02, 1.99610031e+02,
    4.13000122e+02, 1.99075897e+02, 4.23386292e+02, 1.99045959e+02,
    3.50327026e+02, 2.11768188e+02, 3.61432495e+02, 2.11765045e+02,
    3.72488373e+02, 2.11465347e+02, 3.83562775e+02, 2.11031708e+02,
    3.94494843e+02, 2.10840958e+02, 4.05279510e+02, 2.10623016e+02,
    4.16010498e+02, 2.10145355e+02, 4.26601135e+02, 2.09701462e+02,
    3.52893951e+02, 2.23076813e+02, 3.64139252e+02, 2.23117844e+02,
    3.75355927e+02, 2.22936951e+02, 3.86434662e+02, 2.22592484e+02,
    3.97640350e+02, 2.21920990e+02, 4.08545746e+02, 2.21659714e+02,
    4.19029266e+02, 2.21377319e+02, 4.29712097e+02, 2.20977753e+02,
    3.55646179e+02, 2.35183472e+02, 3.67204407e+02, 2.34805115e+02,
    3.78259216e+02, 2.34355865e+02, 3.89682953e+02, 2.33870255e+02,
    4.00827209e+02, 2.33702209e+02, 4.11573212e+02, 2.33180115e+02,
    4.22354248e+02, 2.32907455e+02, 4.33123108e+02, 2.32107254e+02,
    3.58364746e+02, 2.47309189e+02, 3.70036194e+02, 2.47066650e+02,
    3.81542297e+02, 2.46503052e+02, 3.92968079e+02, 2.45928177e+02,
    4.03825562e+02, 2.45619171e+02, 4.14965912e+02, 2.45007523e+02,
    4.25705658e+02, 2.44141891e+02, 4.36630035e+02, 2.43830307e+02 ]
