%YAML:1.0
---
points: [ 1.19943579e+03, 4.40051270e+02, 1.22675439e+03, 4.58591309e+02,
    1.25494629e+03, 4.77162628e+02, 1.28362573e+03, 4.95861664e+02,
    1.31343457e+03, 5.14867493e+02, 1.34358301e+03, 5.34477722e+02,
    1.37510974e+03, 5.53720947e+02, 1.40680066e+03, 5.73905334e+02,
    1.18136267e+03, 4.58252045e+02, 1.20932227e+03, 4.76597382e+02,
    1.23717712e+03, 4.96293610e+02, 1.26622864e+03, 5.15466553e+02,
    1.29571008e+03, 5.35331299e+02, 1.32645776e+03, 5.55523315e+02,
    1.35812500e+03, 5.75206421e+02, 1.38996594e+03, 5.96476135e+02,
    1.16263647e+03, 4.76973236e+02, 1.19007922e+03, 4.97122009e+02,
    1.21855017e+03, 5.16493408e+02, 1.24773804e+03, 5.36297241e+02,
    1.27801135e+03, 5.56213379e+02, 1.30872144e+03, 5.76970459e+02,
    1.34058899e+03, 5.97594421e+02, 1.37332019e+03, 6.18560547e+02,
    1.14374365e+03, 4.95673645e+02, 1.17121985e+03, 5.16661194e+02,
    1.19983374e+03, 5.36750183e+02, 1.22935193e+03, 5.57155884e+02,
    1.25999658e+03, 5.77164307e+02, 1.29108350e+03, 5.98540771e+02,
    1.32256030e+03, 6.20613037e+02, 1.35548181e+03, 6.42182739e+02,
    1.12398877e+03, 5.15442078e+02, 1.15211768e+03, 5.36101807e+02,
    1.18091528e+03, 5.57109863e+02, 1.21085254e+03, 5.77550598e+02,
    1.24093457e+03, 5.99484314e+02, 1.27222522e+03, 6.21651978e+02,
    1.30445459e+03, 6.43698853e+02, 1.33751172e+03, 6.66161743e+02,
    1.10357983e+03, 5.36062927e+02, 1.13188416e+03, 5.57359924e+02,
    1.16106458e+03, 5.78587952e+02, 1.19105823e+03, 5.99609863e+02,
    1.22132434e+03, 6.22463623e+02, 1.25295386e+03, 6.45003845e+02,
    1.28551099e+03, 6.67814148e+02, 1.31898926e+03, 6.90710510e+02 ]
