%YAML:1.0
---
points: [ 3.96022430e+02, 6.76564697e+02, 4.14317322e+02, 6.84602783e+02,
    4.32375397e+02, 6.92762634e+02, 4.50712341e+02, 7.00752197e+02,
    4.69348663e+02, 7.09018250e+02, 4.88074219e+02, 7.17335938e+02,
    5.06456085e+02, 7.25408875e+02, 5.25349609e+02, 7.33691040e+02,
    3.82432587e+02, 6.96627930e+02, 4.00405701e+02, 7.05001038e+02,
    4.18874023e+02, 7.13438354e+02, 4.37335815e+02, 7.21685303e+02,
    4.56015137e+02, 7.30034668e+02, 4.74816376e+02, 7.38616394e+02,
    4.93298492e+02, 7.46853699e+02, 5.12444336e+02, 7.55621460e+02,
    3.68765594e+02, 7.17468445e+02, 3.87299591e+02, 7.26133423e+02,
    4.05657013e+02, 7.34565613e+02, 4.24082794e+02, 7.43120056e+02,
    4.42648773e+02, 7.51548157e+02, 4.61471344e+02, 7.60335571e+02,
    4.80271729e+02, 7.68763245e+02, 4.98893616e+02, 7.77521362e+02,
    3.54545349e+02, 7.38321716e+02, 3.73486420e+02, 7.47244995e+02,
    3.91925354e+02, 7.55738464e+02, 4.10432251e+02, 7.64487915e+02,
    4.28818756e+02, 7.72976013e+02, 4.47572876e+02, 7.82105164e+02,
    4.66924835e+02, 7.90874695e+02, 4.85608795e+02, 7.99797058e+02,
    3.40358398e+02, 7.59313049e+02, 3.58828094e+02, 7.68294434e+02,
    3.77525269e+02, 7.77278748e+02, 3.95938110e+02, 7.86115723e+02,
    4.15037689e+02, 7.95328918e+02, 4.34251160e+02, 8.04440918e+02,
    4.53106262e+02, 8.13579407e+02, 4.71883789e+02, 8.22457031e+02,
    3.26246033e+02, 7.80923889e+02, 3.44789764e+02, 7.90116028e+02,
    3.63398193e+02, 7.99306763e+02, 3.81659698e+02, 8.08330750e+02,
    4.01038147e+02, 8.17566040e+02, 4.20190033e+02, 8.26966980e+02,
    4.39183716e+02, 8.36362427e+02, 4.58082214e+02, 8.45581360e+02 ]
