%YAML:1.0
---
points: [ 6.32632904e+01, 2.43202881e+02, 6.51813965e+01, 2.29655594e+02,
    6.79683380e+01, 2.16253799e+02, 7.02571335e+01, 2.03024429e+02,
    7.23580704e+01, 1.89983994e+02, 7.46426849e+01, 1.77405640e+02,
    7.67678146e+01, 1.64825089e+02, 7.88130569e+01, 1.52478577e+02,
    7.79021149e+01, 2.44168198e+02, 8.01143570e+01, 2.30711990e+02,
    8.23155823e+01, 2.17522324e+02, 8.45734024e+01, 2.04279953e+02,
    8.65853195e+01, 1.91302689e+02, 8.86581879e+01, 1.78778549e+02,
    9.07056961e+01, 1.66183594e+02, 9.25818329e+01, 1.53962997e+02,
    9.25896149e+01, 2.45155121e+02, 9.46736603e+01, 2.31928528e+02,
    9.67511978e+01, 2.18735870e+02, 9.88098755e+01, 2.05501053e+02,
    1.00696442e+02, 1.92809265e+02, 1.02747849e+02, 1.80294632e+02,
    1.04560379e+02, 1.67842529e+02, 1.06208038e+02, 1.55553726e+02,
    1.07004120e+02, 2.46111893e+02, 1.09069458e+02, 2.32899963e+02,
    1.10990730e+02, 2.19740891e+02, 1.12936302e+02, 2.06860168e+02,
    1.14682846e+02, 1.94088043e+02, 1.16608192e+02, 1.81725143e+02,
    1.18180672e+02, 1.69402481e+02, 1.20040939e+02, 1.57263275e+02,
    1.21340279e+02, 2.47139008e+02, 1.23137100e+02, 2.33746597e+02,
    1.25052689e+02, 2.20814774e+02, 1.26828880e+02, 2.07897232e+02,
    1.28391663e+02, 1.95306198e+02, 1.30019333e+02, 1.82901962e+02,
    1.31615173e+02, 1.70654297e+02, 1.33292511e+02, 1.58751724e+02,
    1.35634476e+02, 2.47960709e+02, 1.37351898e+02, 2.34855576e+02,
    1.39054489e+02, 2.21921234e+02, 1.40668915e+02, 2.09050247e+02,
    1.42117493e+02, 1.96753922e+02, 1.43589325e+02, 1.84278305e+02,
    1.44960159e+02, 1.72341370e+02, 1.46409912e+02, 1.60182571e+02 ]
