%YAML:1.0
---
points: [ 3.60114716e+02, 1.74125122e+02, 3.69595764e+02, 1.80273010e+02,
    3.79449005e+02, 1.86438721e+02, 3.89686951e+02, 1.92752686e+02,
    4.00114288e+02, 1.98963684e+02, 4.10637329e+02, 2.05645599e+02,
    4.21376251e+02, 2.12404099e+02, 4.32377899e+02, 2.19053238e+02,
    3.54108032e+02, 1.80577423e+02, 3.63966187e+02, 1.86562027e+02,
    3.73866150e+02, 1.93151108e+02, 3.84021393e+02, 1.99573151e+02,
    3.94559998e+02, 2.06235474e+02, 4.05109924e+02, 2.13077789e+02,
    4.16248108e+02, 2.19590607e+02, 4.27118439e+02, 2.26838608e+02,
    3.48196106e+02, 1.86753098e+02, 3.57838287e+02, 1.93507660e+02,
    3.67905792e+02, 2.00100403e+02, 3.78346710e+02, 2.06524796e+02,
    3.88778748e+02, 2.13405762e+02, 3.99732819e+02, 2.20342560e+02,
    4.10797974e+02, 2.27294357e+02, 4.22106476e+02, 2.34257538e+02,
    3.42197754e+02, 1.93103531e+02, 3.51887451e+02, 2.00282379e+02,
    3.61966064e+02, 2.07059174e+02, 3.72382141e+02, 2.13971558e+02,
    3.83294769e+02, 2.20671463e+02, 3.94185455e+02, 2.27807800e+02,
    4.05267059e+02, 2.35235138e+02, 4.16659821e+02, 2.42304688e+02,
    3.35888641e+02, 2.00040802e+02, 3.45800598e+02, 2.06813232e+02,
    3.55947479e+02, 2.13946274e+02, 3.66570862e+02, 2.20990158e+02,
    3.77146851e+02, 2.28248871e+02, 3.88275909e+02, 2.35705658e+02,
    3.99466370e+02, 2.43159363e+02, 4.11129150e+02, 2.50634918e+02,
    3.29308655e+02, 2.07070496e+02, 3.39341949e+02, 2.14316513e+02,
    3.49709747e+02, 2.21467422e+02, 3.60280151e+02, 2.28453781e+02,
    3.71095795e+02, 2.36173981e+02, 3.82155792e+02, 2.43776627e+02,
    3.93774689e+02, 2.51295059e+02, 4.05269745e+02, 2.59119476e+02 ]
