%YAML:1.0
---
points: [ 1.19944116e+03, 4.40060364e+02, 1.22676587e+03, 4.58582977e+02,
    1.25491199e+03, 4.77167450e+02, 1.28367651e+03, 4.95862793e+02,
    1.31345630e+03, 5.14872009e+02, 1.34357922e+03, 5.34464844e+02,
    1.37513477e+03, 5.53726990e+02, 1.40683911e+03, 5.73874512e+02,
    1.18137292e+03, 4.58248444e+02, 1.20936157e+03, 4.76588928e+02,
    1.23722949e+03, 4.96261505e+02, 1.26626855e+03, 5.15465210e+02,
    1.29575098e+03, 5.35317200e+02, 1.32648230e+03, 5.55517212e+02,
    1.35816565e+03, 5.75212830e+02, 1.38993713e+03, 5.96438904e+02,
    1.16268042e+03, 4.76907623e+02, 1.19011877e+03, 4.97077362e+02,
    1.21861218e+03, 5.16486572e+02, 1.24776941e+03, 5.36298462e+02,
    1.27806689e+03, 5.56188721e+02, 1.30875977e+03, 5.76961731e+02,
    1.34060986e+03, 5.97584412e+02, 1.37332812e+03, 6.18552490e+02,
    1.14377271e+03, 4.95649200e+02, 1.17126221e+03, 5.16626892e+02,
    1.19985229e+03, 5.36763611e+02, 1.22939380e+03, 5.57145996e+02,
    1.26003857e+03, 5.77173218e+02, 1.29109607e+03, 5.98545654e+02,
    1.32257898e+03, 6.20619385e+02, 1.35553381e+03, 6.42141479e+02,
    1.12408215e+03, 5.15392395e+02, 1.15216956e+03, 5.36037292e+02,
    1.18095251e+03, 5.57093689e+02, 1.21086719e+03, 5.77526428e+02,
    1.24100195e+03, 5.99468140e+02, 1.27223523e+03, 6.21624023e+02,
    1.30449036e+03, 6.43722534e+02, 1.33752368e+03, 6.66158630e+02,
    1.10364551e+03, 5.36018982e+02, 1.13195142e+03, 5.57326172e+02,
    1.16112817e+03, 5.78579895e+02, 1.19114893e+03, 5.99597046e+02,
    1.22134399e+03, 6.22447815e+02, 1.25300439e+03, 6.44997742e+02,
    1.28556055e+03, 6.67831360e+02, 1.31904956e+03, 6.90740051e+02 ]
