%YAML:1.0
---
points: [ 3.60117371e+02, 1.74135452e+02, 3.69617889e+02, 1.80280365e+02,
    3.79448700e+02, 1.86473663e+02, 3.89712524e+02, 1.92797501e+02,
    4.00080719e+02, 1.99007568e+02, 4.10609528e+02, 2.05644745e+02,
    4.21365234e+02, 2.12445816e+02, 4.32394348e+02, 2.19076935e+02,
    3.54134308e+02, 1.80507614e+02, 3.64025085e+02, 1.86553482e+02,
    3.73864471e+02, 1.93130630e+02, 3.84102264e+02, 1.99567703e+02,
    3.94618958e+02, 2.06235519e+02, 4.05061737e+02, 2.13074646e+02,
    4.16242188e+02, 2.19602386e+02, 4.27208130e+02, 2.26821365e+02,
    3.48274811e+02, 1.86738190e+02, 3.57901306e+02, 1.93467316e+02,
    3.67940857e+02, 2.00098007e+02, 3.78356842e+02, 2.06474197e+02,
    3.88775696e+02, 2.13377609e+02, 3.99713196e+02, 2.20324966e+02,
    4.10798706e+02, 2.27286621e+02, 4.22058502e+02, 2.34309738e+02,
    3.42224854e+02, 1.93036896e+02, 3.51886719e+02, 2.00304367e+02,
    3.62005035e+02, 2.07024826e+02, 3.72393341e+02, 2.13937927e+02,
    3.83308624e+02, 2.20642105e+02, 3.94155090e+02, 2.27808762e+02,
    4.05286896e+02, 2.35259094e+02, 4.16646881e+02, 2.42298233e+02,
    3.35895447e+02, 1.99993851e+02, 3.45813812e+02, 2.06810974e+02,
    3.55951904e+02, 2.13987823e+02, 3.66600403e+02, 2.20986084e+02,
    3.77195160e+02, 2.28244858e+02, 3.88265167e+02, 2.35689804e+02,
    3.99487427e+02, 2.43129105e+02, 4.11136932e+02, 2.50632965e+02,
    3.29312134e+02, 2.07079620e+02, 3.39404327e+02, 2.14313705e+02,
    3.49714325e+02, 2.21498474e+02, 3.60270233e+02, 2.28452942e+02,
    3.71078949e+02, 2.36167267e+02, 3.82179535e+02, 2.43750015e+02,
    3.93789368e+02, 2.51331039e+02, 4.05240356e+02, 2.59137695e+02 ]
