%YAML:1.0
---
points: [ 3.70237122e+02, 6.96650391e+02, 3.96289307e+02, 6.95989075e+02,
    4.21765411e+02, 6.95074646e+02, 4.46804962e+02, 6.93821167e+02,
    4.71568481e+02, 6.92575256e+02, 4.96005707e+02, 6.91667786e+02,
    5.19876221e+02, 6.90003357e+02, 5.43484985e+02, 6.88508850e+02,
    3.68452545e+02, 7.12943115e+02, 3.94687866e+02, 7.11671692e+02,
    4.20597900e+02, 7.11002930e+02, 4.46142700e+02, 7.09687866e+02,
    4.71084167e+02, 7.08626892e+02, 4.96077820e+02, 7.07528015e+02,
    5.20346008e+02, 7.05377136e+02, 5.44132996e+02, 7.04460022e+02,
    3.66456055e+02, 7.29938354e+02, 3.93164734e+02, 7.29347107e+02,
    4.19453430e+02, 7.28268005e+02, 4.45362091e+02, 7.26645142e+02,
    4.70680664e+02, 7.24967590e+02, 4.96040619e+02, 7.23639526e+02,
    5.20707214e+02, 7.21784363e+02, 5.44680115e+02, 7.19693420e+02,
    3.64505981e+02, 7.46580078e+02, 3.91579773e+02, 7.46508606e+02,
    4.18287689e+02, 7.45087708e+02, 4.44570221e+02, 7.43590088e+02,
    4.70511475e+02, 7.41406921e+02, 4.96091949e+02, 7.39834839e+02,
    5.21137390e+02, 7.38617493e+02, 5.45514282e+02, 7.36468506e+02,
    3.62363831e+02, 7.64637268e+02, 3.90052948e+02, 7.63398315e+02,
    4.17187256e+02, 7.62268066e+02, 4.43816193e+02, 7.60158691e+02,
    4.70327942e+02, 7.58852905e+02, 4.96091888e+02, 7.57308472e+02,
    5.21449036e+02, 7.55362488e+02, 5.46311646e+02, 7.53233398e+02,
    3.60364014e+02, 7.83307007e+02, 3.88332184e+02, 7.82060852e+02,
    4.15893127e+02, 7.80416687e+02, 4.43230072e+02, 7.78118958e+02,
    4.69815887e+02, 7.76749512e+02, 4.95989288e+02, 7.75100891e+02,
    5.21733521e+02, 7.72632568e+02, 5.47046692e+02, 7.70448486e+02 ]
