%YAML:1.0
---
points: [ 2.99361782e+01, 2.24032425e+02, 3.07587318e+01, 2.14917526e+02,
    3.18184338e+01, 2.05823196e+02, 3.28073387e+01, 1.96759033e+02,
    3.38305855e+01, 1.87863541e+02, 3.47431641e+01, 1.79095032e+02,
    3.57791061e+01, 1.70503967e+02, 3.67836876e+01, 1.61748978e+02,
    4.05173340e+01, 2.24600693e+02, 4.12749062e+01, 2.15572922e+02,
    4.22494965e+01, 2.06475449e+02, 4.35311127e+01, 1.97871643e+02,
    4.40727043e+01, 1.88654739e+02, 4.47860870e+01, 1.79952591e+02,
    4.57955513e+01, 1.71241928e+02, 4.66724968e+01, 1.62785538e+02,
    5.07836533e+01, 2.25027695e+02, 5.16240730e+01, 2.16082092e+02,
    5.18383751e+01, 2.06347427e+02, 5.27780762e+01, 1.98691223e+02,
    5.41299210e+01, 1.89618118e+02, 5.49927254e+01, 1.80863068e+02,
    5.57636414e+01, 1.72352737e+02, 5.65720100e+01, 1.63786484e+02,
    6.11103821e+01, 2.25584885e+02, 6.18194542e+01, 2.16694992e+02,
    6.26396904e+01, 2.07730499e+02, 6.34193306e+01, 1.98981369e+02,
    6.40996399e+01, 1.90356812e+02, 6.48200836e+01, 1.81812119e+02,
    6.56305771e+01, 1.73346603e+02, 6.65669708e+01, 1.64943619e+02,
    7.12685852e+01, 2.25913406e+02, 7.19479523e+01, 2.17033325e+02,
    7.26724701e+01, 2.08309753e+02, 7.32789688e+01, 1.99633896e+02,
    7.41234436e+01, 1.91088898e+02, 7.47458420e+01, 1.82553040e+02,
    7.53569870e+01, 1.74017776e+02, 7.62272415e+01, 1.65836136e+02,
    8.13758316e+01, 2.26402832e+02, 8.19350510e+01, 2.17654816e+02,
    8.31892014e+01, 2.07957031e+02, 8.38112259e+01, 2.01243546e+02,
    8.38679199e+01, 1.91752197e+02, 8.45071030e+01, 1.83348663e+02,
    8.51363297e+01, 1.75017990e+02, 8.56437607e+01, 1.66802872e+02 ]
