%YAML:1.0
---
points: [ 3.80019989e+02, 1.73403534e+02, 3.82406982e+02, 1.81796082e+02,
    3.84831787e+02, 1.90179611e+02, 3.87435028e+02, 1.99149658e+02,
    3.90035553e+02, 2.08136597e+02, 3.92815796e+02, 2.17672775e+02,
    3.95455017e+02, 2.27364227e+02, 3.98380981e+02, 2.37415924e+02,
    3.69426300e+02, 1.77115051e+02, 3.71259186e+02, 1.85280396e+02,
    3.73636536e+02, 1.93812042e+02, 3.75965179e+02, 2.02645386e+02,
    3.78307709e+02, 2.11633850e+02, 3.80821533e+02, 2.21109726e+02,
    3.83287476e+02, 2.30745941e+02, 3.85949829e+02, 2.40832520e+02,
    3.58949982e+02, 1.80880585e+02, 3.60828033e+02, 1.89149292e+02,
    3.62924042e+02, 1.97585190e+02, 3.64986084e+02, 2.06291794e+02,
    3.67114014e+02, 2.15155365e+02, 3.69331665e+02, 2.24585999e+02,
    3.71499329e+02, 2.34217834e+02, 3.73809998e+02, 2.44067123e+02,
    3.48490448e+02, 1.84160629e+02, 3.50462494e+02, 1.92533722e+02,
    3.52306366e+02, 2.01070511e+02, 3.54169586e+02, 2.09676514e+02,
    3.55992523e+02, 2.18475937e+02, 3.58031677e+02, 2.27824539e+02,
    3.60112701e+02, 2.37547791e+02, 3.62308289e+02, 2.47322891e+02,
    3.38481506e+02, 1.87499756e+02, 3.40226746e+02, 1.95633987e+02,
    3.41750153e+02, 2.04059387e+02, 3.43554108e+02, 2.12684738e+02,
    3.45380371e+02, 2.21837204e+02, 3.47082977e+02, 2.31073853e+02,
    3.48873657e+02, 2.40492996e+02, 3.50699280e+02, 2.50385788e+02,
    3.28901031e+02, 1.90854095e+02, 3.30337402e+02, 1.99155212e+02,
    3.31677979e+02, 2.07522659e+02, 3.33264496e+02, 2.15862717e+02,
    3.34849670e+02, 2.24909744e+02, 3.36508118e+02, 2.34185242e+02,
    3.37866089e+02, 2.43616379e+02, 3.39675659e+02, 2.53348373e+02 ]
