%YAML:1.0
---
points: [ 3.60550659e+02, 2.47876984e+02, 3.86768036e+02, 2.47158112e+02,
    4.12708313e+02, 2.46218628e+02, 4.38281677e+02, 2.45063797e+02,
    4.63415283e+02, 2.43932480e+02, 4.87870575e+02, 2.43026398e+02,
    5.12325378e+02, 2.41210068e+02, 5.36216797e+02, 2.40067200e+02,
    3.62407471e+02, 2.64913513e+02, 3.88707214e+02, 2.63453613e+02,
    4.14997833e+02, 2.62752899e+02, 4.40592316e+02, 2.61659332e+02,
    4.65853363e+02, 2.60704742e+02, 4.91188049e+02, 2.59684967e+02,
    5.15493530e+02, 2.57563019e+02, 5.39579590e+02, 2.56782257e+02,
    3.64320312e+02, 2.82289917e+02, 3.91187103e+02, 2.81871033e+02,
    4.17464569e+02, 2.80612488e+02, 4.43382446e+02, 2.79131500e+02,
    4.68787659e+02, 2.77649292e+02, 4.94035797e+02, 2.76474976e+02,
    5.18635864e+02, 2.74768158e+02, 5.42960449e+02, 2.72791748e+02,
    3.65898682e+02, 2.99349854e+02, 3.93109802e+02, 2.99348785e+02,
    4.19608856e+02, 2.97902863e+02, 4.45865356e+02, 2.96573029e+02,
    4.71413605e+02, 2.94409515e+02, 4.96893127e+02, 2.93042633e+02,
    5.22195923e+02, 2.91913635e+02, 5.46477905e+02, 2.90159882e+02,
    3.67639221e+02, 3.17522736e+02, 3.95272858e+02, 3.16341156e+02,
    4.22110657e+02, 3.15185547e+02, 4.48396118e+02, 3.13160889e+02,
    4.74589844e+02, 3.12198486e+02, 5.00306244e+02, 3.10742706e+02,
    5.25381775e+02, 3.09056458e+02, 5.49722656e+02, 3.07184357e+02,
    3.69745392e+02, 3.35949341e+02, 3.97377014e+02, 3.34642792e+02,
    4.24433441e+02, 3.33368256e+02, 4.50930115e+02, 3.31245453e+02,
    4.77377686e+02, 3.30112091e+02, 5.03300385e+02, 3.28512054e+02,
    5.28579895e+02, 3.26431549e+02, 5.53531067e+02, 3.24345764e+02 ]
