%YAML:1.0
---
points: [ 1.26071802e+03, 4.38639709e+02, 1.26653418e+03, 4.63312378e+02,
    1.27225696e+03, 4.88332214e+02, 1.27832568e+03, 5.14218811e+02,
    1.28443225e+03, 5.40865845e+02, 1.29066296e+03, 5.68835083e+02,
    1.29687268e+03, 5.97239868e+02, 1.30360950e+03, 6.26825684e+02,
    1.23027649e+03, 4.49350769e+02, 1.23472632e+03, 4.73230896e+02,
    1.24003796e+03, 4.98423553e+02, 1.24537195e+03, 5.24305786e+02,
    1.25107275e+03, 5.50952454e+02, 1.25656873e+03, 5.78703003e+02,
    1.26185095e+03, 6.06754700e+02, 1.26842407e+03, 6.36705750e+02,
    1.20030688e+03, 4.59528839e+02, 1.20478381e+03, 4.84295380e+02,
    1.20940405e+03, 5.09202545e+02, 1.21390564e+03, 5.34632996e+02,
    1.21855090e+03, 5.60986084e+02, 1.22348352e+03, 5.88421753e+02,
    1.22847754e+03, 6.16573242e+02, 1.23341943e+03, 6.45506104e+02,
    1.17055701e+03, 4.69311615e+02, 1.17518420e+03, 4.94078064e+02,
    1.17930115e+03, 5.18717590e+02, 1.18315234e+03, 5.44381042e+02,
    1.18695825e+03, 5.70377258e+02, 1.19117883e+03, 5.97474060e+02,
    1.19585876e+03, 6.25989258e+02, 1.20034338e+03, 6.54696350e+02,
    1.14211572e+03, 4.78720795e+02, 1.14553699e+03, 5.02860107e+02,
    1.14927527e+03, 5.27836853e+02, 1.15258447e+03, 5.53010864e+02,
    1.15644824e+03, 5.79517700e+02, 1.16036914e+03, 6.07086487e+02,
    1.16402686e+03, 6.34819153e+02, 1.16753589e+03, 6.63587402e+02,
    1.11446497e+03, 4.88583710e+02, 1.11747778e+03, 5.12575012e+02,
    1.12052405e+03, 5.37374451e+02, 1.12297278e+03, 5.62141602e+02,
    1.12666382e+03, 5.88625732e+02, 1.12963354e+03, 6.15680420e+02,
    1.13286975e+03, 6.43595764e+02, 1.13589771e+03, 6.71758484e+02 ]
