%YAML:1.0
---
points: [ 2.98912659e+01, 2.24084915e+02, 3.07851028e+01, 2.14905243e+02,
    3.18274174e+01, 2.05839081e+02, 3.27849617e+01, 1.96793365e+02,
    3.38399315e+01, 1.87858887e+02, 3.47392769e+01, 1.79112381e+02,
    3.57577515e+01, 1.70479584e+02, 3.67746468e+01, 1.61706589e+02,
    4.04627075e+01, 2.24565231e+02, 4.12754059e+01, 2.15594727e+02,
    4.22470398e+01, 2.06480911e+02, 4.35619545e+01, 1.97945633e+02,
    4.40340309e+01, 1.88655457e+02, 4.48279343e+01, 1.79976898e+02,
    4.58019066e+01, 1.71225266e+02, 4.66809006e+01, 1.62828598e+02,
    5.07936363e+01, 2.25063950e+02, 5.16177979e+01, 2.16054535e+02,
    5.18750648e+01, 2.06465240e+02, 5.28064766e+01, 1.98655365e+02,
    5.41438560e+01, 1.89641571e+02, 5.49998665e+01, 1.80872147e+02,
    5.57748222e+01, 1.72350723e+02, 5.65894508e+01, 1.63761047e+02,
    6.11736450e+01, 2.25563126e+02, 6.18074760e+01, 2.16666931e+02,
    6.26593895e+01, 2.07736969e+02, 6.34553947e+01, 1.98996841e+02,
    6.41321030e+01, 1.90345139e+02, 6.48570328e+01, 1.81816208e+02,
    6.55717163e+01, 1.73331100e+02, 6.65738068e+01, 1.64921600e+02,
    7.11823120e+01, 2.25889694e+02, 7.19857254e+01, 2.17036591e+02,
    7.26664352e+01, 2.08311615e+02, 7.32947845e+01, 1.99668762e+02,
    7.41082306e+01, 1.91045380e+02, 7.47327881e+01, 1.82596115e+02,
    7.54073105e+01, 1.74098923e+02, 7.62079086e+01, 1.65842499e+02,
    8.14186554e+01, 2.26432877e+02, 8.20079117e+01, 2.17666138e+02,
    8.35351410e+01, 2.07814911e+02, 8.37028961e+01, 2.01218521e+02,
    8.38915405e+01, 1.91765060e+02, 8.44790421e+01, 1.83372253e+02,
    8.50857468e+01, 1.75045547e+02, 8.56233673e+01, 1.66820847e+02 ]
