%YAML:1.0
---
points: [ 6.01649048e+02, 2.65579620e+02, 6.23597229e+02, 2.56949677e+02,
    6.45487610e+02, 2.48351151e+02, 6.67065186e+02, 2.39483139e+02,
    6.88642883e+02, 2.30425125e+02, 7.10632690e+02, 2.21605759e+02,
    7.32091980e+02, 2.12510132e+02, 7.53907104e+02, 2.03384460e+02,
    6.08893799e+02, 2.86672028e+02, 6.30711548e+02, 2.78080597e+02,
    6.52773132e+02, 2.69458496e+02, 6.74607239e+02, 2.61057190e+02,
    6.96459656e+02, 2.52151749e+02, 7.18569641e+02, 2.43323013e+02,
    7.39778442e+02, 2.33905365e+02, 7.61993225e+02, 2.25199509e+02,
    6.16509888e+02, 3.08172424e+02, 6.38711304e+02, 2.99871582e+02,
    6.60672607e+02, 2.91295837e+02, 6.82429443e+02, 2.82547516e+02,
    7.04323914e+02, 2.73411499e+02, 7.26272400e+02, 2.64628815e+02,
    7.47869812e+02, 2.55627960e+02, 7.69652161e+02, 2.46424606e+02,
    6.23645386e+02, 3.29301117e+02, 6.46327454e+02, 3.21337402e+02,
    6.68193237e+02, 3.12471069e+02, 6.90077576e+02, 3.03943542e+02,
    7.11692444e+02, 2.94581909e+02, 7.33866272e+02, 2.86127808e+02,
    7.55827637e+02, 2.77435944e+02, 7.77687378e+02, 2.68186462e+02,
    6.30889954e+02, 3.50827332e+02, 6.53341980e+02, 3.42277100e+02,
    6.75525452e+02, 3.34061646e+02, 6.97325684e+02, 3.25040131e+02,
    7.19641785e+02, 3.16563812e+02, 7.41790222e+02, 3.07730682e+02,
    7.63670105e+02, 2.98894440e+02, 7.85520447e+02, 2.89655365e+02,
    6.38611206e+02, 3.72478577e+02, 6.61094055e+02, 3.64261749e+02,
    6.83246094e+02, 3.55458954e+02, 7.04955750e+02, 3.46679535e+02,
    7.27440979e+02, 3.38176514e+02, 7.49594604e+02, 3.29579651e+02,
    7.71548950e+02, 3.20619202e+02, 7.93529846e+02, 3.11450592e+02 ]
