%YAML:1.0
---
points: [ 3.80026642e+02, 1.73426819e+02, 3.82380737e+02, 1.81811890e+02,
    3.84850769e+02, 1.90152878e+02, 3.87451447e+02, 1.99164536e+02,
    3.90091949e+02, 2.08096161e+02, 3.92827423e+02, 2.17663193e+02,
    3.95534119e+02, 2.27386810e+02, 3.98430603e+02, 2.37348953e+02,
    3.69406311e+02, 1.77168228e+02, 3.71294128e+02, 1.85269608e+02,
    3.73635559e+02, 1.93819199e+02, 3.75985596e+02, 2.02655334e+02,
    3.78313782e+02, 2.11675934e+02, 3.80889160e+02, 2.21176926e+02,
    3.83330231e+02, 2.30750519e+02, 3.86002014e+02, 2.40848160e+02,
    3.58980774e+02, 1.80878525e+02, 3.60822754e+02, 1.89161697e+02,
    3.62948303e+02, 1.97621994e+02, 3.65023193e+02, 2.06231918e+02,
    3.67143555e+02, 2.15238007e+02, 3.69356567e+02, 2.24609940e+02,
    3.71595428e+02, 2.34191772e+02, 3.73857025e+02, 2.44047806e+02,
    3.48486206e+02, 1.84148712e+02, 3.50536072e+02, 1.92490143e+02,
    3.52339661e+02, 2.01094925e+02, 3.54141388e+02, 2.09643982e+02,
    3.56031464e+02, 2.18487900e+02, 3.58004761e+02, 2.27787933e+02,
    3.60159271e+02, 2.37518448e+02, 3.62345520e+02, 2.47313156e+02,
    3.38491852e+02, 1.87530807e+02, 3.40199554e+02, 1.95648315e+02,
    3.41732452e+02, 2.04044174e+02, 3.43581726e+02, 2.12687057e+02,
    3.45425262e+02, 2.21830856e+02, 3.47128937e+02, 2.31089218e+02,
    3.48913940e+02, 2.40535446e+02, 3.50726959e+02, 2.50381638e+02,
    3.28865143e+02, 1.90835144e+02, 3.30324432e+02, 1.99142334e+02,
    3.31646362e+02, 2.07496429e+02, 3.33311890e+02, 2.15851776e+02,
    3.34860168e+02, 2.24970963e+02, 3.36522003e+02, 2.34179306e+02,
    3.37893341e+02, 2.43613754e+02, 3.39724121e+02, 2.53345444e+02 ]
