%YAML:1.0
---
points: [ 7.21069489e+01, 2.14698639e+02, 7.29322968e+01, 2.06670486e+02,
    7.37954178e+01, 1.98846436e+02, 7.46256714e+01, 1.90842728e+02,
    7.55881271e+01, 1.83069214e+02, 7.61398468e+01, 1.75483704e+02,
    7.70196762e+01, 1.67808380e+02, 7.80319977e+01, 1.60141373e+02,
    8.10997467e+01, 2.15259903e+02, 8.18216019e+01, 2.07294968e+02,
    8.26337357e+01, 1.99546570e+02, 8.35924683e+01, 1.91721436e+02,
    8.42608490e+01, 1.83852448e+02, 8.50235138e+01, 1.76235962e+02,
    8.58519363e+01, 1.68517944e+02, 8.65006104e+01, 1.61051498e+02,
    9.01997528e+01, 2.15850769e+02, 9.09265060e+01, 2.07847076e+02,
    9.14919434e+01, 2.00045288e+02, 9.22952881e+01, 1.92323334e+02,
    9.29772110e+01, 1.84679718e+02, 9.37106552e+01, 1.77171585e+02,
    9.44759369e+01, 1.69573639e+02, 9.51047211e+01, 1.62013458e+02,
    9.89865417e+01, 2.16306244e+02, 9.95926895e+01, 2.08608612e+02,
    1.00327820e+02, 2.00805954e+02, 1.01116402e+02, 1.93032272e+02,
    1.01701775e+02, 1.85454025e+02, 1.02329651e+02, 1.77994858e+02,
    1.02996910e+02, 1.70490036e+02, 1.03687691e+02, 1.63032074e+02,
    1.07721909e+02, 2.16783203e+02, 1.08347572e+02, 2.09083008e+02,
    1.09059654e+02, 2.01344193e+02, 1.09519157e+02, 1.93771698e+02,
    1.10173264e+02, 1.86131012e+02, 1.10786339e+02, 1.78718445e+02,
    1.11275528e+02, 1.71076614e+02, 1.12150482e+02, 1.63940323e+02,
    1.16323837e+02, 2.17356461e+02, 1.17032478e+02, 2.09623856e+02,
    1.17599358e+02, 2.01904587e+02, 1.18186172e+02, 1.94348145e+02,
    1.18724533e+02, 1.86858398e+02, 1.19218384e+02, 1.79445190e+02,
    1.19733650e+02, 1.72089203e+02, 1.20312012e+02, 1.64798660e+02 ]
