%YAML:1.0
---
points: [ 1.26073816e+03, 4.38671356e+02, 1.26654297e+03, 4.63326904e+02,
    1.27233130e+03, 4.88290955e+02, 1.27838477e+03, 5.14223511e+02,
    1.28449536e+03, 5.40868408e+02, 1.29078418e+03, 5.68823608e+02,
    1.29709668e+03, 5.97234680e+02, 1.30374854e+03, 6.26765198e+02,
    1.23025525e+03, 4.49341064e+02, 1.23475708e+03, 4.73218048e+02,
    1.24014343e+03, 4.98386475e+02, 1.24542578e+03, 5.24343811e+02,
    1.25119568e+03, 5.50936340e+02, 1.25672534e+03, 5.78697632e+02,
    1.26207971e+03, 6.06717285e+02, 1.26853833e+03, 6.36697815e+02,
    1.20033569e+03, 4.59492096e+02, 1.20481091e+03, 4.84298523e+02,
    1.20944067e+03, 5.09134918e+02, 1.21406897e+03, 5.34635498e+02,
    1.21862634e+03, 5.60995850e+02, 1.22356470e+03, 5.88416199e+02,
    1.22859009e+03, 6.16610107e+02, 1.23353735e+03, 6.45486267e+02,
    1.17055688e+03, 4.69282776e+02, 1.17519092e+03, 4.94045868e+02,
    1.17932458e+03, 5.18704529e+02, 1.18321936e+03, 5.44371094e+02,
    1.18710901e+03, 5.70397705e+02, 1.19127576e+03, 5.97463379e+02,
    1.19610535e+03, 6.25919373e+02, 1.20044763e+03, 6.54741089e+02,
    1.14212732e+03, 4.78712555e+02, 1.14554150e+03, 5.02851715e+02,
    1.14931604e+03, 5.27803650e+02, 1.15263318e+03, 5.52899719e+02,
    1.15649097e+03, 5.79516296e+02, 1.16042273e+03, 6.07091736e+02,
    1.16416931e+03, 6.34760986e+02, 1.16762158e+03, 6.63607666e+02,
    1.11442639e+03, 4.88568512e+02, 1.11745911e+03, 5.12582275e+02,
    1.12053040e+03, 5.37396362e+02, 1.12302869e+03, 5.62135620e+02,
    1.12671326e+03, 5.88601746e+02, 1.12972095e+03, 6.15658447e+02,
    1.13300305e+03, 6.43594788e+02, 1.13609106e+03, 6.71739319e+02 ]
