%YAML:1.0
---
points: [ 7.57424866e+02, 2.56478516e+02, 7.78663391e+02, 2.47547607e+02,
    7.99893005e+02, 2.38542450e+02, 8.20362183e+02, 2.29701233e+02,
    8.41007019e+02, 2.20646957e+02, 8.61110596e+02, 2.12111343e+02,
    8.81283997e+02, 2.03179977e+02, 9.00834900e+02, 1.94448608e+02,
    7.69604126e+02, 2.78061584e+02, 7.91055542e+02, 2.68720764e+02,
    8.11759155e+02, 2.59776825e+02, 8.32379211e+02, 2.50909088e+02,
    8.52526978e+02, 2.41913544e+02, 8.72832642e+02, 2.33195312e+02,
    8.92699646e+02, 2.23916000e+02, 9.12261475e+02, 2.15472458e+02,
    7.81964478e+02, 2.99539032e+02, 8.02916870e+02, 2.90502991e+02,
    8.23621643e+02, 2.81496460e+02, 8.44108521e+02, 2.72291656e+02,
    8.64351990e+02, 2.63027954e+02, 8.84262329e+02, 2.54023605e+02,
    9.04226807e+02, 2.44958130e+02, 9.23586182e+02, 2.35874695e+02,
    7.94041748e+02, 3.20662567e+02, 8.14903259e+02, 3.11833313e+02,
    8.35405457e+02, 3.02478577e+02, 8.55843811e+02, 2.93353485e+02,
    8.75992981e+02, 2.83716583e+02, 8.96161682e+02, 2.74554596e+02,
    9.15363159e+02, 2.65677795e+02, 9.34770630e+02, 2.56564514e+02,
    8.06313721e+02, 3.42137817e+02, 8.26930725e+02, 3.32541687e+02,
    8.47479004e+02, 3.23426605e+02, 8.67673828e+02, 3.13647705e+02,
    8.87614380e+02, 3.04614471e+02, 9.07277710e+02, 2.95400116e+02,
    9.26857849e+02, 2.86337769e+02, 9.45990845e+02, 2.77078064e+02,
    8.18308899e+02, 3.63460754e+02, 8.38877625e+02, 3.54063782e+02,
    8.59264404e+02, 3.44316559e+02, 8.79477600e+02, 3.34587341e+02,
    8.99214722e+02, 3.25505890e+02, 9.18817749e+02, 3.16166473e+02,
    9.38042603e+02, 3.06633575e+02, 9.57300354e+02, 2.97342468e+02 ]
