%YAML:1.0
---
points: [ 1.02121045e+03, 4.77528564e+02, 1.01878668e+03, 5.07542847e+02,
    1.01644592e+03, 5.37571960e+02, 1.01373041e+03, 5.67782776e+02,
    1.01114020e+03, 5.98374939e+02, 1.00828351e+03, 6.29169250e+02,
    1.00500861e+03, 6.60020569e+02, 1.00177887e+03, 6.91439941e+02,
    9.96604309e+02, 4.79053497e+02, 9.93661743e+02, 5.08274292e+02,
    9.91669250e+02, 5.38041748e+02, 9.89283630e+02, 5.67639587e+02,
    9.86636108e+02, 5.97668335e+02, 9.83886414e+02, 6.28000977e+02,
    9.80193726e+02, 6.58408386e+02, 9.77654236e+02, 6.89069580e+02,
    9.72957397e+02, 4.80445068e+02, 9.71178406e+02, 5.09432037e+02,
    9.68717957e+02, 5.38490662e+02, 9.66001099e+02, 5.67668335e+02,
    9.63059875e+02, 5.97170044e+02, 9.60055115e+02, 6.26816162e+02,
    9.56856445e+02, 6.56686157e+02, 9.53429688e+02, 6.86678406e+02,
    9.49642639e+02, 4.81591827e+02, 9.48550903e+02, 5.10243103e+02,
    9.45774414e+02, 5.38766602e+02, 9.43357544e+02, 5.67515320e+02,
    9.39629211e+02, 5.96450684e+02, 9.36861572e+02, 6.25654907e+02,
    9.34304443e+02, 6.55182129e+02, 9.30780640e+02, 6.84608032e+02,
    9.27549866e+02, 4.82676575e+02, 9.25448853e+02, 5.10896393e+02,
    9.23388184e+02, 5.39056824e+02, 9.20196472e+02, 5.67167114e+02,
    9.17894287e+02, 5.95851685e+02, 9.15274841e+02, 6.24650146e+02,
    9.11956299e+02, 6.53702209e+02, 9.08395508e+02, 6.82446289e+02,
    9.06488281e+02, 4.84188019e+02, 9.04299744e+02, 5.11746246e+02,
    9.01767578e+02, 5.39482788e+02, 8.98675110e+02, 5.67106018e+02,
    8.96516235e+02, 5.95379333e+02, 8.93791504e+02, 6.23570435e+02,
    8.90652710e+02, 6.51904053e+02, 8.86968506e+02, 6.80580200e+02 ]
