%YAML:1.0
---
points: [ 5.69061241e+01, 1.81925003e+02, 6.54062881e+01, 1.79287750e+02,
    7.39464645e+01, 1.76804474e+02, 8.22713623e+01, 1.74196945e+02,
    9.05317078e+01, 1.71548965e+02, 9.86676331e+01, 1.69196411e+02,
    1.06757034e+02, 1.66615097e+02, 1.14607712e+02, 1.64366638e+02,
    5.99631729e+01, 1.89420929e+02, 6.84294815e+01, 1.86754303e+02,
    7.69204330e+01, 1.84171402e+02, 8.52176208e+01, 1.81500626e+02,
    9.36135635e+01, 1.79108688e+02, 1.01696159e+02, 1.76313156e+02,
    1.09688606e+02, 1.73828018e+02, 1.17625290e+02, 1.71301834e+02,
    6.29403687e+01, 1.97155365e+02, 7.15796585e+01, 1.94382614e+02,
    7.99700470e+01, 1.91623367e+02, 8.85145721e+01, 1.88908051e+02,
    9.66562653e+01, 1.86249039e+02, 1.04675003e+02, 1.83720993e+02,
    1.12773132e+02, 1.81158646e+02, 1.20616051e+02, 1.78500931e+02,
    6.58990707e+01, 2.04667816e+02, 7.45790787e+01, 2.01864014e+02,
    8.29213257e+01, 1.99222961e+02, 9.13076401e+01, 1.96348038e+02,
    9.96088943e+01, 1.93613113e+02, 1.07800491e+02, 1.91056381e+02,
    1.15673042e+02, 1.88383911e+02, 1.23500877e+02, 1.85917282e+02,
    6.91029205e+01, 2.12208496e+02, 7.75712585e+01, 2.09345535e+02,
    8.62325821e+01, 2.06288361e+02, 9.45544815e+01, 2.03638107e+02,
    1.02672272e+02, 2.00957840e+02, 1.10739532e+02, 1.98221558e+02,
    1.18837471e+02, 1.95278091e+02, 1.26698502e+02, 1.93102692e+02,
    7.21147461e+01, 2.19925888e+02, 8.07080154e+01, 2.16971283e+02,
    8.92016373e+01, 2.14098541e+02, 9.74244919e+01, 2.11192062e+02,
    1.05874084e+02, 2.08267471e+02, 1.13915108e+02, 2.05509140e+02,
    1.21876930e+02, 2.02679398e+02, 1.29628601e+02, 1.99959732e+02 ]
