%YAML:1.0
---
points: [ 2.97281830e+02, 1.87482864e+02, 2.96799591e+02, 1.97738571e+02,
    2.96034515e+02, 2.07923462e+02, 2.95336487e+02, 2.18176758e+02,
    2.94694702e+02, 2.28663757e+02, 2.93904449e+02, 2.39062897e+02,
    2.93066925e+02, 2.49707306e+02, 2.92255127e+02, 2.60307037e+02,
    2.88758301e+02, 1.88131165e+02, 2.87829529e+02, 1.97984909e+02,
    2.87364044e+02, 2.08159714e+02, 2.86671173e+02, 2.18275452e+02,
    2.85968628e+02, 2.28323364e+02, 2.85209625e+02, 2.38872162e+02,
    2.84237579e+02, 2.49131393e+02, 2.83563934e+02, 2.59524963e+02,
    2.80387878e+02, 1.88797607e+02, 2.79778351e+02, 1.98561615e+02,
    2.79211914e+02, 2.08389023e+02, 2.78264282e+02, 2.18312927e+02,
    2.77548096e+02, 2.28348755e+02, 2.76774109e+02, 2.38433289e+02,
    2.76021332e+02, 2.48579971e+02, 2.74911652e+02, 2.58915649e+02,
    2.72023712e+02, 1.89284592e+02, 2.71706757e+02, 1.98821899e+02,
    2.71138000e+02, 2.08603149e+02, 2.70355225e+02, 2.18305420e+02,
    2.69363586e+02, 2.28096710e+02, 2.68548523e+02, 2.38077209e+02,
    2.67995972e+02, 2.48079819e+02, 2.67080200e+02, 2.58264709e+02,
    2.64237732e+02, 1.89564835e+02, 2.63643616e+02, 1.99210159e+02,
    2.63083618e+02, 2.08708313e+02, 2.62228149e+02, 2.18338974e+02,
    2.61572021e+02, 2.28160187e+02, 2.60801331e+02, 2.37971298e+02,
    2.59790222e+02, 2.47655167e+02, 2.58776489e+02, 2.57525299e+02,
    2.56714600e+02, 1.90213837e+02, 2.56235504e+02, 1.99524887e+02,
    2.55391357e+02, 2.08999252e+02, 2.54612335e+02, 2.18388672e+02,
    2.54095108e+02, 2.27952194e+02, 2.53233978e+02, 2.37523727e+02,
    2.52286240e+02, 2.47150192e+02, 2.51517578e+02, 2.56996735e+02 ]
