%YAML:1.0
---
points: [ 2.97356720e+02, 1.87424622e+02, 2.96933228e+02, 1.97720871e+02,
    2.96106689e+02, 2.07919662e+02, 2.95509857e+02, 2.18193130e+02,
    2.94844513e+02, 2.28641113e+02, 2.94094391e+02, 2.39045044e+02,
    2.93221466e+02, 2.49683380e+02, 2.92438232e+02, 2.60355103e+02,
    2.88850372e+02, 1.88125717e+02, 2.87941681e+02, 1.97985504e+02,
    2.87509857e+02, 2.08125183e+02, 2.86790771e+02, 2.18295319e+02,
    2.86094910e+02, 2.28344650e+02, 2.85317719e+02, 2.38945663e+02,
    2.84398376e+02, 2.49147842e+02, 2.83738129e+02, 2.59511627e+02,
    2.80416992e+02, 1.88757202e+02, 2.79834595e+02, 1.98577835e+02,
    2.79216553e+02, 2.08355713e+02, 2.78300903e+02, 2.18355347e+02,
    2.77690826e+02, 2.28369232e+02, 2.76910706e+02, 2.38409912e+02,
    2.76163452e+02, 2.48606934e+02, 2.74970490e+02, 2.58942352e+02,
    2.72047760e+02, 1.89305649e+02, 2.71778778e+02, 1.98854462e+02,
    2.71164032e+02, 2.08588318e+02, 2.70421021e+02, 2.18324188e+02,
    2.69433044e+02, 2.28079407e+02, 2.68632721e+02, 2.38097763e+02,
    2.68040619e+02, 2.48129089e+02, 2.67186981e+02, 2.58251038e+02,
    2.64250519e+02, 1.89603287e+02, 2.63643677e+02, 1.99163727e+02,
    2.63092194e+02, 2.08716675e+02, 2.62304840e+02, 2.18314392e+02,
    2.61584534e+02, 2.28133774e+02, 2.60829620e+02, 2.37968887e+02,
    2.59819794e+02, 2.47680374e+02, 2.58861450e+02, 2.57514740e+02,
    2.56659943e+02, 1.90164566e+02, 2.56174500e+02, 1.99508072e+02,
    2.55396408e+02, 2.08975357e+02, 2.54623215e+02, 2.18406204e+02,
    2.54083939e+02, 2.27981537e+02, 2.53234177e+02, 2.37542770e+02,
    2.52318161e+02, 2.47145599e+02, 2.51490173e+02, 2.57024048e+02 ]
