%YAML:1.0
---
points: [ 9.85392761e+02, 1.93108398e+02, 9.91808350e+02, 2.14315414e+02,
    9.98337708e+02, 2.35013000e+02, 1.00522406e+03, 2.55961868e+02,
    1.01207922e+03, 2.76658813e+02, 1.01868274e+03, 2.97739624e+02,
    1.02599536e+03, 3.18285767e+02, 1.03275562e+03, 3.39224823e+02,
    9.66078613e+02, 1.95418579e+02, 9.72773438e+02, 2.16258881e+02,
    9.79242737e+02, 2.37620026e+02, 9.85797913e+02, 2.58626495e+02,
    9.92651123e+02, 2.79783234e+02, 9.99347351e+02, 3.00912140e+02,
    1.00661322e+03, 3.21647369e+02, 1.01323920e+03, 3.42801880e+02,
    9.46411255e+02, 1.97480515e+02, 9.52531555e+02, 2.19162079e+02,
    9.59281982e+02, 2.40377869e+02, 9.66135010e+02, 2.61580994e+02,
    9.72998779e+02, 2.82603210e+02, 9.79674805e+02, 3.04181488e+02,
    9.86729065e+02, 3.25190918e+02, 9.94080322e+02, 3.46128479e+02,
    9.26670837e+02, 1.99444199e+02, 9.32643188e+02, 2.21476959e+02,
    9.39454651e+02, 2.43095749e+02, 9.46152710e+02, 2.64478668e+02,
    9.53428650e+02, 2.85737701e+02, 9.60170349e+02, 3.07175812e+02,
    9.66917725e+02, 3.28828186e+02, 9.73950134e+02, 3.49846863e+02,
    9.06375854e+02, 2.01506378e+02, 9.12781067e+02, 2.23386536e+02,
    9.19245422e+02, 2.45219666e+02, 9.26399963e+02, 2.66689148e+02,
    9.32791626e+02, 2.88581146e+02, 9.39699707e+02, 3.10617706e+02,
    9.46879883e+02, 3.32278595e+02, 9.53938232e+02, 3.53711426e+02,
    8.85477295e+02, 2.03812820e+02, 8.91766785e+02, 2.25858368e+02,
    8.98769287e+02, 2.48061020e+02, 9.05719360e+02, 2.69498657e+02,
    9.12296387e+02, 2.91792969e+02, 9.18936829e+02, 3.13670013e+02,
    9.26268127e+02, 3.35500092e+02, 9.33361450e+02, 3.57276886e+02 ]
