%YAML:1.0
---
points: [ 1.02139734e+03, 4.77553223e+02, 1.01913013e+03, 5.07522430e+02,
    1.01667560e+03, 5.37562622e+02, 1.01408179e+03, 5.67798035e+02,
    1.01147400e+03, 5.98376465e+02, 1.00863171e+03, 6.29151367e+02,
    1.00548486e+03, 6.60080688e+02, 1.00233472e+03, 6.91447144e+02,
    9.96737793e+02, 4.78949524e+02, 9.93979492e+02, 5.08244171e+02,
    9.91972107e+02, 5.38052429e+02, 9.89521973e+02, 5.67655884e+02,
    9.86968689e+02, 5.97708984e+02, 9.84406189e+02, 6.27972107e+02,
    9.80547241e+02, 6.58411194e+02, 9.78128113e+02, 6.89135864e+02,
    9.73114746e+02, 4.80443237e+02, 9.71242981e+02, 5.09439148e+02,
    9.68873108e+02, 5.38476196e+02, 9.66245422e+02, 5.67699341e+02,
    9.63313782e+02, 5.97238403e+02, 9.60397278e+02, 6.26891174e+02,
    9.57341309e+02, 6.56716797e+02, 9.53701782e+02, 6.86690002e+02,
    9.49687866e+02, 4.81567352e+02, 9.48605408e+02, 5.10228851e+02,
    9.45881714e+02, 5.38809021e+02, 9.43444824e+02, 5.67516968e+02,
    9.39807190e+02, 5.96480835e+02, 9.37119080e+02, 6.25661987e+02,
    9.34472778e+02, 6.55177002e+02, 9.31092102e+02, 6.84676392e+02,
    9.27535156e+02, 4.82651398e+02, 9.25438782e+02, 5.10858429e+02,
    9.23375244e+02, 5.39046082e+02, 9.20198730e+02, 5.67172607e+02,
    9.17943970e+02, 5.95901917e+02, 9.15377563e+02, 6.24662231e+02,
    9.12139648e+02, 6.53753296e+02, 9.08599548e+02, 6.82477295e+02,
    9.06397156e+02, 4.84185822e+02, 9.04213684e+02, 5.11737213e+02,
    9.01736816e+02, 5.39500000e+02, 8.98621277e+02, 5.67134460e+02,
    8.96549622e+02, 5.95414062e+02, 8.93835083e+02, 6.23620178e+02,
    8.90717773e+02, 6.52064636e+02, 8.87084045e+02, 6.80637756e+02 ]
