%YAML:1.0
---
points: [ 1.63768005e+02, 6.22900009e+01, 1.71666031e+02, 5.94102249e+01,
    1.79346558e+02, 5.69566383e+01, 1.87100433e+02, 5.42601280e+01,
    1.94755280e+02, 5.16025620e+01, 2.02435364e+02, 4.89415054e+01,
    2.10093903e+02, 4.64017982e+01, 2.17893005e+02, 4.37342072e+01,
    1.66929474e+02, 7.01162720e+01, 1.74640808e+02, 6.75623856e+01,
    1.82359024e+02, 6.48975983e+01, 1.90080673e+02, 6.23371353e+01,
    1.97928284e+02, 5.96927299e+01, 2.05462494e+02, 5.69673729e+01,
    2.13114456e+02, 5.42984772e+01, 2.20657211e+02, 5.16330681e+01,
    1.70091644e+02, 7.82552185e+01, 1.77825836e+02, 7.56170349e+01,
    1.85498520e+02, 7.30670090e+01, 1.93280472e+02, 7.03520203e+01,
    2.00838303e+02, 6.77654648e+01, 2.08415405e+02, 6.50953064e+01,
    2.16099594e+02, 6.24956932e+01, 2.23624146e+02, 5.96803017e+01,
    1.73054626e+02, 8.62196350e+01, 1.80892929e+02, 8.36402512e+01,
    1.88459488e+02, 8.08623886e+01, 1.96230591e+02, 7.83666534e+01,
    2.03801102e+02, 7.56374741e+01, 2.11365417e+02, 7.30720901e+01,
    2.18864517e+02, 7.04541092e+01, 2.26298172e+02, 6.79007187e+01,
    1.76294312e+02, 9.41210480e+01, 1.83786606e+02, 9.15459290e+01,
    1.91535049e+02, 8.88987503e+01, 1.99185455e+02, 8.61527939e+01,
    2.06772079e+02, 8.35127716e+01, 2.14312973e+02, 8.09662781e+01,
    2.21876282e+02, 7.81264496e+01, 2.29399734e+02, 7.58072281e+01,
    1.79230560e+02, 1.02047256e+02, 1.87052338e+02, 9.94244308e+01,
    1.94528412e+02, 9.68149185e+01, 2.02199997e+02, 9.41664886e+01,
    2.09800354e+02, 9.14529037e+01, 2.17291260e+02, 8.87882843e+01,
    2.24714355e+02, 8.62062607e+01, 2.32190750e+02, 8.35211792e+01 ]
