%YAML:1.0
---
points: [ 1.15817773e+03, 1.86605240e+02, 1.15518091e+03, 2.04891327e+02,
    1.15230310e+03, 2.23167511e+02, 1.14932727e+03, 2.41322098e+02,
    1.14605762e+03, 2.59743317e+02, 1.14327173e+03, 2.78049255e+02,
    1.13960229e+03, 2.96337646e+02, 1.13656738e+03, 3.14346191e+02,
    1.14149365e+03, 1.88732666e+02, 1.13829492e+03, 2.06974960e+02,
    1.13556128e+03, 2.25111847e+02, 1.13249487e+03, 2.43372498e+02,
    1.12947827e+03, 2.61407776e+02, 1.12661304e+03, 2.79521210e+02,
    1.12292676e+03, 2.97398804e+02, 1.12027429e+03, 3.15492950e+02,
    1.12485730e+03, 1.91324585e+02, 1.12242627e+03, 2.09475159e+02,
    1.11940918e+03, 2.27548264e+02, 1.11665759e+03, 2.45256912e+02,
    1.11338269e+03, 2.62920135e+02, 1.11052319e+03, 2.81180695e+02,
    1.10726855e+03, 2.98629974e+02, 1.10362695e+03, 3.16612427e+02,
    1.10855823e+03, 1.93407089e+02, 1.10656140e+03, 2.11593185e+02,
    1.10365588e+03, 2.29319000e+02, 1.10068689e+03, 2.46952209e+02,
    1.09730103e+03, 2.64439636e+02, 1.09440308e+03, 2.82216217e+02,
    1.09152295e+03, 3.00114075e+02, 1.08825378e+03, 3.17515686e+02,
    1.09317163e+03, 1.95641800e+02, 1.09055701e+03, 2.13325989e+02,
    1.08780273e+03, 2.30893997e+02, 1.08476245e+03, 2.48435501e+02,
    1.08181958e+03, 2.66076263e+02, 1.07925684e+03, 2.83732086e+02,
    1.07576208e+03, 3.01312592e+02, 1.07273132e+03, 3.18443085e+02,
    1.07796313e+03, 1.97953690e+02, 1.07535876e+03, 2.15436935e+02,
    1.07238721e+03, 2.33135010e+02, 1.06939722e+03, 2.49872849e+02,
    1.06683313e+03, 2.67503296e+02, 1.06408801e+03, 2.85073883e+02,
    1.06059424e+03, 3.02268372e+02, 1.05755774e+03, 3.19344147e+02 ]
