%YAML:1.0
---
points: [ 1.63753204e+02, 6.22854881e+01, 1.71692780e+02, 5.94432945e+01,
    1.79382568e+02, 5.69105759e+01, 1.87113846e+02, 5.42573586e+01,
    1.94760925e+02, 5.15938797e+01, 2.02406509e+02, 4.89007835e+01,
    2.10128586e+02, 4.63825417e+01, 2.17874954e+02, 4.37243729e+01,
    1.66917419e+02, 7.00885162e+01, 1.74637497e+02, 6.75654068e+01,
    1.82361923e+02, 6.49183578e+01, 1.90057678e+02, 6.22994423e+01,
    1.97919250e+02, 5.96885834e+01, 2.05442307e+02, 5.69561081e+01,
    2.13130066e+02, 5.43446465e+01, 2.20660889e+02, 5.16549492e+01,
    1.70060913e+02, 7.82485199e+01, 1.77770081e+02, 7.55856628e+01,
    1.85432526e+02, 7.30396347e+01, 1.93300797e+02, 7.03106537e+01,
    2.00801468e+02, 6.77492981e+01, 2.08403336e+02, 6.50562820e+01,
    2.16064178e+02, 6.24209747e+01, 2.23608536e+02, 5.96864738e+01,
    1.73051987e+02, 8.61815567e+01, 1.80891754e+02, 8.36280975e+01,
    1.88450928e+02, 8.08656693e+01, 1.96190613e+02, 7.83910599e+01,
    2.03803299e+02, 7.56299210e+01, 2.11386398e+02, 7.30752106e+01,
    2.18883606e+02, 7.04717407e+01, 2.26314758e+02, 6.79049759e+01,
    1.76283173e+02, 9.41209564e+01, 1.83818542e+02, 9.15450058e+01,
    1.91474030e+02, 8.88676910e+01, 1.99179382e+02, 8.61707611e+01,
    2.06795319e+02, 8.35439072e+01, 2.14255280e+02, 8.09467239e+01,
    2.21870483e+02, 7.81525421e+01, 2.29413025e+02, 7.57931976e+01,
    1.79249954e+02, 1.02041222e+02, 1.87108673e+02, 9.94031143e+01,
    1.94528427e+02, 9.68128815e+01, 2.02186020e+02, 9.41234741e+01,
    2.09788223e+02, 9.14513016e+01, 2.17261322e+02, 8.88242188e+01,
    2.24721893e+02, 8.62001343e+01, 2.32169174e+02, 8.35290680e+01 ]
