%YAML:1.0
---
points: [ 8.43121155e+02, 4.84676697e+02, 8.42841125e+02, 5.09791046e+02,
    8.42600891e+02, 5.34893555e+02, 8.42382629e+02, 5.60527893e+02,
    8.41821533e+02, 5.86174133e+02, 8.41422302e+02, 6.12132812e+02,
    8.40562378e+02, 6.38069275e+02, 8.39805603e+02, 6.64397400e+02,
    8.19119812e+02, 4.86333038e+02, 8.18501343e+02, 5.11299805e+02,
    8.18382996e+02, 5.36295227e+02, 8.18006592e+02, 5.61596252e+02,
    8.17661682e+02, 5.87197632e+02, 8.17156616e+02, 6.12883179e+02,
    8.16047058e+02, 6.38713318e+02, 8.15674561e+02, 6.64988037e+02,
    7.95386414e+02, 4.87711151e+02, 7.95408630e+02, 5.12767395e+02,
    7.94955017e+02, 5.37714294e+02, 7.94485962e+02, 5.62906555e+02,
    7.93573730e+02, 5.88103943e+02, 7.92940674e+02, 6.13756104e+02,
    7.92029724e+02, 6.39560059e+02, 7.91032837e+02, 6.65491211e+02,
    7.71677246e+02, 4.89151733e+02, 7.71936584e+02, 5.14077759e+02,
    7.71427002e+02, 5.39036987e+02, 7.70835876e+02, 5.64029968e+02,
    7.69739624e+02, 5.89097412e+02, 7.68868469e+02, 6.14602600e+02,
    7.68488098e+02, 6.40362610e+02, 7.67318359e+02, 6.66096863e+02,
    7.48590271e+02, 4.90590881e+02, 7.48339539e+02, 5.15207336e+02,
    7.48015320e+02, 5.40065247e+02, 7.46867371e+02, 5.64989014e+02,
    7.46421265e+02, 5.90264709e+02, 7.45615723e+02, 6.15608521e+02,
    7.44641235e+02, 6.41068054e+02, 7.43449524e+02, 6.66576294e+02,
    7.25798218e+02, 4.92232574e+02, 7.25281006e+02, 5.16632263e+02,
    7.24704590e+02, 5.41345398e+02, 7.23635498e+02, 5.65967041e+02,
    7.23265198e+02, 5.91246826e+02, 7.22449890e+02, 6.16398438e+02,
    7.21365845e+02, 6.41677795e+02, 7.19851379e+02, 6.67191772e+02 ]
