%YAML:1.0
---
points: [ 2.33506760e+02, 1.90575989e+02, 2.33593353e+02, 1.99162567e+02,
    2.33569138e+02, 2.07638748e+02, 2.33689972e+02, 2.16266556e+02,
    2.33683380e+02, 2.25050385e+02, 2.33721405e+02, 2.33886047e+02,
    2.33712524e+02, 2.42708435e+02, 2.33670731e+02, 2.51664093e+02,
    2.25490921e+02, 1.91216705e+02, 2.25301804e+02, 1.99558472e+02,
    2.25467682e+02, 2.08256119e+02, 2.25344223e+02, 2.16737671e+02,
    2.25379608e+02, 2.25358521e+02, 2.25425064e+02, 2.34170059e+02,
    2.25364990e+02, 2.43106033e+02, 2.25318344e+02, 2.51915665e+02,
    2.17476196e+02, 1.91980286e+02, 2.17376068e+02, 2.00311264e+02,
    2.17502869e+02, 2.08772064e+02, 2.17307068e+02, 2.17281082e+02,
    2.17361450e+02, 2.25956726e+02, 2.17278732e+02, 2.34571014e+02,
    2.17191467e+02, 2.43273209e+02, 2.16871109e+02, 2.52164215e+02,
    2.09217865e+02, 1.92454803e+02, 2.09440842e+02, 2.00811295e+02,
    2.09385452e+02, 2.09245483e+02, 2.09358322e+02, 2.17742050e+02,
    2.09179047e+02, 2.26164917e+02, 2.08983093e+02, 2.34907654e+02,
    2.08947189e+02, 2.43629486e+02, 2.08822418e+02, 2.52338745e+02,
    2.01296890e+02, 1.92912323e+02, 2.01279877e+02, 2.01267883e+02,
    2.01277328e+02, 2.09642731e+02, 2.01249359e+02, 2.18089798e+02,
    2.01150620e+02, 2.26773239e+02, 2.00986221e+02, 2.35291397e+02,
    2.00675934e+02, 2.43908646e+02, 2.00521027e+02, 2.52699890e+02,
    1.93539505e+02, 1.93516998e+02, 1.93409866e+02, 2.01823410e+02,
    1.93334717e+02, 2.10223587e+02, 1.93247574e+02, 2.18598450e+02,
    1.93200714e+02, 2.27150528e+02, 1.93031540e+02, 2.35663376e+02,
    1.92692856e+02, 2.44189560e+02, 1.92584946e+02, 2.52975128e+02 ]
