%YAML:1.0
---
points: [ 5.69546509e+02, 5.28471252e+02, 5.94733276e+02, 5.27748291e+02,
    6.19519531e+02, 5.26785034e+02, 6.44088379e+02, 5.26067749e+02,
    6.68344482e+02, 5.25355286e+02, 6.91887451e+02, 5.24609253e+02,
    7.15431641e+02, 5.23847107e+02, 7.38467590e+02, 5.23401245e+02,
    5.70509888e+02, 5.51645813e+02, 5.95657166e+02, 5.50751038e+02,
    6.20547485e+02, 5.49956726e+02, 6.45013428e+02, 5.49137451e+02,
    6.69204346e+02, 5.48276367e+02, 6.92738586e+02, 5.47211121e+02,
    7.16345032e+02, 5.46364014e+02, 7.39309692e+02, 5.45547363e+02,
    5.71579773e+02, 5.75257751e+02, 5.96582153e+02, 5.73970154e+02,
    6.21511108e+02, 5.72867798e+02, 6.45767456e+02, 5.71846130e+02,
    6.69925354e+02, 5.70628723e+02, 6.93572571e+02, 5.69725952e+02,
    7.16941650e+02, 5.68709167e+02, 7.40101990e+02, 5.67831177e+02,
    5.72670471e+02, 5.98505249e+02, 5.97595154e+02, 5.97199219e+02,
    6.22441406e+02, 5.95750061e+02, 6.46921875e+02, 5.94532349e+02,
    6.70657898e+02, 5.93308044e+02, 6.94465576e+02, 5.92065308e+02,
    7.17610352e+02, 5.90864929e+02, 7.40687744e+02, 5.89956482e+02,
    5.73688293e+02, 6.21799377e+02, 5.98544678e+02, 6.20297485e+02,
    6.23344360e+02, 6.18673096e+02, 6.47689026e+02, 6.17363037e+02,
    6.71511475e+02, 6.15942017e+02, 6.95308167e+02, 6.14473633e+02,
    7.18452942e+02, 6.13367371e+02, 7.41475647e+02, 6.12102539e+02,
    5.74723267e+02, 6.44922852e+02, 5.99543640e+02, 6.43362976e+02,
    6.24229675e+02, 6.41501465e+02, 6.48573425e+02, 6.40026489e+02,
    6.72418335e+02, 6.38459229e+02, 6.96103210e+02, 6.36843567e+02,
    7.19240967e+02, 6.35378601e+02, 7.42228271e+02, 6.34083679e+02 ]
