%YAML:1.0
---
points: [ 1.69716263e+02, 2.69550629e+02, 1.77250259e+02, 2.67248718e+02,
    1.84884094e+02, 2.65210510e+02, 1.92275604e+02, 2.62752441e+02,
    1.99610367e+02, 2.60356537e+02, 2.06895676e+02, 2.58359253e+02,
    2.14184402e+02, 2.55882965e+02, 2.21172256e+02, 2.53922058e+02,
    1.71698135e+02, 2.76514526e+02, 1.79308029e+02, 2.74234741e+02,
    1.86857407e+02, 2.71824463e+02, 1.94300186e+02, 2.69664886e+02,
    2.01832260e+02, 2.67432922e+02, 2.09172806e+02, 2.64876007e+02,
    2.16190628e+02, 2.62561676e+02, 2.23246933e+02, 2.60211182e+02,
    1.73694901e+02, 2.84077545e+02, 1.81434875e+02, 2.81641754e+02,
    1.88935867e+02, 2.79141205e+02, 1.96668106e+02, 2.76674438e+02,
    2.04065857e+02, 2.74428131e+02, 2.11201935e+02, 2.72056671e+02,
    2.18612991e+02, 2.69785767e+02, 2.25706360e+02, 2.67339874e+02,
    1.75650482e+02, 2.91363922e+02, 1.83536255e+02, 2.88972382e+02,
    1.91079178e+02, 2.86418121e+02, 1.98750961e+02, 2.84143982e+02,
    2.06170914e+02, 2.81514221e+02, 2.13527954e+02, 2.79234833e+02,
    2.20768478e+02, 2.76908722e+02, 2.27782166e+02, 2.74629974e+02,
    1.77780563e+02, 2.99009644e+02, 1.85507889e+02, 2.96429504e+02,
    1.93238098e+02, 2.93753967e+02, 2.00863632e+02, 2.91172729e+02,
    2.08427704e+02, 2.88772614e+02, 2.15825638e+02, 2.86451172e+02,
    2.23251053e+02, 2.83690033e+02, 2.30423996e+02, 2.81724915e+02,
    1.79895782e+02, 3.06689453e+02, 1.87717529e+02, 3.04106812e+02,
    1.95402466e+02, 3.01405975e+02, 2.03192734e+02, 2.98825409e+02,
    2.10732971e+02, 2.96198883e+02, 2.18226501e+02, 2.93625458e+02,
    2.25569641e+02, 2.91249237e+02, 2.32811035e+02, 2.88634827e+02 ]
