%YAML:1.0
---
points: [ 1.66729443e+03, 1.36231293e+02, 1.66514307e+03, 1.62454086e+02,
    1.66311865e+03, 1.88468430e+02, 1.66078088e+03, 2.14805206e+02,
    1.65854175e+03, 2.41102783e+02, 1.65621350e+03, 2.67609100e+02,
    1.65378186e+03, 2.93770569e+02, 1.65142224e+03, 3.20371582e+02,
    1.63579468e+03, 1.39928101e+02, 1.63337183e+03, 1.65505188e+02,
    1.63110376e+03, 1.91489090e+02, 1.62875818e+03, 2.17406830e+02,
    1.62667712e+03, 2.43570526e+02, 1.62407825e+03, 2.69805939e+02,
    1.62167920e+03, 2.95592773e+02, 1.61930249e+03, 3.22140045e+02,
    1.60487622e+03, 1.43497925e+02, 1.60243738e+03, 1.69471725e+02,
    1.60029553e+03, 1.94782928e+02, 1.59772156e+03, 2.20287262e+02,
    1.59552100e+03, 2.45822281e+02, 1.59281921e+03, 2.71707886e+02,
    1.59046790e+03, 2.97475769e+02, 1.58763538e+03, 3.23182281e+02,
    1.57482495e+03, 1.46565277e+02, 1.57255054e+03, 1.72417526e+02,
    1.57018835e+03, 1.97665695e+02, 1.56760791e+03, 2.23105621e+02,
    1.56508643e+03, 2.48274231e+02, 1.56250024e+03, 2.73479095e+02,
    1.55993115e+03, 2.99290924e+02, 1.55740051e+03, 3.24475098e+02,
    1.54546863e+03, 1.50079453e+02, 1.54319897e+03, 1.75235886e+02,
    1.54064404e+03, 2.00347336e+02, 1.53808130e+03, 2.24976181e+02,
    1.53553442e+03, 2.50404831e+02, 1.53294421e+03, 2.75757141e+02,
    1.53025085e+03, 3.00816864e+02, 1.52748108e+03, 3.25742523e+02,
    1.51685571e+03, 1.53821487e+02, 1.51438013e+03, 1.78465912e+02,
    1.51185474e+03, 2.03264374e+02, 1.50916150e+03, 2.27650070e+02,
    1.50657556e+03, 2.52750137e+02, 1.50398340e+03, 2.77532928e+02,
    1.50123169e+03, 3.02432617e+02, 1.49844250e+03, 3.27143311e+02 ]
