%YAML:1.0
---
points: [ 1.39995575e+02, 2.06340332e+02, 1.48208069e+02, 2.05913513e+02,
    1.56497864e+02, 2.05652832e+02, 1.64620224e+02, 2.05317413e+02,
    1.72781143e+02, 2.05072052e+02, 1.80420395e+02, 2.04546524e+02,
    1.88425827e+02, 2.04410217e+02, 1.96111786e+02, 2.04129028e+02,
    1.40302002e+02, 2.14324371e+02, 1.48511780e+02, 2.13862732e+02,
    1.56767212e+02, 2.13465424e+02, 1.65040848e+02, 2.13239716e+02,
    1.73053070e+02, 2.12671951e+02, 1.80930313e+02, 2.12331161e+02,
    1.88771667e+02, 2.12052078e+02, 1.96400757e+02, 2.11623810e+02,
    1.40598206e+02, 2.22299072e+02, 1.48894806e+02, 2.21674423e+02,
    1.57136887e+02, 2.21245422e+02, 1.65375153e+02, 2.20804352e+02,
    1.73284088e+02, 2.20387817e+02, 1.81224197e+02, 2.19951477e+02,
    1.89066147e+02, 2.19547043e+02, 1.96708801e+02, 2.19244644e+02,
    1.41183105e+02, 2.29983505e+02, 1.49320724e+02, 2.29448502e+02,
    1.57564575e+02, 2.28928772e+02, 1.65642807e+02, 2.28509903e+02,
    1.73618210e+02, 2.28076263e+02, 1.81396088e+02, 2.27463165e+02,
    1.89272552e+02, 2.27021576e+02, 1.97049591e+02, 2.26664291e+02,
    1.41384796e+02, 2.37934296e+02, 1.49677399e+02, 2.37309967e+02,
    1.58022110e+02, 2.36852692e+02, 1.65989716e+02, 2.36178070e+02,
    1.74039185e+02, 2.35729279e+02, 1.81816833e+02, 2.35122467e+02,
    1.89557632e+02, 2.34672897e+02, 1.97337616e+02, 2.34169113e+02,
    1.41801910e+02, 2.45768707e+02, 1.50061996e+02, 2.45196625e+02,
    1.58351151e+02, 2.44614258e+02, 1.66394073e+02, 2.43983917e+02,
    1.74378311e+02, 2.43387161e+02, 1.82312592e+02, 2.42715912e+02,
    1.90014038e+02, 2.42133438e+02, 1.97526672e+02, 2.41650803e+02 ]
