%YAML:1.0
---
points: [ 9.72145386e+01, 2.07470490e+02, 1.04162209e+02, 2.06983780e+02,
    1.11618660e+02, 2.06824005e+02, 1.18763428e+02, 2.09266708e+02,
    1.24864624e+02, 2.06147491e+02, 1.31662842e+02, 2.05991394e+02,
    1.38874100e+02, 2.05913696e+02, 1.41432434e+02, 2.08285400e+02,
    9.74457855e+01, 2.10983078e+02, 1.04950020e+02, 2.16982742e+02,
    1.11694870e+02, 2.17466721e+02, 1.18777168e+02, 2.09269943e+02,
    1.25520576e+02, 2.12852478e+02, 1.32784805e+02, 2.16029434e+02,
    1.38998978e+02, 2.12369553e+02, 1.41432434e+02, 2.08285400e+02,
    9.86453323e+01, 2.23355133e+02, 1.04950005e+02, 2.16982758e+02,
    1.11694862e+02, 2.17466736e+02, 1.19264244e+02, 2.22856934e+02,
    1.26693977e+02, 2.23109818e+02, 1.32784775e+02, 2.16029419e+02,
    1.40372864e+02, 2.21948868e+02, 1.43335999e+02, 2.22102341e+02,
    9.86453247e+01, 2.23355148e+02, 1.05600395e+02, 2.23920944e+02,
    1.12814865e+02, 2.29610992e+02, 1.19264252e+02, 2.22856949e+02,
    1.26693977e+02, 2.23109818e+02, 1.36515289e+02, 2.28456116e+02,
    1.43335999e+02, 2.22102341e+02, 1.43335999e+02, 2.22102341e+02,
    9.94878998e+01, 2.34208130e+02, 1.06574211e+02, 2.36630203e+02,
    1.12814850e+02, 2.29611038e+02, 1.20457489e+02, 2.35721786e+02,
    1.27159798e+02, 2.36190933e+02, 1.36515289e+02, 2.28456116e+02,
    1.40499542e+02, 2.34714890e+02, 1.47308197e+02, 2.34995316e+02,
    9.97330704e+01, 2.36276199e+02, 1.06574219e+02, 2.36630234e+02,
    1.13829262e+02, 2.36565155e+02, 1.20457489e+02, 2.35721817e+02,
    1.27159813e+02, 2.36190964e+02, 1.34212555e+02, 2.35349396e+02,
    1.40499649e+02, 2.34714951e+02, 1.47308228e+02, 2.34995361e+02 ]
