%YAML:1.0
---
points: [ 4.49922760e+02, 5.30068420e+02, 4.70837341e+02, 5.29407959e+02,
    4.91836151e+02, 5.28702454e+02, 5.12623291e+02, 5.28212341e+02,
    5.33068665e+02, 5.27684875e+02, 5.53752991e+02, 5.27108582e+02,
    5.74187683e+02, 5.26455505e+02, 5.94191162e+02, 5.26101379e+02,
    4.51566833e+02, 5.49744446e+02, 4.72505859e+02, 5.49152405e+02,
    4.93444397e+02, 5.48486633e+02, 5.14005188e+02, 5.47864258e+02,
    5.34436157e+02, 5.47179932e+02, 5.55124817e+02, 5.46515808e+02,
    5.75319824e+02, 5.46026001e+02, 5.95469543e+02, 5.45449341e+02,
    4.53305664e+02, 5.69443542e+02, 4.74128143e+02, 5.68521179e+02,
    4.94566071e+02, 5.67786438e+02, 5.15451660e+02, 5.67177917e+02,
    5.36279297e+02, 5.66422668e+02, 5.56505005e+02, 5.65797852e+02,
    5.76762268e+02, 5.65311401e+02, 5.96895325e+02, 5.64861511e+02,
    4.54647919e+02, 5.88819275e+02, 4.75464355e+02, 5.87979980e+02,
    4.96348846e+02, 5.87252930e+02, 5.17163513e+02, 5.86539612e+02,
    5.37714355e+02, 5.85873901e+02, 5.58082336e+02, 5.85086548e+02,
    5.78171997e+02, 5.84265503e+02, 5.98152527e+02, 5.83775391e+02,
    4.56215637e+02, 6.08324280e+02, 4.76909454e+02, 6.07571411e+02,
    4.97642334e+02, 6.06655823e+02, 5.18337769e+02, 6.05882202e+02,
    5.38787231e+02, 6.05251709e+02, 5.59169434e+02, 6.04292480e+02,
    5.79285828e+02, 6.03748413e+02, 5.99378967e+02, 6.02851624e+02,
    4.57680023e+02, 6.27872253e+02, 4.78395874e+02, 6.27030334e+02,
    4.99200073e+02, 6.25937500e+02, 5.19629944e+02, 6.25232544e+02,
    5.40070923e+02, 6.24325378e+02, 5.60484436e+02, 6.23516174e+02,
    5.80692322e+02, 6.22772339e+02, 6.00707458e+02, 6.22245605e+02 ]
