%YAML:1.0
---
points: [ 1.30429041e+03, 2.89474365e+02, 1.31732092e+03, 2.71721008e+02,
    1.33047815e+03, 2.53577667e+02, 1.34372925e+03, 2.34943893e+02,
    1.35687268e+03, 2.15794815e+02, 1.37080945e+03, 1.96529556e+02,
    1.38468677e+03, 1.76814148e+02, 1.39883081e+03, 1.56756561e+02,
    1.31939771e+03, 3.00848419e+02, 1.33267725e+03, 2.83174072e+02,
    1.34621533e+03, 2.64775574e+02, 1.35964563e+03, 2.46157715e+02,
    1.37330530e+03, 2.27107391e+02, 1.38751843e+03, 2.07739731e+02,
    1.40161609e+03, 1.87838730e+02, 1.41580994e+03, 1.67612274e+02,
    1.33478918e+03, 3.12435028e+02, 1.34844250e+03, 2.94585266e+02,
    1.36178638e+03, 2.76289825e+02, 1.37576648e+03, 2.57546417e+02,
    1.39024292e+03, 2.38537582e+02, 1.40458301e+03, 2.19137848e+02,
    1.41912341e+03, 1.99286636e+02, 1.43345520e+03, 1.78811813e+02,
    1.35047302e+03, 3.24182159e+02, 1.36427417e+03, 3.06383850e+02,
    1.37847681e+03, 2.87937836e+02, 1.39252051e+03, 2.69113098e+02,
    1.40710913e+03, 2.50115921e+02, 1.42175146e+03, 2.30526031e+02,
    1.43647803e+03, 2.10687027e+02, 1.45137744e+03, 1.90296066e+02,
    1.36660059e+03, 3.36331421e+02, 1.38046472e+03, 3.18198517e+02,
    1.39485779e+03, 2.99923309e+02, 1.40942786e+03, 2.81052002e+02,
    1.42420862e+03, 2.61787231e+02, 1.43899707e+03, 2.42288513e+02,
    1.45394800e+03, 2.22275970e+02, 1.46963098e+03, 2.01854462e+02,
    1.38272351e+03, 3.48431854e+02, 1.39717554e+03, 3.30473206e+02,
    1.41196582e+03, 3.11984955e+02, 1.42660522e+03, 2.93145782e+02,
    1.44170935e+03, 2.73865967e+02, 1.45686499e+03, 2.54318024e+02,
    1.47251025e+03, 2.34293274e+02, 1.48830737e+03, 2.13764389e+02 ]
