%YAML:1.0
---
points: [ 2.45275223e+02, 2.92975677e+02, 2.52609589e+02, 2.89864624e+02,
    2.59761871e+02, 2.86452362e+02, 2.66997833e+02, 2.82978027e+02,
    2.73919708e+02, 2.79136292e+02, 2.81263885e+02, 2.76014069e+02,
    2.88325562e+02, 2.72381073e+02, 2.95433929e+02, 2.68989258e+02,
    2.48064316e+02, 2.99987854e+02, 2.55274719e+02, 2.96591125e+02,
    2.62546295e+02, 2.93119110e+02, 2.69713165e+02, 2.89646118e+02,
    2.77144043e+02, 2.86249451e+02, 2.84363525e+02, 2.82739471e+02,
    2.91456970e+02, 2.79075989e+02, 2.98824799e+02, 2.75547394e+02,
    2.50794785e+02, 3.07502411e+02, 2.58235870e+02, 3.03926971e+02,
    2.65439911e+02, 3.00321075e+02, 2.73315948e+02, 2.97705811e+02,
    2.80094177e+02, 2.93700989e+02, 2.87671326e+02, 2.89901306e+02,
    2.95041290e+02, 2.86434998e+02, 3.02271515e+02, 2.82577240e+02,
    2.53572678e+02, 3.14838501e+02, 2.61094452e+02, 3.11429047e+02,
    2.68650818e+02, 3.07792511e+02, 2.76105591e+02, 3.04165039e+02,
    2.83503571e+02, 3.00554688e+02, 2.91039490e+02, 2.97215607e+02,
    2.98395325e+02, 2.93493652e+02, 3.05746033e+02, 2.89984406e+02,
    2.56515381e+02, 3.22605255e+02, 2.64044769e+02, 3.18863525e+02,
    2.71602722e+02, 3.15365265e+02, 2.79336761e+02, 3.11708588e+02,
    2.86810303e+02, 3.08043182e+02, 2.94324036e+02, 3.04509338e+02,
    3.01943176e+02, 3.00782410e+02, 3.09544769e+02, 2.97296906e+02,
    2.59364929e+02, 3.30468536e+02, 2.67197540e+02, 3.26813721e+02,
    2.74901703e+02, 3.23207947e+02, 2.82527802e+02, 3.19499725e+02,
    2.90241760e+02, 3.15789215e+02, 2.97915710e+02, 3.12219604e+02,
    3.05560211e+02, 3.08428040e+02, 3.13251678e+02, 3.04768616e+02 ]
