%YAML:1.0
---
points: [ 3.95354980e+02, 7.70491394e+02, 4.21550354e+02, 7.69110840e+02,
    4.47300049e+02, 7.67448975e+02, 4.72457520e+02, 7.66165039e+02,
    4.97437073e+02, 7.65030334e+02, 5.21828064e+02, 7.63490051e+02,
    5.45734863e+02, 7.62071411e+02, 5.69404358e+02, 7.60865112e+02,
    3.94351898e+02, 7.93987061e+02, 4.20492401e+02, 7.92381470e+02,
    4.46352661e+02, 7.90757690e+02, 4.71611023e+02, 7.89157715e+02,
    4.96617859e+02, 7.87619202e+02, 5.21192444e+02, 7.86007629e+02,
    5.45105774e+02, 7.84550903e+02, 5.68760376e+02, 7.83045593e+02,
    3.93415375e+02, 8.17843994e+02, 4.19490265e+02, 8.15805115e+02,
    4.45426300e+02, 8.14068359e+02, 4.70759064e+02, 8.12464111e+02,
    4.95786652e+02, 8.10367493e+02, 5.20323608e+02, 8.08556519e+02,
    5.44400879e+02, 8.07012451e+02, 5.68304016e+02, 8.05532227e+02,
    3.92391388e+02, 8.41756226e+02, 4.18601685e+02, 8.39495972e+02,
    4.44594696e+02, 8.37495361e+02, 4.70252502e+02, 8.35394714e+02,
    4.95059692e+02, 8.33446472e+02, 5.19512573e+02, 8.31219177e+02,
    5.43655273e+02, 8.29351196e+02, 5.67470642e+02, 8.27718933e+02,
    3.91493866e+02, 8.65718628e+02, 4.17779633e+02, 8.63530884e+02,
    4.43710724e+02, 8.61043701e+02, 4.69280518e+02, 8.58749512e+02,
    4.94277802e+02, 8.56521362e+02, 5.18845520e+02, 8.54409729e+02,
    5.43113831e+02, 8.52345459e+02, 5.66661560e+02, 8.50190979e+02,
    3.90580383e+02, 8.90107178e+02, 4.16864410e+02, 8.87384155e+02,
    4.42967987e+02, 8.84831360e+02, 4.68592316e+02, 8.82338562e+02,
    4.93417023e+02, 8.79913452e+02, 5.18273071e+02, 8.77319946e+02,
    5.42367859e+02, 8.75028076e+02, 5.66182678e+02, 8.72672607e+02 ]
