%YAML:1.0
---
points: [ 2.45291779e+02, 2.93050293e+02, 2.52599243e+02, 2.89837189e+02,
    2.59780121e+02, 2.86471100e+02, 2.67004913e+02, 2.83031586e+02,
    2.73954956e+02, 2.79198792e+02, 2.81271698e+02, 2.76025970e+02,
    2.88322723e+02, 2.72406311e+02, 2.95424774e+02, 2.69032135e+02,
    2.48082657e+02, 3.00063385e+02, 2.55278732e+02, 2.96629120e+02,
    2.62542297e+02, 2.93145844e+02, 2.69697723e+02, 2.89630035e+02,
    2.77136902e+02, 2.86252869e+02, 2.84351379e+02, 2.82756287e+02,
    2.91488251e+02, 2.79109680e+02, 2.98771362e+02, 2.75543335e+02,
    2.50788010e+02, 3.07433746e+02, 2.58202942e+02, 3.03938995e+02,
    2.65458282e+02, 3.00332916e+02, 2.73286804e+02, 2.97694397e+02,
    2.80140686e+02, 2.93667816e+02, 2.87640198e+02, 2.89903992e+02,
    2.95036407e+02, 2.86418732e+02, 3.02243042e+02, 2.82585266e+02,
    2.53589691e+02, 3.14788574e+02, 2.61072876e+02, 3.11438507e+02,
    2.68623230e+02, 3.07766418e+02, 2.76294739e+02, 3.04144012e+02,
    2.83489532e+02, 3.00612396e+02, 2.91026642e+02, 2.97208710e+02,
    2.98412476e+02, 2.93501282e+02, 3.05775360e+02, 2.89971436e+02,
    2.56547852e+02, 3.22540833e+02, 2.64043518e+02, 3.18927002e+02,
    2.71614105e+02, 3.15389008e+02, 2.79335327e+02, 3.11705170e+02,
    2.86826508e+02, 3.08057404e+02, 2.94331085e+02, 3.04517242e+02,
    3.01911377e+02, 3.00726990e+02, 3.09513397e+02, 2.97320160e+02,
    2.59382141e+02, 3.30515533e+02, 2.67213013e+02, 3.26824524e+02,
    2.74879517e+02, 3.23187592e+02, 2.82502625e+02, 3.19511780e+02,
    2.90252686e+02, 3.15780365e+02, 2.97865448e+02, 3.12217255e+02,
    3.05572205e+02, 3.08470825e+02, 3.13262665e+02, 3.04786743e+02 ]
