%YAML:1.0
---
points: [ 1.23247412e+03, 7.32184753e+02, 1.24268054e+03, 7.15547485e+02,
    1.25304260e+03, 6.98697449e+02, 1.26309875e+03, 6.81772461e+02,
    1.27280676e+03, 6.64642395e+02, 1.28329883e+03, 6.47678650e+02,
    1.29343982e+03, 6.30534363e+02, 1.30359570e+03, 6.13374878e+02,
    1.24827991e+03, 7.43313171e+02, 1.25864624e+03, 7.26564209e+02,
    1.26908948e+03, 7.09529236e+02, 1.27929907e+03, 6.92397583e+02,
    1.28941858e+03, 6.75144653e+02, 1.30011340e+03, 6.57971313e+02,
    1.31029260e+03, 6.40546509e+02, 1.32052173e+03, 6.23005249e+02,
    1.26448755e+03, 7.54660095e+02, 1.27505396e+03, 7.37708984e+02,
    1.28538391e+03, 7.20489197e+02, 1.29584961e+03, 7.03223755e+02,
    1.30672620e+03, 6.85806274e+02, 1.31731091e+03, 6.68467896e+02,
    1.32785413e+03, 6.50856079e+02, 1.33800085e+03, 6.33075867e+02,
    1.28096069e+03, 7.66380859e+02, 1.29162695e+03, 7.49277588e+02,
    1.30256079e+03, 7.31837158e+02, 1.31321191e+03, 7.14281982e+02,
    1.32406030e+03, 6.96727356e+02, 1.33473743e+03, 6.79061951e+02,
    1.34550562e+03, 6.61403015e+02, 1.35600891e+03, 6.43440491e+02,
    1.29816260e+03, 7.78505432e+02, 1.30877185e+03, 7.60853271e+02,
    1.31984814e+03, 7.43488098e+02, 1.33079028e+03, 7.25689758e+02,
    1.34159656e+03, 7.07850037e+02, 1.35252368e+03, 6.90087463e+02,
    1.36340027e+03, 6.72133240e+02, 1.37448291e+03, 6.54037048e+02,
    1.31541931e+03, 7.90724182e+02, 1.32651550e+03, 7.73203491e+02,
    1.33773438e+03, 7.55376587e+02, 1.34873438e+03, 7.37445129e+02,
    1.35993115e+03, 7.19475098e+02, 1.37107385e+03, 7.01381958e+02,
    1.38231262e+03, 6.83247131e+02, 1.39345862e+03, 6.64945984e+02 ]
