%YAML:1.0
---
points: [ 8.24333344e+01, 2.88530090e+02, 9.07700882e+01, 2.88074554e+02,
    9.91584091e+01, 2.87584381e+02, 1.07523956e+02, 2.87007507e+02,
    1.15678490e+02, 2.86738159e+02, 1.23576538e+02, 2.85929382e+02,
    1.31444992e+02, 2.85668243e+02, 1.39270065e+02, 2.85144684e+02,
    8.21238022e+01, 2.96556732e+02, 9.06524734e+01, 2.95892029e+02,
    9.89369965e+01, 2.95406219e+02, 1.07398331e+02, 2.94898834e+02,
    1.15465347e+02, 2.94257904e+02, 1.23559433e+02, 2.93731140e+02,
    1.31556946e+02, 2.93165833e+02, 1.39215561e+02, 2.92636230e+02,
    8.20442810e+01, 3.04520294e+02, 9.05325089e+01, 3.03858337e+02,
    9.87655945e+01, 3.03183899e+02, 1.07220085e+02, 3.02728851e+02,
    1.15288811e+02, 3.01953125e+02, 1.23337204e+02, 3.01296600e+02,
    1.31299759e+02, 3.00768646e+02, 1.39185486e+02, 3.00239136e+02,
    8.19759827e+01, 3.12522949e+02, 9.03728409e+01, 3.11620850e+02,
    9.87624664e+01, 3.10970551e+02, 1.07011353e+02, 3.10389893e+02,
    1.15263451e+02, 3.09798859e+02, 1.23183655e+02, 3.08925720e+02,
    1.31201950e+02, 3.08232666e+02, 1.38982224e+02, 3.07728333e+02,
    8.18173523e+01, 3.20396240e+02, 9.04256592e+01, 3.19742157e+02,
    9.87055588e+01, 3.18994171e+02, 1.06864616e+02, 3.18120117e+02,
    1.15109070e+02, 3.17523102e+02, 1.23200523e+02, 3.16755951e+02,
    1.31155380e+02, 3.16071320e+02, 1.38849991e+02, 3.15244568e+02,
    8.17036667e+01, 3.28548279e+02, 9.02320938e+01, 3.27614716e+02,
    9.86022720e+01, 3.26859680e+02, 1.06936333e+02, 3.25982849e+02,
    1.14954208e+02, 3.25298920e+02, 1.23197166e+02, 3.24325653e+02,
    1.31050903e+02, 3.23643829e+02, 1.38763809e+02, 3.22880371e+02 ]
