%YAML:1.0
---
points: [ 8.87884338e+02, 7.28399048e+02, 8.96555542e+02, 7.16627319e+02,
    9.06456299e+02, 7.04803162e+02, 9.14656006e+02, 6.92870178e+02,
    9.23328796e+02, 6.81097168e+02, 9.31812256e+02, 6.69297302e+02,
    9.41550903e+02, 6.57495850e+02, 9.49343994e+02, 6.46058105e+02,
    8.98156128e+02, 7.36935547e+02, 9.07073730e+02, 7.25696777e+02,
    9.16431702e+02, 7.13822998e+02, 9.24654968e+02, 7.01545288e+02,
    9.33544067e+02, 6.89956604e+02, 9.42959839e+02, 6.77869080e+02,
    9.51555969e+02, 6.66125244e+02, 9.59726501e+02, 6.53993469e+02,
    9.08885742e+02, 7.46768616e+02, 9.18181702e+02, 7.34896851e+02,
    9.26382751e+02, 7.22890198e+02, 9.35661377e+02, 7.11286438e+02,
    9.45390564e+02, 6.98809570e+02, 9.54054077e+02, 6.86985474e+02,
    9.62677734e+02, 6.75051086e+02, 9.71394165e+02, 6.63424194e+02,
    9.19988159e+02, 7.55867737e+02, 9.28801147e+02, 7.44131470e+02,
    9.37925903e+02, 7.32386108e+02, 9.47293396e+02, 7.20124268e+02,
    9.56191711e+02, 7.08191101e+02, 9.64960449e+02, 6.95847717e+02,
    9.73764832e+02, 6.83988464e+02, 9.82672729e+02, 6.71872192e+02,
    9.30768188e+02, 7.65533264e+02, 9.39644226e+02, 7.53391846e+02,
    9.49064636e+02, 7.41591614e+02, 9.58177734e+02, 7.29599731e+02,
    9.66988403e+02, 7.17361145e+02, 9.76119751e+02, 7.04973999e+02,
    9.84864746e+02, 6.93215942e+02, 9.94189392e+02, 6.81415833e+02,
    9.41726013e+02, 7.75027100e+02, 9.50589172e+02, 7.63158813e+02,
    9.60369080e+02, 7.50921143e+02, 9.69177185e+02, 7.38721558e+02,
    9.78586487e+02, 7.26927246e+02, 9.87338318e+02, 7.14471558e+02,
    9.96609497e+02, 7.02135254e+02, 1.00543915e+03, 6.89992859e+02 ]
