%YAML:1.0
---
points: [ 3.95345734e+02, 7.70589294e+02, 4.21504242e+02, 7.69297180e+02,
    4.47241364e+02, 7.67631836e+02, 4.72458710e+02, 7.66286743e+02,
    4.97434052e+02, 7.65129944e+02, 5.21834290e+02, 7.63540588e+02,
    5.45716492e+02, 7.62137085e+02, 5.69387512e+02, 7.60999634e+02,
    3.94341187e+02, 7.94254028e+02, 4.20484467e+02, 7.92493042e+02,
    4.46321350e+02, 7.90855469e+02, 4.71603088e+02, 7.89240845e+02,
    4.96612518e+02, 7.87680664e+02, 5.21192139e+02, 7.86121643e+02,
    5.45135010e+02, 7.84602905e+02, 5.68749695e+02, 7.83129272e+02,
    3.93402130e+02, 8.17968872e+02, 4.19504608e+02, 8.16027832e+02,
    4.45427277e+02, 8.14159302e+02, 4.70781769e+02, 8.12539917e+02,
    4.95769409e+02, 8.10479492e+02, 5.20340759e+02, 8.08606445e+02,
    5.44411438e+02, 8.07097168e+02, 5.68272278e+02, 8.05607666e+02,
    3.92391907e+02, 8.41914185e+02, 4.18590912e+02, 8.39574585e+02,
    4.44560211e+02, 8.37612244e+02, 4.70253906e+02, 8.35491150e+02,
    4.95065033e+02, 8.33539795e+02, 5.19527466e+02, 8.31325317e+02,
    5.43666931e+02, 8.29418762e+02, 5.67457886e+02, 8.27778259e+02,
    3.91529785e+02, 8.65802185e+02, 4.17810364e+02, 8.63633789e+02,
    4.43730652e+02, 8.61144531e+02, 4.69304321e+02, 8.58882019e+02,
    4.94314331e+02, 8.56574951e+02, 5.18855286e+02, 8.54500793e+02,
    5.43185425e+02, 8.52406250e+02, 5.66679138e+02, 8.50241394e+02,
    3.90571075e+02, 8.90250610e+02, 4.16873688e+02, 8.87483704e+02,
    4.42989746e+02, 8.84920471e+02, 4.68612366e+02, 8.82419922e+02,
    4.93460663e+02, 8.80044739e+02, 5.18266296e+02, 8.77397095e+02,
    5.42394775e+02, 8.75109009e+02, 5.66218384e+02, 8.72756958e+02 ]
