%YAML:1.0
---
points: [ 2.45348572e+02, 2.93032928e+02, 2.52561707e+02, 2.89844543e+02,
    2.59817657e+02, 2.86374481e+02, 2.66976501e+02, 2.82995026e+02,
    2.73951385e+02, 2.79079712e+02, 2.81250397e+02, 2.76020081e+02,
    2.88390808e+02, 2.72391724e+02, 2.95428314e+02, 2.69027740e+02,
    2.47964462e+02, 2.99844360e+02, 2.55276031e+02, 2.96615906e+02,
    2.62483154e+02, 2.93063202e+02, 2.69770721e+02, 2.89595917e+02,
    2.77135986e+02, 2.86251160e+02, 2.84384003e+02, 2.82717255e+02,
    2.91495514e+02, 2.79040588e+02, 2.98758698e+02, 2.75444672e+02,
    2.50826538e+02, 3.07449036e+02, 2.58194702e+02, 3.03911804e+02,
    2.65454315e+02, 3.00318329e+02, 2.73208527e+02, 2.97590271e+02,
    2.80291382e+02, 2.93485107e+02, 2.87652069e+02, 2.89926788e+02,
    2.95001099e+02, 2.86396576e+02, 3.02267975e+02, 2.82542236e+02,
    2.53603546e+02, 3.14728821e+02, 2.61118164e+02, 3.11471191e+02,
    2.68610168e+02, 3.07754761e+02, 2.75974854e+02, 3.03703003e+02,
    2.83488953e+02, 3.00516541e+02, 2.91090881e+02, 2.97168182e+02,
    2.98349060e+02, 2.93472900e+02, 3.05763489e+02, 2.89885315e+02,
    2.56538757e+02, 3.22583893e+02, 2.64039459e+02, 3.18845032e+02,
    2.71641998e+02, 3.15360840e+02, 2.79338470e+02, 3.11648315e+02,
    2.86820129e+02, 3.08020813e+02, 2.94368042e+02, 3.04510773e+02,
    3.01936859e+02, 3.00717041e+02, 3.09579254e+02, 2.97332153e+02,
    2.59396118e+02, 3.30452820e+02, 2.67203979e+02, 3.26827576e+02,
    2.74920776e+02, 3.23156525e+02, 2.82514038e+02, 3.19521301e+02,
    2.90274536e+02, 3.15792969e+02, 2.97841370e+02, 3.12166870e+02,
    3.05629181e+02, 3.08526550e+02, 3.13255615e+02, 3.04747894e+02 ]
