%YAML:1.0
---
points: [ 8.23883820e+01, 2.88654022e+02, 9.07193680e+01, 2.88120239e+02,
    9.91521072e+01, 2.87630554e+02, 1.07525169e+02, 2.87080994e+02,
    1.15645767e+02, 2.86754974e+02, 1.23589638e+02, 2.85953247e+02,
    1.31480148e+02, 2.85658417e+02, 1.39257629e+02, 2.85140717e+02,
    8.21050262e+01, 2.96584808e+02, 9.06427917e+01, 2.95909515e+02,
    9.89407578e+01, 2.95448273e+02, 1.07362747e+02, 2.94926208e+02,
    1.15450676e+02, 2.94256165e+02, 1.23589485e+02, 2.93796326e+02,
    1.31535995e+02, 2.93154266e+02, 1.39189407e+02, 2.92634766e+02,
    8.19737854e+01, 3.04594788e+02, 9.05830612e+01, 3.03880798e+02,
    9.87126465e+01, 3.03197784e+02, 1.07163765e+02, 3.02678009e+02,
    1.15318771e+02, 3.01941193e+02, 1.23326279e+02, 3.01319824e+02,
    1.31361298e+02, 3.00783356e+02, 1.39117584e+02, 3.00119507e+02,
    8.19322281e+01, 3.12557678e+02, 9.03984528e+01, 3.11689972e+02,
    9.87693787e+01, 3.11000702e+02, 1.07054985e+02, 3.10352997e+02,
    1.15298561e+02, 3.09812408e+02, 1.23244530e+02, 3.08916290e+02,
    1.31198425e+02, 3.08236664e+02, 1.38991653e+02, 3.07723602e+02,
    8.17948685e+01, 3.20454285e+02, 9.03882446e+01, 3.19748138e+02,
    9.86938477e+01, 3.19026550e+02, 1.06937584e+02, 3.18167206e+02,
    1.15093246e+02, 3.17552032e+02, 1.23184448e+02, 3.16793182e+02,
    1.31147705e+02, 3.16073151e+02, 1.38847244e+02, 3.15348938e+02,
    8.17146759e+01, 3.28520325e+02, 9.02774124e+01, 3.27693939e+02,
    9.85999985e+01, 3.26911224e+02, 1.06842628e+02, 3.26100800e+02,
    1.14977921e+02, 3.25251648e+02, 1.23169319e+02, 3.24393250e+02,
    1.31078888e+02, 3.23692505e+02, 1.38768265e+02, 3.22867737e+02 ]
