%YAML:1.0
---
points: [ 6.54327515e+02, 7.20088318e+02, 6.67930603e+02, 7.10671997e+02,
    6.81751038e+02, 7.01434326e+02, 6.95347168e+02, 6.92205811e+02,
    7.08560425e+02, 6.82677734e+02, 7.20771179e+02, 6.73850159e+02,
    7.34127380e+02, 6.65297119e+02, 7.46958252e+02, 6.56423218e+02,
    6.64322021e+02, 7.31244873e+02, 6.78243469e+02, 7.21872681e+02,
    6.91698730e+02, 7.12395386e+02, 7.05320190e+02, 7.02796326e+02,
    7.18247131e+02, 6.93327209e+02, 7.31626953e+02, 6.84633301e+02,
    7.43650269e+02, 6.74586548e+02, 7.56137817e+02, 6.66660156e+02,
    6.74691895e+02, 7.42613586e+02, 6.88501160e+02, 7.33176331e+02,
    7.02128601e+02, 7.23397278e+02, 7.15446777e+02, 7.13566406e+02,
    7.28585388e+02, 7.04889648e+02, 7.41437317e+02, 6.95571838e+02,
    7.54164246e+02, 6.86433655e+02, 7.66569397e+02, 6.76188354e+02,
    6.84829773e+02, 7.54022278e+02, 6.98844116e+02, 7.44457581e+02,
    7.12330750e+02, 7.34800110e+02, 7.26013000e+02, 7.24940430e+02,
    7.38801697e+02, 7.15440979e+02, 7.51752502e+02, 7.06398376e+02,
    7.64231689e+02, 6.97017151e+02, 7.76673889e+02, 6.87745239e+02,
    6.95372253e+02, 7.65741760e+02, 7.09191223e+02, 7.55613281e+02,
    7.22699280e+02, 7.45840027e+02, 7.35905334e+02, 7.36017517e+02,
    7.49408142e+02, 7.26358582e+02, 7.61883362e+02, 7.16753357e+02,
    7.74772705e+02, 7.07472107e+02, 7.87185059e+02, 6.98414062e+02,
    7.05905579e+02, 7.77414429e+02, 7.19803589e+02, 7.67327332e+02,
    7.33398438e+02, 7.57423706e+02, 7.46747437e+02, 7.47391541e+02,
    7.59799500e+02, 7.37542908e+02, 7.72818359e+02, 7.27928528e+02,
    7.85115234e+02, 7.18516357e+02, 7.97355469e+02, 7.09265442e+02 ]
