%YAML:1.0
---
points: [ 3.94713867e+02, 2.80755096e+02, 4.01808136e+02, 2.78178314e+02,
    4.08997162e+02, 2.75003326e+02, 4.16228119e+02, 2.72007477e+02,
    4.23368011e+02, 2.68096466e+02, 4.31041504e+02, 2.65489563e+02,
    4.38558197e+02, 2.62050629e+02, 4.46247284e+02, 2.58771820e+02,
    3.96817505e+02, 2.86876709e+02, 4.04054565e+02, 2.84419861e+02,
    4.11293945e+02, 2.81368439e+02, 4.18643127e+02, 2.78449829e+02,
    4.26198090e+02, 2.75429596e+02, 4.33817719e+02, 2.72405548e+02,
    4.41378845e+02, 2.68845154e+02, 4.49335754e+02, 2.65554840e+02,
    3.99265228e+02, 2.94464386e+02, 4.06483490e+02, 2.91462494e+02,
    4.13759521e+02, 2.88626434e+02, 4.21276367e+02, 2.85508728e+02,
    4.29130951e+02, 2.82739258e+02, 4.36766327e+02, 2.79442505e+02,
    4.44626770e+02, 2.76282013e+02, 4.52327087e+02, 2.72709076e+02,
    4.01315552e+02, 3.01108673e+02, 4.08899506e+02, 2.98850372e+02,
    4.16367340e+02, 2.95758362e+02, 4.24042145e+02, 2.93035400e+02,
    4.31733948e+02, 2.89804199e+02, 4.39768127e+02, 2.86901062e+02,
    4.47675507e+02, 2.83594574e+02, 4.55581512e+02, 2.80193024e+02,
    4.03984863e+02, 3.08910706e+02, 4.11255737e+02, 3.06059357e+02,
    4.18955322e+02, 3.03382782e+02, 4.26789764e+02, 3.00295593e+02,
    4.34636871e+02, 2.97249084e+02, 4.42539032e+02, 2.94283875e+02,
    4.50688843e+02, 2.91054871e+02, 4.58850616e+02, 2.87800323e+02,
    4.06120544e+02, 3.16265045e+02, 4.13865387e+02, 3.13696625e+02,
    4.21578644e+02, 3.10806763e+02, 4.29403381e+02, 3.07979462e+02,
    4.37355682e+02, 3.05002563e+02, 4.45570007e+02, 3.02082428e+02,
    4.53843018e+02, 2.98770416e+02, 4.62246735e+02, 2.95547577e+02 ]
