%YAML:1.0
---
points: [ 9.51579132e+01, 5.73619919e+01, 1.03158844e+02, 6.15914574e+01,
    1.10576645e+02, 6.57335358e+01, 1.18295242e+02, 6.98256378e+01,
    1.25671516e+02, 7.39910812e+01, 1.32969040e+02, 7.77113571e+01,
    1.39897232e+02, 8.16895676e+01, 1.46821274e+02, 8.54219437e+01,
    9.18869247e+01, 6.49096680e+01, 9.96718140e+01, 6.88516998e+01,
    1.07339684e+02, 7.29829483e+01, 1.14897797e+02, 7.70509644e+01,
    1.22399460e+02, 8.10495377e+01, 1.29786758e+02, 8.47351379e+01,
    1.36971695e+02, 8.84870758e+01, 1.43932892e+02, 9.18637924e+01,
    8.84301682e+01, 7.23226700e+01, 9.62472229e+01, 7.63331680e+01,
    1.04121269e+02, 8.01782761e+01, 1.11770660e+02, 8.41718979e+01,
    1.19185776e+02, 8.79783173e+01, 1.26350906e+02, 9.16247711e+01,
    1.33458618e+02, 9.53859253e+01, 1.40555206e+02, 9.91842575e+01,
    8.51322784e+01, 7.98318329e+01, 9.30145950e+01, 8.36484146e+01,
    1.00703133e+02, 8.74714127e+01, 1.08352715e+02, 9.12800980e+01,
    1.15970840e+02, 9.50959320e+01, 1.23065041e+02, 9.86326675e+01,
    1.30361679e+02, 1.02157242e+02, 1.37410309e+02, 1.06127167e+02,
    8.18980789e+01, 8.71274796e+01, 8.97164078e+01, 9.10680695e+01,
    9.75395355e+01, 9.48239365e+01, 1.05134094e+02, 9.82246628e+01,
    1.12722618e+02, 1.02143967e+02, 1.20005257e+02, 1.05531815e+02,
    1.27593674e+02, 1.08883148e+02, 1.34158920e+02, 1.12665092e+02,
    7.84522934e+01, 9.46807404e+01, 8.65224915e+01, 9.82603607e+01,
    9.43062744e+01, 1.02060051e+02, 1.02074501e+02, 1.05509827e+02,
    1.09609871e+02, 1.09121307e+02, 1.17032745e+02, 1.12466232e+02,
    1.24232735e+02, 1.16025024e+02, 1.31290634e+02, 1.19024414e+02 ]
