%YAML:1.0
---
points: [ 4.34627625e+02, 8.21695786e+01, 4.59255981e+02, 9.55433807e+01,
    4.83424469e+02, 1.08820229e+02, 5.06846100e+02, 1.21656998e+02,
    5.30227844e+02, 1.34554535e+02, 5.52356018e+02, 1.46666687e+02,
    5.74285400e+02, 1.58790482e+02, 5.95539185e+02, 1.70639984e+02,
    4.24628418e+02, 1.04566849e+02, 4.49358398e+02, 1.17684059e+02,
    4.73489380e+02, 1.30619308e+02, 4.97203949e+02, 1.43323380e+02,
    5.20399780e+02, 1.55682663e+02, 5.42763184e+02, 1.67659424e+02,
    5.64792786e+02, 1.79498169e+02, 5.86349915e+02, 1.91077469e+02,
    4.14783234e+02, 1.27012054e+02, 4.39524628e+02, 1.39685730e+02,
    4.63810883e+02, 1.52407242e+02, 4.87615295e+02, 1.64679825e+02,
    5.10568970e+02, 1.76553467e+02, 5.33180420e+02, 1.88370651e+02,
    5.55283630e+02, 1.99775253e+02, 5.76840149e+02, 2.11288330e+02,
    4.04864563e+02, 1.49333435e+02, 4.29728699e+02, 1.61746719e+02,
    4.54133667e+02, 1.73920181e+02, 4.78055054e+02, 1.86017349e+02,
    5.01048401e+02, 1.97574753e+02, 5.23740845e+02, 2.08956924e+02,
    5.45741821e+02, 2.20004410e+02, 5.67489014e+02, 2.31278076e+02,
    3.95160706e+02, 1.71542862e+02, 4.20221771e+02, 1.83743286e+02,
    4.44553101e+02, 1.95461685e+02, 4.68353394e+02, 2.07124359e+02,
    4.91652435e+02, 2.18493195e+02, 5.14477356e+02, 2.29616516e+02,
    5.36662109e+02, 2.40626404e+02, 5.58139465e+02, 2.51224762e+02,
    3.85391052e+02, 1.93648346e+02, 4.10426758e+02, 2.05485825e+02,
    4.34844849e+02, 2.16880020e+02, 4.58816528e+02, 2.28356873e+02,
    4.82252930e+02, 2.39337250e+02, 5.05098145e+02, 2.50193588e+02,
    5.27164062e+02, 2.60578003e+02, 5.48833435e+02, 2.71008453e+02 ]
