%YAML:1.0
---
points: [ 5.04015442e+02, 6.61044189e+02, 5.10538940e+02, 6.75353088e+02,
    5.16866089e+02, 6.89248596e+02, 5.23628235e+02, 7.03591248e+02,
    5.30468323e+02, 7.18095642e+02, 5.37414429e+02, 7.33226318e+02,
    5.44412903e+02, 7.47669556e+02, 5.51488831e+02, 7.63161255e+02,
    4.83325470e+02, 6.67124878e+02, 4.89613586e+02, 6.80807434e+02,
    4.95996918e+02, 6.95680786e+02, 5.02620880e+02, 7.10342712e+02,
    5.09351685e+02, 7.25159546e+02, 5.15948425e+02, 7.40394348e+02,
    5.22667786e+02, 7.55289673e+02, 5.29742737e+02, 7.71081482e+02,
    4.62382080e+02, 6.73258301e+02, 4.68339020e+02, 6.88048767e+02,
    4.74587891e+02, 7.02668823e+02, 4.81269897e+02, 7.17580872e+02,
    4.87564545e+02, 7.32366211e+02, 4.94260864e+02, 7.47818726e+02,
    5.00815552e+02, 7.63133606e+02, 5.07650116e+02, 7.78661377e+02,
    4.41093262e+02, 6.79356506e+02, 4.46867065e+02, 6.94455627e+02,
    4.52809265e+02, 7.09365784e+02, 4.59245636e+02, 7.24456299e+02,
    4.65650818e+02, 7.39471619e+02, 4.71776031e+02, 7.54833008e+02,
    4.78499725e+02, 7.71198242e+02, 4.85178345e+02, 7.86661560e+02,
    4.18928009e+02, 6.85423828e+02, 4.24921173e+02, 7.00628601e+02,
    4.30663330e+02, 7.15832214e+02, 4.36688995e+02, 7.30868103e+02,
    4.43192810e+02, 7.46672058e+02, 4.49501831e+02, 7.63021118e+02,
    4.55601837e+02, 7.78949219e+02, 4.62315765e+02, 7.94964905e+02,
    3.96742706e+02, 6.92214539e+02, 4.02393829e+02, 7.07448608e+02,
    4.08459351e+02, 7.23008911e+02, 4.13923828e+02, 7.38067139e+02,
    4.20263336e+02, 7.54521118e+02, 4.26293518e+02, 7.70478027e+02,
    4.32575256e+02, 7.86996216e+02, 4.38692139e+02, 8.03315552e+02 ]
