%YAML:1.0
---
points: [ 1.39466724e+03, 1.44724598e+01, 1.41322290e+03, 2.79913349e+01,
    1.43190063e+03, 4.16984940e+01, 1.45055359e+03, 5.52802315e+01,
    1.46931165e+03, 6.89770660e+01, 1.48758337e+03, 8.22637100e+01,
    1.50603101e+03, 9.57182007e+01, 1.52443835e+03, 1.09365570e+02,
    1.37823083e+03, 3.64213181e+01, 1.39664905e+03, 4.97218094e+01,
    1.41508191e+03, 6.32538681e+01, 1.43360266e+03, 7.66485062e+01,
    1.45204578e+03, 9.01929855e+01, 1.47038293e+03, 1.03367233e+02,
    1.48860547e+03, 1.16659859e+02, 1.50689380e+03, 1.29890137e+02,
    1.36209204e+03, 5.80866051e+01, 1.38031873e+03, 7.11725540e+01,
    1.39877197e+03, 8.44990234e+01, 1.41710376e+03, 9.77010498e+01,
    1.43525366e+03, 1.10686226e+02, 1.45333569e+03, 1.23750931e+02,
    1.47147949e+03, 1.36838669e+02, 1.48961548e+03, 1.50087677e+02,
    1.34629883e+03, 7.92805099e+01, 1.36440576e+03, 9.22724075e+01,
    1.38253418e+03, 1.05220833e+02, 1.40075269e+03, 1.18310005e+02,
    1.41872876e+03, 1.31161652e+02, 1.43670447e+03, 1.43934082e+02,
    1.45470227e+03, 1.56669220e+02, 1.47264722e+03, 1.69732620e+02,
    1.33063635e+03, 1.00057777e+02, 1.34872949e+03, 1.12933640e+02,
    1.36671985e+03, 1.25647789e+02, 1.38459839e+03, 1.38523834e+02,
    1.40260974e+03, 1.51227310e+02, 1.42046423e+03, 1.63896164e+02,
    1.43836865e+03, 1.76660324e+02, 1.45609692e+03, 1.89286575e+02,
    1.31539258e+03, 1.20602493e+02, 1.33329871e+03, 1.33242432e+02,
    1.35119849e+03, 1.45707870e+02, 1.36902417e+03, 1.58494400e+02,
    1.38668359e+03, 1.70889069e+02, 1.40454370e+03, 1.83451843e+02,
    1.42214636e+03, 1.95781006e+02, 1.43968091e+03, 2.08369461e+02 ]
