%YAML:1.0
---
points: [ 3.94669830e+02, 2.80535400e+02, 4.01746429e+02, 2.77985138e+02,
    4.08915985e+02, 2.74977112e+02, 4.16256226e+02, 2.72065887e+02,
    4.23411713e+02, 2.68124756e+02, 4.31018066e+02, 2.65461975e+02,
    4.38565491e+02, 2.62097961e+02, 4.46257202e+02, 2.58790222e+02,
    3.96836884e+02, 2.86817902e+02, 4.04072296e+02, 2.84396393e+02,
    4.11288483e+02, 2.81391937e+02, 4.18622223e+02, 2.78373047e+02,
    4.26196777e+02, 2.75421295e+02, 4.33831818e+02, 2.72410553e+02,
    4.41373230e+02, 2.68864349e+02, 4.49328369e+02, 2.65516571e+02,
    3.99261902e+02, 2.94457275e+02, 4.06398407e+02, 2.91374054e+02,
    4.13741882e+02, 2.88608093e+02, 4.21287415e+02, 2.85531342e+02,
    4.29138092e+02, 2.82754578e+02, 4.36748413e+02, 2.79461487e+02,
    4.44633606e+02, 2.76266113e+02, 4.52352417e+02, 2.72737610e+02,
    4.01374451e+02, 3.01187103e+02, 4.08923096e+02, 2.98909515e+02,
    4.16377380e+02, 2.95852905e+02, 4.24039062e+02, 2.93082275e+02,
    4.31736725e+02, 2.89830933e+02, 4.39758331e+02, 2.86884155e+02,
    4.47687592e+02, 2.83636169e+02, 4.55580383e+02, 2.80189117e+02,
    4.03985291e+02, 3.08936676e+02, 4.11295197e+02, 3.06105499e+02,
    4.18911896e+02, 3.03363831e+02, 4.26777374e+02, 3.00256897e+02,
    4.34652313e+02, 2.97268097e+02, 4.42549042e+02, 2.94272339e+02,
    4.50666199e+02, 2.91029297e+02, 4.58836792e+02, 2.87763306e+02,
    4.06040771e+02, 3.16211945e+02, 4.13850952e+02, 3.13711823e+02,
    4.21548645e+02, 3.10720490e+02, 4.29400879e+02, 3.08029938e+02,
    4.37343201e+02, 3.05002502e+02, 4.45601349e+02, 3.02071594e+02,
    4.53867340e+02, 2.98785553e+02, 4.62250732e+02, 2.95572205e+02 ]
