%YAML:1.0
---
points: [ 4.15627319e+02, 3.20155144e+01, 4.22016144e+02, 3.65255013e+01,
    4.27906555e+02, 4.09282570e+01, 4.34450928e+02, 4.56261711e+01,
    4.40302612e+02, 5.00467453e+01, 4.46510284e+02, 5.44278450e+01,
    4.52271698e+02, 5.89622726e+01, 4.58345856e+02, 6.37290421e+01,
    4.10843475e+02, 3.91021805e+01, 4.16654480e+02, 4.31389275e+01,
    4.22911560e+02, 4.77600822e+01, 4.28784241e+02, 5.22271042e+01,
    4.35344238e+02, 5.69624634e+01, 4.40940308e+02, 6.10962753e+01,
    4.47332764e+02, 6.57799225e+01, 4.53033936e+02, 6.99881058e+01,
    4.05334290e+02, 4.58007507e+01, 4.11526276e+02, 5.02241325e+01,
    4.17533478e+02, 5.45002518e+01, 4.24005768e+02, 5.92028313e+01,
    4.29713989e+02, 6.32107811e+01, 4.35832001e+02, 6.77591782e+01,
    4.41583221e+02, 7.20501709e+01, 4.47571350e+02, 7.65023193e+01,
    4.00371460e+02, 5.27048302e+01, 4.06265350e+02, 5.68161507e+01,
    4.12386108e+02, 6.11923294e+01, 4.18511444e+02, 6.56274109e+01,
    4.24523163e+02, 6.99145966e+01, 4.30449646e+02, 7.41638184e+01,
    4.36389587e+02, 7.85006866e+01, 4.42197632e+02, 8.29256058e+01,
    3.95075195e+02, 5.93665657e+01, 4.01248169e+02, 6.38403168e+01,
    4.07159943e+02, 6.80248795e+01, 4.13316071e+02, 7.21274261e+01,
    4.19238403e+02, 7.65554123e+01, 4.25245911e+02, 8.08313141e+01,
    4.31339203e+02, 8.51039124e+01, 4.36758057e+02, 8.91449585e+01,
    3.90440887e+02, 6.63315964e+01, 3.96001953e+02, 7.01882477e+01,
    4.02207397e+02, 7.46781006e+01, 4.08029510e+02, 7.87933960e+01,
    4.14200775e+02, 8.30866547e+01, 4.19851898e+02, 8.70519714e+01,
    4.26021973e+02, 9.13940735e+01, 4.31794739e+02, 9.54005356e+01 ]
