%YAML:1.0
---
points: [ 4.15603241e+02, 3.19519749e+01, 4.22071381e+02, 3.65843735e+01,
    4.27887360e+02, 4.09744911e+01, 4.34482880e+02, 4.56077576e+01,
    4.40315308e+02, 5.00935364e+01, 4.46480896e+02, 5.45482407e+01,
    4.52274689e+02, 5.89931946e+01, 4.58309753e+02, 6.36765404e+01,
    4.10920776e+02, 3.92629089e+01, 4.16636932e+02, 4.31370049e+01,
    4.22946167e+02, 4.77775917e+01, 4.28842896e+02, 5.22699661e+01,
    4.35308990e+02, 5.69272385e+01, 4.40975586e+02, 6.11322365e+01,
    4.47332977e+02, 6.58360291e+01, 4.52994385e+02, 6.99859619e+01,
    4.05387787e+02, 4.58616066e+01, 4.11526337e+02, 5.02690163e+01,
    4.17595367e+02, 5.45168228e+01, 4.23955933e+02, 5.91738625e+01,
    4.29707733e+02, 6.32474556e+01, 4.35820465e+02, 6.78020630e+01,
    4.41564178e+02, 7.20925522e+01, 4.47553833e+02, 7.64568634e+01,
    4.00366852e+02, 5.26874466e+01, 4.06314514e+02, 5.68601112e+01,
    4.12400421e+02, 6.12393150e+01, 4.18446472e+02, 6.55686264e+01,
    4.24595001e+02, 6.99700470e+01, 4.30506714e+02, 7.41696396e+01,
    4.36360657e+02, 7.84389420e+01, 4.42201263e+02, 8.30476074e+01,
    3.95126404e+02, 5.94618988e+01, 4.01223175e+02, 6.38269501e+01,
    4.07181610e+02, 6.80401382e+01, 4.13386322e+02, 7.22202911e+01,
    4.19257538e+02, 7.64818573e+01, 4.25284607e+02, 8.09029999e+01,
    4.31381744e+02, 8.51231537e+01, 4.36770844e+02, 8.91397324e+01,
    3.90469208e+02, 6.63801270e+01, 3.96010895e+02, 7.02299042e+01,
    4.02172363e+02, 7.47124634e+01, 4.08078735e+02, 7.88376617e+01,
    4.14284271e+02, 8.31243515e+01, 4.19856445e+02, 8.70872650e+01,
    4.26033020e+02, 9.12978745e+01, 4.31766357e+02, 9.53676758e+01 ]
