%YAML:1.0
---
points: [ 4.74949371e+02, 1.21506142e+02, 4.85143402e+02, 1.37639740e+02,
    4.94844757e+02, 1.53346802e+02, 5.05195984e+02, 1.69510605e+02,
    5.15346436e+02, 1.85460037e+02, 5.25587280e+02, 2.01841949e+02,
    5.35638062e+02, 2.17517944e+02, 5.45933899e+02, 2.33788910e+02,
    4.54612610e+02, 1.28347351e+02, 4.64367310e+02, 1.43902283e+02,
    4.74424011e+02, 1.60526566e+02, 4.84620819e+02, 1.76603973e+02,
    4.94742004e+02, 1.92872421e+02, 5.04921478e+02, 2.09374222e+02,
    5.15065857e+02, 2.25197510e+02, 5.25380005e+02, 2.41685333e+02,
    4.33802063e+02, 1.35200836e+02, 4.43739716e+02, 1.51702957e+02,
    4.53700195e+02, 1.68166672e+02, 4.63946564e+02, 1.84337296e+02,
    4.73861481e+02, 2.00425003e+02, 4.84227020e+02, 2.17025742e+02,
    4.94345398e+02, 2.33153656e+02, 5.04589630e+02, 2.49475357e+02,
    4.12733337e+02, 1.41710587e+02, 4.22714264e+02, 1.58738693e+02,
    4.32872711e+02, 1.75346024e+02, 4.42738586e+02, 1.91607681e+02,
    4.52905518e+02, 2.07777893e+02, 4.62873932e+02, 2.24245407e+02,
    4.73287506e+02, 2.41228653e+02, 4.83478210e+02, 2.57488678e+02,
    3.91328949e+02, 1.48566269e+02, 4.01423370e+02, 1.65475235e+02,
    4.11295319e+02, 1.82221497e+02, 4.21291534e+02, 1.98381134e+02,
    4.31539246e+02, 2.15503281e+02, 4.41915802e+02, 2.32523575e+02,
    4.51795593e+02, 2.48988541e+02, 4.62126251e+02, 2.65557465e+02,
    3.69978119e+02, 1.55954941e+02, 3.79703705e+02, 1.72839111e+02,
    3.89764557e+02, 1.89639282e+02, 3.99482056e+02, 2.05830917e+02,
    4.09951172e+02, 2.23387711e+02, 4.20107544e+02, 2.40278961e+02,
    4.30328491e+02, 2.57075775e+02, 4.40371368e+02, 2.73684845e+02 ]
