%YAML:1.0
---
points: [ 1.39470154e+03, 1.45394497e+01, 1.41327063e+03, 2.80526161e+01,
    1.43191370e+03, 4.17248611e+01, 1.45057361e+03, 5.53079071e+01,
    1.46932812e+03, 6.90374756e+01, 1.48758655e+03, 8.22937241e+01,
    1.50599084e+03, 9.57184601e+01, 1.52441040e+03, 1.09330963e+02,
    1.37826355e+03, 3.64943504e+01, 1.39668250e+03, 4.97782059e+01,
    1.41509595e+03, 6.33234062e+01, 1.43363391e+03, 7.66986542e+01,
    1.45209277e+03, 9.01835938e+01, 1.47039319e+03, 1.03367035e+02,
    1.48859998e+03, 1.16655975e+02, 1.50686780e+03, 1.29877151e+02,
    1.36205164e+03, 5.81755486e+01, 1.38034119e+03, 7.12377625e+01,
    1.39878760e+03, 8.45452347e+01, 1.41714709e+03, 9.77377090e+01,
    1.43521167e+03, 1.10702553e+02, 1.45333948e+03, 1.23755836e+02,
    1.47146606e+03, 1.36845016e+02, 1.48960266e+03, 1.50049210e+02,
    1.34630774e+03, 7.93858414e+01, 1.36442273e+03, 9.23392105e+01,
    1.38254126e+03, 1.05299522e+02, 1.40077368e+03, 1.18375053e+02,
    1.41872144e+03, 1.31192078e+02, 1.43670361e+03, 1.43916077e+02,
    1.45472107e+03, 1.56671936e+02, 1.47263428e+03, 1.69733749e+02,
    1.33063257e+03, 1.00175873e+02, 1.34872266e+03, 1.13063377e+02,
    1.36673767e+03, 1.25696350e+02, 1.38462671e+03, 1.38544235e+02,
    1.40263574e+03, 1.51251221e+02, 1.42048901e+03, 1.63932266e+02,
    1.43835510e+03, 1.76648407e+02, 1.45605396e+03, 1.89256363e+02,
    1.31539465e+03, 1.20674690e+02, 1.33332031e+03, 1.33292557e+02,
    1.35122119e+03, 1.45774612e+02, 1.36908960e+03, 1.58523254e+02,
    1.38667822e+03, 1.70914505e+02, 1.40454980e+03, 1.83463654e+02,
    1.42214697e+03, 1.95763901e+02, 1.43965698e+03, 2.08345215e+02 ]
