%YAML:1.0
---
points: [ 4.06039795e+02, 1.61174652e+02, 4.13568329e+02, 1.58773422e+02,
    4.21427307e+02, 1.56548569e+02, 4.29247650e+02, 1.53268982e+02,
    4.36954803e+02, 1.48892639e+02, 4.45352875e+02, 1.46767151e+02,
    4.53434509e+02, 1.43138092e+02, 4.61789307e+02, 1.39822525e+02,
    4.06886810e+02, 1.64830536e+02, 4.15009949e+02, 1.64901703e+02,
    4.22732666e+02, 1.61588287e+02, 4.30659637e+02, 1.59043198e+02,
    4.38819275e+02, 1.56350388e+02, 4.47181152e+02, 1.53464005e+02,
    4.55258026e+02, 1.49860367e+02, 4.63951599e+02, 1.46816849e+02,
    4.08969513e+02, 1.75405167e+02, 4.16600861e+02, 1.72019897e+02,
    4.24187439e+02, 1.68887024e+02, 4.32595856e+02, 1.67009857e+02,
    4.40824524e+02, 1.63925507e+02, 4.49127655e+02, 1.60668854e+02,
    4.57600647e+02, 1.57680801e+02, 4.65994873e+02, 1.54072220e+02,
    4.10220581e+02, 1.81030106e+02, 4.18263397e+02, 1.79396027e+02,
    4.26213501e+02, 1.76516678e+02, 4.34267853e+02, 1.74022263e+02,
    4.42517212e+02, 1.70820557e+02, 4.51120697e+02, 1.68128769e+02,
    4.59540466e+02, 1.65014297e+02, 4.68167114e+02, 1.61787003e+02,
    4.11974609e+02, 1.89274139e+02, 4.19701294e+02, 1.85984329e+02,
    4.27744354e+02, 1.83979202e+02, 4.35945953e+02, 1.81017853e+02,
    4.44367523e+02, 1.78122375e+02, 4.52876160e+02, 1.75315933e+02,
    4.61534058e+02, 1.72291580e+02, 4.70321075e+02, 1.69344147e+02,
    4.13117523e+02, 1.95349625e+02, 4.21298645e+02, 1.93992508e+02,
    4.29527740e+02, 1.91100021e+02, 4.37725708e+02, 1.88535492e+02,
    4.46250305e+02, 1.85801056e+02, 4.54838318e+02, 1.83113647e+02,
    4.63737396e+02, 1.80133759e+02, 4.72680756e+02, 1.77183838e+02 ]
