%YAML:1.0
---
points: [ 4.03706451e+02, 1.05292168e+02, 4.10295898e+02, 1.09545692e+02,
    4.16604431e+02, 1.13744370e+02, 4.23355865e+02, 1.18069572e+02,
    4.30116882e+02, 1.22149193e+02, 4.37244171e+02, 1.26878555e+02,
    4.44259125e+02, 1.31529068e+02, 4.51758881e+02, 1.36245682e+02,
    3.97567657e+02, 1.11674431e+02, 4.03077454e+02, 1.15665787e+02,
    4.09685913e+02, 1.20084473e+02, 4.16240051e+02, 1.24283005e+02,
    4.22989563e+02, 1.28827026e+02, 4.29892700e+02, 1.33620743e+02,
    4.36983612e+02, 1.38107239e+02, 4.44229004e+02, 1.43069016e+02,
    3.90452759e+02, 1.17874771e+02, 3.96465485e+02, 1.21950348e+02,
    4.02708130e+02, 1.26305359e+02, 4.09233154e+02, 1.30853165e+02,
    4.15994324e+02, 1.35629288e+02, 4.22773407e+02, 1.40261871e+02,
    4.29727936e+02, 1.45122360e+02, 4.36845459e+02, 1.49776764e+02,
    3.84071075e+02, 1.24010666e+02, 3.89729309e+02, 1.28318558e+02,
    3.95981537e+02, 1.32699509e+02, 4.02230652e+02, 1.37220413e+02,
    4.08739319e+02, 1.41948151e+02, 4.15639038e+02, 1.46844208e+02,
    4.22385437e+02, 1.51771164e+02, 4.29364197e+02, 1.56514267e+02,
    3.77241852e+02, 1.30256271e+02, 3.82686859e+02, 1.34095779e+02,
    3.88924957e+02, 1.38918915e+02, 3.95481262e+02, 1.43828964e+02,
    4.01652618e+02, 1.48333282e+02, 4.08288696e+02, 1.53179245e+02,
    4.14971649e+02, 1.58184601e+02, 4.21895325e+02, 1.63306656e+02,
    3.70730347e+02, 1.36197067e+02, 3.76251312e+02, 1.40626236e+02,
    3.82289612e+02, 1.45266861e+02, 3.88263245e+02, 1.50001480e+02,
    3.94553650e+02, 1.54730896e+02, 4.00838776e+02, 1.59629379e+02,
    4.07744568e+02, 1.64944565e+02, 4.14493774e+02, 1.70086548e+02 ]
