%YAML:1.0
---
points: [ 1.33413293e+03, 6.64492371e+02, 1.35331812e+03, 6.75553955e+02,
    1.37271887e+03, 6.86804871e+02, 1.39241089e+03, 6.98196289e+02,
    1.41240381e+03, 7.09753723e+02, 1.43207422e+03, 7.21164795e+02,
    1.45221960e+03, 7.32730652e+02, 1.47252637e+03, 7.44613892e+02,
    1.32318896e+03, 6.82421753e+02, 1.34222437e+03, 6.93548767e+02,
    1.36149731e+03, 7.04819946e+02, 1.38119556e+03, 7.16391724e+02,
    1.40098267e+03, 7.27873169e+02, 1.42077258e+03, 7.39413147e+02,
    1.44079944e+03, 7.51201904e+02, 1.46106189e+03, 7.62968872e+02,
    1.31219250e+03, 7.00315979e+02, 1.33117273e+03, 7.11460266e+02,
    1.35057678e+03, 7.22793823e+02, 1.37008496e+03, 7.34421631e+02,
    1.38958545e+03, 7.45740479e+02, 1.40935193e+03, 7.57445435e+02,
    1.42928027e+03, 7.69238708e+02, 1.44956287e+03, 7.81295166e+02,
    1.30126843e+03, 7.18256287e+02, 1.32026660e+03, 7.29464417e+02,
    1.33944226e+03, 7.40766479e+02, 1.35891956e+03, 7.52408630e+02,
    1.37837866e+03, 7.63982727e+02, 1.39819153e+03, 7.75469971e+02,
    1.41803101e+03, 7.87296997e+02, 1.43817847e+03, 7.99462708e+02,
    1.29031689e+03, 7.36132019e+02, 1.30935376e+03, 7.47442749e+02,
    1.32848767e+03, 7.58791992e+02, 1.34779504e+03, 7.70375305e+02,
    1.36734668e+03, 7.82127869e+02, 1.38708362e+03, 7.93735168e+02,
    1.40684973e+03, 8.05697937e+02, 1.42681689e+03, 8.17592285e+02,
    1.27946045e+03, 7.53977051e+02, 1.29841235e+03, 7.65365906e+02,
    1.31743567e+03, 7.76800964e+02, 1.33678003e+03, 7.88498901e+02,
    1.35622168e+03, 8.00161987e+02, 1.37587415e+03, 8.11861145e+02,
    1.39552417e+03, 8.23719238e+02, 1.41543530e+03, 8.35836182e+02 ]
