%YAML:1.0
---
points: [ 1.01721857e+03, 1.19134277e+02, 1.01778326e+03, 1.34951401e+02,
    1.01848413e+03, 1.50639740e+02, 1.01943225e+03, 1.66312531e+02,
    1.02009314e+03, 1.81699112e+02, 1.02083875e+03, 1.97034470e+02,
    1.02169098e+03, 2.12321274e+02, 1.02239673e+03, 2.27322235e+02,
    1.00257935e+03, 1.19956429e+02, 1.00350098e+03, 1.35722916e+02,
    1.00439099e+03, 1.51558487e+02, 1.00508606e+03, 1.67262039e+02,
    1.00614551e+03, 1.82601166e+02, 1.00662421e+03, 1.98077972e+02,
    1.00757568e+03, 2.13309631e+02, 1.00823108e+03, 2.28406631e+02,
    9.88324768e+02, 1.20799004e+02, 9.89255676e+02, 1.36981674e+02,
    9.89876160e+02, 1.52543167e+02, 9.90757141e+02, 1.68187149e+02,
    9.91663818e+02, 1.83537827e+02, 9.92479614e+02, 1.99038635e+02,
    9.93462402e+02, 2.14370209e+02, 9.94487488e+02, 2.29301224e+02,
    9.74152954e+02, 1.21941307e+02, 9.74638855e+02, 1.37761810e+02,
    9.75588440e+02, 1.53596939e+02, 9.76425171e+02, 1.69309219e+02,
    9.77573059e+02, 1.84866867e+02, 9.78526123e+02, 2.00114899e+02,
    9.79389893e+02, 2.15284988e+02, 9.80345825e+02, 2.30338120e+02,
    9.59472229e+02, 1.22622292e+02, 9.60421326e+02, 1.38737640e+02,
    9.61240112e+02, 1.54517792e+02, 9.62480103e+02, 1.70142853e+02,
    9.63314270e+02, 1.85677338e+02, 9.64347351e+02, 2.01198624e+02,
    9.65238708e+02, 2.16457336e+02, 9.66281738e+02, 2.31320358e+02,
    9.44848328e+02, 1.23694366e+02, 9.45797058e+02, 1.39582626e+02,
    9.47097534e+02, 1.55423004e+02, 9.48003479e+02, 1.71034119e+02,
    9.48982117e+02, 1.86696762e+02, 9.49893677e+02, 2.02148422e+02,
    9.51005127e+02, 2.17409424e+02, 9.52255005e+02, 2.32500519e+02 ]
