%YAML:1.0
---
points: [ 3.98327087e+02, 2.50510788e+02, 4.04687653e+02, 2.53762329e+02,
    4.11126678e+02, 2.58058685e+02, 4.17950287e+02, 2.61393982e+02,
    4.24767944e+02, 2.65612183e+02, 4.31264862e+02, 2.68997070e+02,
    4.37962585e+02, 2.73079346e+02, 4.44714935e+02, 2.76694153e+02,
    3.94913177e+02, 2.56303497e+02, 4.01252228e+02, 2.59954529e+02,
    4.07649811e+02, 2.63745239e+02, 4.14260162e+02, 2.67833466e+02,
    4.21028931e+02, 2.71519135e+02, 4.27754456e+02, 2.75259216e+02,
    4.34421722e+02, 2.79218536e+02, 4.40922455e+02, 2.83022461e+02,
    3.90736481e+02, 2.62774292e+02, 3.97346893e+02, 2.66467163e+02,
    4.04063416e+02, 2.69920074e+02, 4.10854858e+02, 2.73740265e+02,
    4.17143372e+02, 2.77601685e+02, 4.23740967e+02, 2.81530609e+02,
    4.30453705e+02, 2.85312683e+02, 4.37124146e+02, 2.89190613e+02,
    3.87562531e+02, 2.68728302e+02, 3.93415405e+02, 2.72520935e+02,
    4.00238586e+02, 2.76308563e+02, 4.06841461e+02, 2.79970184e+02,
    4.13423645e+02, 2.83833649e+02, 4.19904449e+02, 2.87649567e+02,
    4.26726288e+02, 2.91446960e+02, 4.33332123e+02, 2.95613617e+02,
    3.83242828e+02, 2.74982941e+02, 3.89887848e+02, 2.78662231e+02,
    3.96359161e+02, 2.82450836e+02, 4.03050934e+02, 2.86017242e+02,
    4.09738251e+02, 2.90131012e+02, 4.16327118e+02, 2.93925079e+02,
    4.23139893e+02, 2.97722717e+02, 4.29434723e+02, 3.01637115e+02,
    3.80240936e+02, 2.80908447e+02, 3.86402283e+02, 2.84277863e+02,
    3.92799347e+02, 2.88723663e+02, 3.99555664e+02, 2.91978424e+02,
    4.06204315e+02, 2.96252655e+02, 4.12739380e+02, 2.99818939e+02,
    4.19428680e+02, 3.03851013e+02, 4.25824615e+02, 3.07438324e+02 ]
