%YAML:1.0
---
points: [ 3.66249420e+02, 1.09376297e+02, 3.72725983e+02, 1.13236237e+02,
    3.79185242e+02, 1.17197044e+02, 3.86008636e+02, 1.21129501e+02,
    3.92922791e+02, 1.25048576e+02, 3.99936615e+02, 1.29371704e+02,
    4.07154694e+02, 1.33629486e+02, 4.14460907e+02, 1.37935669e+02,
    3.60815674e+02, 1.15267540e+02, 3.66699860e+02, 1.19204041e+02,
    3.73230042e+02, 1.23282761e+02, 3.79789520e+02, 1.27230286e+02,
    3.86551147e+02, 1.31314178e+02, 3.93622711e+02, 1.35813644e+02,
    4.00753143e+02, 1.40026581e+02, 4.08179749e+02, 1.44375595e+02,
    3.54542542e+02, 1.21242874e+02, 3.60722809e+02, 1.25193932e+02,
    3.67181274e+02, 1.29283066e+02, 3.73688904e+02, 1.33401138e+02,
    3.80626190e+02, 1.37918198e+02, 3.87433655e+02, 1.42226929e+02,
    3.94424500e+02, 1.46613068e+02, 4.01723511e+02, 1.50864761e+02,
    3.48961700e+02, 1.27187866e+02, 3.54859924e+02, 1.31409500e+02,
    3.61044586e+02, 1.35374756e+02, 3.67669067e+02, 1.39625320e+02,
    3.74298004e+02, 1.43967529e+02, 3.81302673e+02, 1.48537643e+02,
    3.88248932e+02, 1.53045822e+02, 3.95334717e+02, 1.57377274e+02,
    3.42910919e+02, 1.33290619e+02, 3.48705475e+02, 1.37040405e+02,
    3.55016632e+02, 1.41469131e+02, 3.61770813e+02, 1.46063309e+02,
    3.68155396e+02, 1.50134628e+02, 3.74945435e+02, 1.54720428e+02,
    3.81815765e+02, 1.59212494e+02, 3.88856781e+02, 1.64002777e+02,
    3.37102386e+02, 1.39188080e+02, 3.42757507e+02, 1.43292084e+02,
    3.49144562e+02, 1.47582291e+02, 3.55338989e+02, 1.51876251e+02,
    3.61900055e+02, 1.56442627e+02, 3.68437408e+02, 1.61008713e+02,
    3.75523102e+02, 1.65835754e+02, 3.82486145e+02, 1.70465500e+02 ]
