%YAML:1.0
---
points: [ 1.99045532e+02, 3.10576782e+02, 2.01210953e+02, 3.03006989e+02,
    2.03382690e+02, 2.95219269e+02, 2.05171890e+02, 2.88064667e+02,
    2.07089813e+02, 2.81005371e+02, 2.08987503e+02, 2.73863770e+02,
    2.11454086e+02, 2.63964478e+02, 2.11454102e+02, 2.63964447e+02,
    2.08017090e+02, 3.10530182e+02, 2.09686142e+02, 3.02709991e+02,
    2.11733444e+02, 2.95344879e+02, 2.13473740e+02, 2.87951294e+02,
    2.15100708e+02, 2.80984924e+02, 2.17745560e+02, 2.71040710e+02,
    2.19578705e+02, 2.63486145e+02, 2.19578705e+02, 2.63486115e+02,
    2.16581314e+02, 3.10854431e+02, 2.18378448e+02, 3.03129608e+02,
    2.20170364e+02, 2.95610931e+02, 2.21839218e+02, 2.88048248e+02,
    2.23469803e+02, 2.81049927e+02, 2.25545685e+02, 2.71238342e+02,
    2.27453232e+02, 2.63489929e+02, 2.27453247e+02, 2.63489899e+02,
    2.25131882e+02, 3.10913452e+02, 2.27114655e+02, 3.03155762e+02,
    2.28671295e+02, 2.95519318e+02, 2.30231689e+02, 2.88268890e+02,
    2.31585968e+02, 2.80818573e+02, 2.33778992e+02, 2.71252197e+02,
    2.35093353e+02, 2.63354492e+02, 2.35093369e+02, 2.63354462e+02,
    2.34165436e+02, 3.10840088e+02, 2.35703262e+02, 3.02970459e+02,
    2.37175156e+02, 2.95329498e+02, 2.38502014e+02, 2.88117889e+02,
    2.39857712e+02, 2.80958923e+02, 2.41108475e+02, 2.74025208e+02,
    2.43131210e+02, 2.62983582e+02, 2.43131210e+02, 2.62983521e+02,
    2.43078049e+02, 3.10997864e+02, 2.44628693e+02, 3.03153259e+02,
    2.45745789e+02, 2.95436523e+02, 2.47062485e+02, 2.88032776e+02,
    2.48234558e+02, 2.80913666e+02, 2.49537872e+02, 2.73722839e+02,
    2.50957977e+02, 2.63754333e+02, 2.50957993e+02, 2.63754272e+02 ]
