%YAML:1.0
---
points: [ 8.96780090e+02, 6.91837585e+02, 8.92736511e+02, 7.11339172e+02,
    8.88590881e+02, 7.31089111e+02, 8.84451233e+02, 7.51347595e+02,
    8.79438416e+02, 7.71669312e+02, 8.74777649e+02, 7.93798035e+02,
    8.69597778e+02, 8.16311768e+02, 8.64277771e+02, 8.39148376e+02,
    8.73853210e+02, 6.92025391e+02, 8.69382935e+02, 7.11296326e+02,
    8.64741638e+02, 7.30906982e+02, 8.59707764e+02, 7.50909485e+02,
    8.54409790e+02, 7.71476379e+02, 8.49488403e+02, 7.93537048e+02,
    8.43811462e+02, 8.15572632e+02, 8.37963074e+02, 8.38366760e+02,
    8.50593628e+02, 6.91828247e+02, 8.45920471e+02, 7.11364929e+02,
    8.40896118e+02, 7.30117249e+02, 8.35450928e+02, 7.50619568e+02,
    8.30348267e+02, 7.72096191e+02, 8.24551025e+02, 7.93674011e+02,
    8.18627380e+02, 8.15919250e+02, 8.11834473e+02, 8.38184998e+02,
    8.27673340e+02, 6.91588806e+02, 8.22609802e+02, 7.10850769e+02,
    8.17448486e+02, 7.30646179e+02, 8.11490662e+02, 7.50868896e+02,
    8.05870361e+02, 7.71893372e+02, 7.99753540e+02, 7.93412964e+02,
    7.93473450e+02, 8.15559631e+02, 7.86422424e+02, 8.38185242e+02,
    8.05119202e+02, 6.91828491e+02, 7.99353088e+02, 7.10490601e+02,
    7.93785645e+02, 7.30403564e+02, 7.87579285e+02, 7.50596436e+02,
    7.81380310e+02, 7.71415833e+02, 7.74963440e+02, 7.92565735e+02,
    7.67916992e+02, 8.14127136e+02, 7.60652527e+02, 8.37607239e+02,
    7.82066162e+02, 6.91616943e+02, 7.76316650e+02, 7.10564453e+02,
    7.70400391e+02, 7.30409546e+02, 7.63644409e+02, 7.50344360e+02,
    7.57236633e+02, 7.71325623e+02, 7.50420471e+02, 7.92420166e+02,
    7.43257507e+02, 8.14541809e+02, 7.35461731e+02, 8.37386292e+02 ]
