%YAML:1.0
---
points: [ 3.96634399e+02, 1.53654770e+02, 4.01199127e+02, 1.71808975e+02,
    4.06036560e+02, 1.89928711e+02, 4.10736359e+02, 2.07752472e+02,
    4.15747681e+02, 2.25332520e+02, 4.20439819e+02, 2.42951736e+02,
    4.25569092e+02, 2.60360565e+02, 4.30285980e+02, 2.77333496e+02,
    3.80090454e+02, 1.54729904e+02, 3.85289856e+02, 1.72918686e+02,
    3.89839569e+02, 1.91397751e+02, 3.94744446e+02, 2.09295883e+02,
    3.99676086e+02, 2.27314804e+02, 4.04465454e+02, 2.44934082e+02,
    4.09607544e+02, 2.62373444e+02, 4.14403748e+02, 2.79809753e+02,
    3.63463165e+02, 1.55663177e+02, 3.68017639e+02, 1.74461716e+02,
    3.72852417e+02, 1.92662750e+02, 3.78050842e+02, 2.11117325e+02,
    3.83194183e+02, 2.29071945e+02, 3.88164520e+02, 2.47006607e+02,
    3.93423523e+02, 2.64815643e+02, 3.98669281e+02, 2.82226349e+02,
    3.46620697e+02, 1.56660965e+02, 3.50832214e+02, 1.75661911e+02,
    3.55951294e+02, 1.94222870e+02, 3.61197540e+02, 2.12820389e+02,
    3.66701355e+02, 2.30921494e+02, 3.71855713e+02, 2.49290070e+02,
    3.76735382e+02, 2.67029266e+02, 3.82180847e+02, 2.84715240e+02,
    3.28783203e+02, 1.57690125e+02, 3.33897430e+02, 1.76832520e+02,
    3.38957123e+02, 1.95778976e+02, 3.44540802e+02, 2.14392258e+02,
    3.49576752e+02, 2.33151978e+02, 3.54658112e+02, 2.51289078e+02,
    3.60141327e+02, 2.69493713e+02, 3.65537598e+02, 2.87231537e+02,
    3.10827271e+02, 1.59028839e+02, 3.15952179e+02, 1.78210693e+02,
    3.21494568e+02, 1.97354340e+02, 3.26960541e+02, 2.16220001e+02,
    3.31818115e+02, 2.35058121e+02, 3.37409607e+02, 2.53539841e+02,
    3.42883209e+02, 2.71769653e+02, 3.48537567e+02, 2.89835144e+02 ]
