%YAML:1.0
---
points: [ 8.96798340e+02, 6.91816711e+02, 8.92739868e+02, 7.11320190e+02,
    8.88588318e+02, 7.31083679e+02, 8.84477295e+02, 7.51341492e+02,
    8.79460632e+02, 7.71635742e+02, 8.74845886e+02, 7.93841370e+02,
    8.69692810e+02, 8.16317932e+02, 8.64306274e+02, 8.39189758e+02,
    8.73835205e+02, 6.91996033e+02, 8.69378540e+02, 7.11311218e+02,
    8.64745728e+02, 7.30901611e+02, 8.59719360e+02, 7.50916382e+02,
    8.54430359e+02, 7.71492798e+02, 8.49539246e+02, 7.93554077e+02,
    8.43873657e+02, 8.15632751e+02, 8.38032043e+02, 8.38322205e+02,
    8.50596069e+02, 6.91826965e+02, 8.45925232e+02, 7.11358826e+02,
    8.41009644e+02, 7.30072754e+02, 8.35479431e+02, 7.50642334e+02,
    8.30369995e+02, 7.72129028e+02, 8.24575928e+02, 7.93680237e+02,
    8.18663452e+02, 8.15927124e+02, 8.11851196e+02, 8.38242004e+02,
    8.27690125e+02, 6.91587891e+02, 8.22606934e+02, 7.10871216e+02,
    8.17442749e+02, 7.30682617e+02, 8.11489075e+02, 7.50912781e+02,
    8.05886230e+02, 7.71943298e+02, 7.99794800e+02, 7.93426453e+02,
    7.93510681e+02, 8.15625183e+02, 7.86457825e+02, 8.38188843e+02,
    8.05075195e+02, 6.91852966e+02, 7.99374634e+02, 7.10492126e+02,
    7.93778748e+02, 7.30407654e+02, 7.87599609e+02, 7.50610901e+02,
    7.81414795e+02, 7.71385376e+02, 7.74990295e+02, 7.92574829e+02,
    7.67956116e+02, 8.14181763e+02, 7.60748535e+02, 8.37615479e+02,
    7.82076233e+02, 6.91611694e+02, 7.76302673e+02, 7.10581421e+02,
    7.70356018e+02, 7.30444885e+02, 7.63650452e+02, 7.50383484e+02,
    7.57284058e+02, 7.71323059e+02, 7.50426758e+02, 7.92448303e+02,
    7.43261780e+02, 8.14568909e+02, 7.35498230e+02, 8.37413696e+02 ]
