%YAML:1.0
---
points: [ 1.60764661e+03, 7.64829102e+01, 1.60532312e+03, 9.61978607e+01,
    1.60267444e+03, 1.15594330e+02, 1.60046484e+03, 1.34905411e+02,
    1.59785828e+03, 1.54251099e+02, 1.59563501e+03, 1.73105118e+02,
    1.59334729e+03, 1.91923447e+02, 1.59079065e+03, 2.10576492e+02,
    1.58694104e+03, 7.76614075e+01, 1.58464697e+03, 9.73303757e+01,
    1.58216467e+03, 1.16762810e+02, 1.57983801e+03, 1.35775513e+02,
    1.57763696e+03, 1.54940567e+02, 1.57522375e+03, 1.73906128e+02,
    1.57314038e+03, 1.92518951e+02, 1.57063269e+03, 2.11223328e+02,
    1.56645764e+03, 7.90455933e+01, 1.56423315e+03, 9.84512634e+01,
    1.56193555e+03, 1.17794601e+02, 1.55958948e+03, 1.36842148e+02,
    1.55750940e+03, 1.55802597e+02, 1.55507397e+03, 1.74670181e+02,
    1.55311707e+03, 1.93119186e+02, 1.55068274e+03, 2.11702774e+02,
    1.54648560e+03, 8.04130936e+01, 1.54409497e+03, 9.95742035e+01,
    1.54190137e+03, 1.18889664e+02, 1.53960828e+03, 1.37853790e+02,
    1.53762634e+03, 1.56608124e+02, 1.53542249e+03, 1.75479233e+02,
    1.53327454e+03, 1.93796387e+02, 1.53120178e+03, 2.12237122e+02,
    1.52638623e+03, 8.15623627e+01, 1.52421423e+03, 1.00873962e+02,
    1.52218091e+03, 1.19820755e+02, 1.52010938e+03, 1.38892761e+02,
    1.51774866e+03, 1.57576096e+02, 1.51588611e+03, 1.76274231e+02,
    1.51367664e+03, 1.94534195e+02, 1.51168115e+03, 2.12706009e+02,
    1.50650940e+03, 8.28660583e+01, 1.50447156e+03, 1.02127327e+02,
    1.50241614e+03, 1.20980133e+02, 1.50046094e+03, 1.39745728e+02,
    1.49839209e+03, 1.58418137e+02, 1.49644958e+03, 1.76878250e+02,
    1.49461328e+03, 1.95260178e+02, 1.49248047e+03, 2.13296982e+02 ]
