%YAML:1.0
---
points: [ 2.88494934e+02, 1.67157272e+02, 2.89184113e+02, 1.60330917e+02,
    2.89867981e+02, 1.53271103e+02, 2.90412079e+02, 1.46406540e+02,
    2.91153564e+02, 1.39452179e+02, 2.91831909e+02, 1.32692184e+02,
    2.92438141e+02, 1.25671280e+02, 2.93111298e+02, 1.19002609e+02,
    2.95700073e+02, 1.67419128e+02, 2.96162811e+02, 1.60443146e+02,
    2.96999969e+02, 1.53533707e+02, 2.97565918e+02, 1.46539093e+02,
    2.98202026e+02, 1.39565857e+02, 2.98863403e+02, 1.32701157e+02,
    2.99602173e+02, 1.25893532e+02, 3.00029541e+02, 1.18994576e+02,
    3.02955627e+02, 1.67691132e+02, 3.03559906e+02, 1.60687363e+02,
    3.04168427e+02, 1.53831573e+02, 3.04791901e+02, 1.46771347e+02,
    3.05440735e+02, 1.39817078e+02, 3.06137360e+02, 1.32840454e+02,
    3.06657623e+02, 1.25969284e+02, 3.07340210e+02, 1.19199677e+02,
    3.10070679e+02, 1.67804718e+02, 3.10801392e+02, 1.60903564e+02,
    3.11408173e+02, 1.53963760e+02, 3.11984650e+02, 1.47047867e+02,
    3.12617126e+02, 1.39673035e+02, 3.13217499e+02, 1.32794922e+02,
    3.13954987e+02, 1.26132927e+02, 3.14480042e+02, 1.19228035e+02,
    3.17435364e+02, 1.68196075e+02, 3.18127686e+02, 1.61045914e+02,
    3.18705078e+02, 1.54183365e+02, 3.19280487e+02, 1.47144562e+02,
    3.19975616e+02, 1.40189133e+02, 3.20550140e+02, 1.33131149e+02,
    3.21074493e+02, 1.26185196e+02, 3.21774323e+02, 1.19262650e+02,
    3.24936157e+02, 1.68406494e+02, 3.25478027e+02, 1.61425018e+02,
    3.26096466e+02, 1.54335342e+02, 3.26781769e+02, 1.47320282e+02,
    3.27325256e+02, 1.40310501e+02, 3.27883759e+02, 1.33315262e+02,
    3.28473358e+02, 1.26300095e+02, 3.29037537e+02, 1.19306396e+02 ]
