%YAML:1.0
---
points: [ 2.50966110e+02, 2.63822021e+02, 2.50966095e+02, 2.63822083e+02,
    2.49504547e+02, 2.73824097e+02, 2.48225082e+02, 2.81043610e+02,
    2.47150055e+02, 2.87971558e+02, 2.45697159e+02, 2.95472504e+02,
    2.44598526e+02, 3.03095825e+02, 2.43078079e+02, 3.11011322e+02,
    2.43095215e+02, 2.63146027e+02, 2.43095215e+02, 2.63146088e+02,
    2.41110168e+02, 2.73935181e+02, 2.39892715e+02, 2.80999512e+02,
    2.38457153e+02, 2.88137238e+02, 2.37173660e+02, 2.95407745e+02,
    2.35791489e+02, 3.02878296e+02, 2.34173126e+02, 3.10809326e+02,
    2.35113907e+02, 2.63440887e+02, 2.33755417e+02, 2.71308899e+02,
    2.33755402e+02, 2.71308990e+02, 2.31558548e+02, 2.80823975e+02,
    2.30211990e+02, 2.88224609e+02, 2.28689682e+02, 2.95478424e+02,
    2.27135254e+02, 3.03206573e+02, 2.25144135e+02, 3.10874481e+02,
    2.27456787e+02, 2.63525604e+02, 2.27456741e+02, 2.63526062e+02,
    2.25426270e+02, 2.71600220e+02, 2.23455124e+02, 2.81087311e+02,
    2.21862503e+02, 2.88006226e+02, 2.20169403e+02, 2.95648743e+02,
    2.18425842e+02, 3.03116058e+02, 2.16545792e+02, 3.10825104e+02,
    2.19564896e+02, 2.63377869e+02, 2.19564880e+02, 2.63377899e+02,
    2.17742569e+02, 2.71161469e+02, 2.15062607e+02, 2.80949158e+02,
    2.13516479e+02, 2.87919739e+02, 2.11725571e+02, 2.95342804e+02,
    2.09740875e+02, 3.02664978e+02, 2.08018616e+02, 3.10600861e+02,
    2.11447342e+02, 2.63985840e+02, 2.11447327e+02, 2.63985870e+02,
    2.09305649e+02, 2.72642395e+02, 2.07085693e+02, 2.80997925e+02,
    2.05159561e+02, 2.88056183e+02, 2.03335648e+02, 2.95220428e+02,
    2.01211777e+02, 3.03009216e+02, 1.99093704e+02, 3.10530212e+02 ]
