%YAML:1.0
---
points: [ 2.47699905e+02, 1.12488869e+02, 2.46705399e+02, 1.19468636e+02,
    2.45759491e+02, 1.26389824e+02, 2.44669250e+02, 1.33461884e+02,
    2.43571213e+02, 1.40500183e+02, 2.42387619e+02, 1.47580597e+02,
    2.41255051e+02, 1.55050537e+02, 2.40103897e+02, 1.62432785e+02,
    2.39512329e+02, 1.12577904e+02, 2.38381683e+02, 1.19422241e+02,
    2.37267914e+02, 1.26527489e+02, 2.36187683e+02, 1.33453156e+02,
    2.35064758e+02, 1.40415298e+02, 2.33910172e+02, 1.47783661e+02,
    2.32741180e+02, 1.54851105e+02, 2.31404602e+02, 1.62351242e+02,
    2.31294510e+02, 1.12739273e+02, 2.30316925e+02, 1.19633759e+02,
    2.29120499e+02, 1.26150780e+02, 2.27801544e+02, 1.33348907e+02,
    2.26743744e+02, 1.40540588e+02, 2.25453659e+02, 1.47760422e+02,
    2.24225601e+02, 1.55224564e+02, 2.22636215e+02, 1.62372910e+02,
    2.23314346e+02, 1.12778801e+02, 2.22072693e+02, 1.19470238e+02,
    2.20856918e+02, 1.26526756e+02, 2.19676697e+02, 1.33543015e+02,
    2.18387177e+02, 1.40444351e+02, 2.17131805e+02, 1.47814438e+02,
    2.15728485e+02, 1.55045120e+02, 2.14269104e+02, 1.62361298e+02,
    2.15219391e+02, 1.12602089e+02, 2.13955933e+02, 1.19705681e+02,
    2.12816437e+02, 1.26356651e+02, 2.11167053e+02, 1.33426544e+02,
    2.09997955e+02, 1.40448318e+02, 2.08721497e+02, 1.47594376e+02,
    2.07063660e+02, 1.54562592e+02, 2.05956726e+02, 1.62111053e+02,
    2.07262741e+02, 1.12826141e+02, 2.05931396e+02, 1.19466881e+02,
    2.04604752e+02, 1.26667786e+02, 2.03111618e+02, 1.33309799e+02,
    2.01689102e+02, 1.40377121e+02, 2.00311142e+02, 1.47434128e+02,
    1.98746338e+02, 1.54788452e+02, 1.97113190e+02, 1.62032959e+02 ]
