%YAML:1.0
---
points: [ 1.02808191e+03, 4.50469025e+02, 1.03587561e+03, 4.36626526e+02,
    1.04381421e+03, 4.23150879e+02, 1.05154309e+03, 4.09302429e+02,
    1.05912805e+03, 3.95234955e+02, 1.06662732e+03, 3.81777435e+02,
    1.07418237e+03, 3.68279144e+02, 1.08163586e+03, 3.54516266e+02,
    1.04342358e+03, 4.56225922e+02, 1.05117285e+03, 4.42456696e+02,
    1.05879126e+03, 4.28550690e+02, 1.06668933e+03, 4.14470245e+02,
    1.07419629e+03, 4.00536774e+02, 1.08185217e+03, 3.87171814e+02,
    1.08924011e+03, 3.73252899e+02, 1.09673401e+03, 3.59599487e+02,
    1.05863770e+03, 4.61925049e+02, 1.06656763e+03, 4.48135315e+02,
    1.07418774e+03, 4.33936829e+02, 1.08217737e+03, 4.19983093e+02,
    1.08951807e+03, 4.06519531e+02, 1.09728760e+03, 3.92622681e+02,
    1.10469678e+03, 3.78821686e+02, 1.11171082e+03, 3.64609528e+02,
    1.07410168e+03, 4.67834412e+02, 1.08202283e+03, 4.53759308e+02,
    1.08979590e+03, 4.39741425e+02, 1.09752905e+03, 4.25512238e+02,
    1.10517175e+03, 4.11717316e+02, 1.11265234e+03, 3.97933624e+02,
    1.12007666e+03, 3.84158417e+02, 1.12740088e+03, 3.70011719e+02,
    1.08993909e+03, 4.73803070e+02, 1.09759509e+03, 4.59360168e+02,
    1.10550171e+03, 4.45440155e+02, 1.11318262e+03, 4.31250092e+02,
    1.12052856e+03, 4.17165161e+02, 1.12831128e+03, 4.03141205e+02,
    1.13582910e+03, 3.88798431e+02, 1.14334998e+03, 3.75264862e+02,
    1.10588013e+03, 4.79625458e+02, 1.11370447e+03, 4.65350861e+02,
    1.12147729e+03, 4.51360535e+02, 1.12910046e+03, 4.36767822e+02,
    1.13670215e+03, 4.22589996e+02, 1.14425415e+03, 4.08473206e+02,
    1.15161218e+03, 3.94570526e+02, 1.15895544e+03, 3.80551849e+02 ]
