%YAML:1.0
---
points: [ 2.88514343e+02, 1.67156357e+02, 2.89206604e+02, 1.60319977e+02,
    2.89930298e+02, 1.53357697e+02, 2.90436371e+02, 1.46442688e+02,
    2.91140930e+02, 1.39569656e+02, 2.91797119e+02, 1.32606461e+02,
    2.92460785e+02, 1.25641602e+02, 2.93078827e+02, 1.19020172e+02,
    2.95749786e+02, 1.67430161e+02, 2.96207642e+02, 1.60328506e+02,
    2.97013855e+02, 1.53542770e+02, 2.97639526e+02, 1.46575180e+02,
    2.98181702e+02, 1.39562363e+02, 2.98921997e+02, 1.32655563e+02,
    2.99519104e+02, 1.25958626e+02, 3.00055237e+02, 1.19045822e+02,
    3.02960663e+02, 1.67724136e+02, 3.03589844e+02, 1.60631363e+02,
    3.04190338e+02, 1.53843628e+02, 3.04821503e+02, 1.46716736e+02,
    3.05429626e+02, 1.39890884e+02, 3.06115814e+02, 1.32753693e+02,
    3.06628418e+02, 1.26109390e+02, 3.07364685e+02, 1.19134956e+02,
    3.10128204e+02, 1.67791580e+02, 3.10807892e+02, 1.60905396e+02,
    3.11444427e+02, 1.53978424e+02, 3.12015015e+02, 1.47061584e+02,
    3.12632568e+02, 1.39816147e+02, 3.13267853e+02, 1.32747894e+02,
    3.13940155e+02, 1.26204323e+02, 3.14503601e+02, 1.19288879e+02,
    3.17471069e+02, 1.68176849e+02, 3.18126740e+02, 1.61063950e+02,
    3.18732544e+02, 1.54200409e+02, 3.19354370e+02, 1.47089188e+02,
    3.20005707e+02, 1.40187225e+02, 3.20543304e+02, 1.33153061e+02,
    3.21062286e+02, 1.26155563e+02, 3.21756775e+02, 1.19248253e+02,
    3.24948486e+02, 1.68413223e+02, 3.25515747e+02, 1.61415817e+02,
    3.26141174e+02, 1.54350830e+02, 3.26781830e+02, 1.47324738e+02,
    3.27309113e+02, 1.40228867e+02, 3.27889587e+02, 1.33279877e+02,
    3.28455505e+02, 1.26310608e+02, 3.28986450e+02, 1.19224281e+02 ]
