%YAML:1.0
---
points: [ 7.35224304e+02, 3.99349487e+02, 7.40559631e+02, 3.77837646e+02,
    7.45693909e+02, 3.56355499e+02, 7.50710815e+02, 3.35422943e+02,
    7.55526245e+02, 3.14590546e+02, 7.60481934e+02, 2.94297943e+02,
    7.64832275e+02, 2.73586395e+02, 7.69542419e+02, 2.53698868e+02,
    7.59943909e+02, 3.99780029e+02, 7.65089294e+02, 3.77683350e+02,
    7.70256409e+02, 3.56667175e+02, 7.75189514e+02, 3.35675995e+02,
    7.80005676e+02, 3.15262451e+02, 7.84466248e+02, 2.94497559e+02,
    7.88632568e+02, 2.73720886e+02, 7.93149475e+02, 2.54301590e+02,
    7.84974854e+02, 4.00527527e+02, 7.90477173e+02, 3.79161163e+02,
    7.95162354e+02, 3.57723297e+02, 7.99622253e+02, 3.36552460e+02,
    8.03941040e+02, 3.15448181e+02, 8.08408630e+02, 2.95006012e+02,
    8.12543152e+02, 2.74364136e+02, 8.16611267e+02, 2.54172623e+02,
    8.09970093e+02, 4.00704437e+02, 8.15223511e+02, 3.79648529e+02,
    8.19649780e+02, 3.58317810e+02, 8.24128113e+02, 3.36889160e+02,
    8.28117615e+02, 3.15466309e+02, 8.32424072e+02, 2.94576660e+02,
    8.36657837e+02, 2.74924408e+02, 8.40306580e+02, 2.54474686e+02,
    8.35311340e+02, 4.01212036e+02, 8.39768188e+02, 3.79518982e+02,
    8.44381531e+02, 3.58202209e+02, 8.48387817e+02, 3.36474396e+02,
    8.52640381e+02, 3.15886627e+02, 8.56672180e+02, 2.95545837e+02,
    8.60496094e+02, 2.74885529e+02, 8.64296448e+02, 2.54637558e+02,
    8.60733582e+02, 4.01942780e+02, 8.65248047e+02, 3.80385437e+02,
    8.69488831e+02, 3.58583313e+02, 8.73339111e+02, 3.36730194e+02,
    8.77334045e+02, 3.16424225e+02, 8.81046021e+02, 2.95695648e+02,
    8.84728577e+02, 2.75223053e+02, 8.88094971e+02, 2.54641159e+02 ]
