%YAML:1.0
---
points: [ 2.88550598e+02, 1.67152435e+02, 2.89221130e+02, 1.60383728e+02,
    2.89917969e+02, 1.53402313e+02, 2.90437256e+02, 1.46417206e+02,
    2.91138519e+02, 1.39525330e+02, 2.91813416e+02, 1.32672607e+02,
    2.92478516e+02, 1.25418678e+02, 2.93090118e+02, 1.19054459e+02,
    2.95780853e+02, 1.67416473e+02, 2.96240448e+02, 1.60400558e+02,
    2.97035248e+02, 1.53629990e+02, 2.97680725e+02, 1.46617752e+02,
    2.98154114e+02, 1.39621063e+02, 2.98937775e+02, 1.32678513e+02,
    2.99543976e+02, 1.25942566e+02, 3.00009644e+02, 1.19051392e+02,
    3.03016022e+02, 1.67732117e+02, 3.03595093e+02, 1.60711761e+02,
    3.04227814e+02, 1.53902374e+02, 3.04828888e+02, 1.46765533e+02,
    3.05462280e+02, 1.39860626e+02, 3.06119720e+02, 1.32793121e+02,
    3.06667755e+02, 1.26238419e+02, 3.07336212e+02, 1.19124626e+02,
    3.10153381e+02, 1.67844315e+02, 3.10872681e+02, 1.60974121e+02,
    3.11471649e+02, 1.54029663e+02, 3.12051178e+02, 1.47026382e+02,
    3.12670410e+02, 1.39728058e+02, 3.13264160e+02, 1.32846298e+02,
    3.13934601e+02, 1.26159630e+02, 3.14533966e+02, 1.19241982e+02,
    3.17513489e+02, 1.68224777e+02, 3.18177216e+02, 1.61108063e+02,
    3.18739075e+02, 1.54217957e+02, 3.19314728e+02, 1.47144943e+02,
    3.19951782e+02, 1.40171463e+02, 3.20554596e+02, 1.33116577e+02,
    3.21073029e+02, 1.26078796e+02, 3.21749908e+02, 1.19300995e+02,
    3.24983917e+02, 1.68463531e+02, 3.25568726e+02, 1.61404648e+02,
    3.26125214e+02, 1.54412476e+02, 3.26820679e+02, 1.47245422e+02,
    3.27359100e+02, 1.40330811e+02, 3.27915833e+02, 1.33365952e+02,
    3.28484314e+02, 1.26313194e+02, 3.28986053e+02, 1.19272453e+02 ]
