%YAML:1.0
---
points: [ 7.86789001e+02, 3.57886627e+02, 8.04225159e+02, 3.39419037e+02,
    8.21325989e+02, 3.21004425e+02, 8.38381775e+02, 3.02582275e+02,
    8.55397583e+02, 2.83925293e+02, 8.72618896e+02, 2.65403778e+02,
    8.89564575e+02, 2.46442749e+02, 9.06651062e+02, 2.27558838e+02,
    8.04440369e+02, 3.74255676e+02, 8.21665955e+02, 3.55695923e+02,
    8.39240356e+02, 3.37385864e+02, 8.56344910e+02, 3.18907501e+02,
    8.73435303e+02, 3.00428375e+02, 8.90626221e+02, 2.81634857e+02,
    9.07733032e+02, 2.62641296e+02, 9.25013489e+02, 2.43984726e+02,
    8.22303955e+02, 3.90508362e+02, 8.39911560e+02, 3.72618683e+02,
    8.57098511e+02, 3.54039551e+02, 8.74416870e+02, 3.35545319e+02,
    8.91530457e+02, 3.16652466e+02, 9.08854797e+02, 2.98196777e+02,
    9.26090210e+02, 2.79237244e+02, 9.43181152e+02, 2.60231659e+02,
    8.40251404e+02, 4.07186401e+02, 8.57709229e+02, 3.89102783e+02,
    8.75134460e+02, 3.70537140e+02, 8.92455261e+02, 3.51914673e+02,
    9.09448914e+02, 3.33003662e+02, 9.27021545e+02, 3.14205231e+02,
    9.44360413e+02, 2.95622650e+02, 9.61454102e+02, 2.76566315e+02,
    8.57957458e+02, 4.23726837e+02, 8.75581238e+02, 4.05402527e+02,
    8.93137024e+02, 3.86929199e+02, 9.10298584e+02, 3.68160919e+02,
    9.27763977e+02, 3.49551605e+02, 9.45385437e+02, 3.31031219e+02,
    9.62616821e+02, 3.12030914e+02, 9.79793579e+02, 2.92943481e+02,
    8.76143799e+02, 4.40561432e+02, 8.93770874e+02, 4.22226349e+02,
    9.11281616e+02, 4.03572784e+02, 9.28522522e+02, 3.84648560e+02,
    9.46198730e+02, 3.66344727e+02, 9.63653442e+02, 3.47511688e+02,
    9.81014465e+02, 3.28599060e+02, 9.98387146e+02, 3.09473572e+02 ]
