%YAML:1.0
---
points: [ 1.02812793e+03, 4.50440369e+02, 1.03588062e+03, 4.36619568e+02,
    1.04381311e+03, 4.23098755e+02, 1.05154553e+03, 4.09297028e+02,
    1.05907751e+03, 3.95247742e+02, 1.06661475e+03, 3.81746338e+02,
    1.07414929e+03, 3.68291748e+02, 1.08162097e+03, 3.54507141e+02,
    1.04341321e+03, 4.56218048e+02, 1.05115308e+03, 4.42465759e+02,
    1.05879187e+03, 4.28537079e+02, 1.06664844e+03, 4.14432251e+02,
    1.07419043e+03, 4.00538757e+02, 1.08185364e+03, 3.87121399e+02,
    1.08925598e+03, 3.73226471e+02, 1.09673022e+03, 3.59589752e+02,
    1.05865417e+03, 4.61936584e+02, 1.06659814e+03, 4.48097748e+02,
    1.07425500e+03, 4.33884644e+02, 1.08215906e+03, 4.19968414e+02,
    1.08950317e+03, 4.06527405e+02, 1.09731213e+03, 3.92606232e+02,
    1.10465662e+03, 3.78824738e+02, 1.11173315e+03, 3.64579773e+02,
    1.07411548e+03, 4.67829681e+02, 1.08208972e+03, 4.53718689e+02,
    1.08977332e+03, 4.39759521e+02, 1.09753784e+03, 4.25520508e+02,
    1.10517102e+03, 4.11716370e+02, 1.11267126e+03, 3.97925385e+02,
    1.12008118e+03, 3.84146484e+02, 1.12740833e+03, 3.70013367e+02,
    1.08997412e+03, 4.73755005e+02, 1.09759766e+03, 4.59346069e+02,
    1.10548755e+03, 4.45456390e+02, 1.11318201e+03, 4.31223022e+02,
    1.12052161e+03, 4.17179321e+02, 1.12831860e+03, 4.03148956e+02,
    1.13580188e+03, 3.88806580e+02, 1.14332727e+03, 3.75261444e+02,
    1.10589062e+03, 4.79622894e+02, 1.11373145e+03, 4.65358093e+02,
    1.12143958e+03, 4.51363373e+02, 1.12915173e+03, 4.36754150e+02,
    1.13673132e+03, 4.22602478e+02, 1.14427283e+03, 4.08473358e+02,
    1.15161108e+03, 3.94561615e+02, 1.15905627e+03, 3.80541595e+02 ]
