%YAML:1.0
---
points: [ 2.13910263e+02, 1.47712677e+02, 2.19679932e+02, 1.41552444e+02,
    2.25535416e+02, 1.35152344e+02, 2.31124207e+02, 1.28831558e+02,
    2.36938919e+02, 1.22452736e+02, 2.42666519e+02, 1.16132767e+02,
    2.48499496e+02, 1.09651253e+02, 2.54210251e+02, 1.03294579e+02,
    2.20133743e+02, 1.53366913e+02, 2.25738281e+02, 1.46893555e+02,
    2.31632187e+02, 1.40751022e+02, 2.37352753e+02, 1.34325302e+02,
    2.43109421e+02, 1.27896317e+02, 2.48982254e+02, 1.21608437e+02,
    2.54680756e+02, 1.15122528e+02, 2.60505615e+02, 1.08687653e+02,
    2.26148651e+02, 1.58843430e+02, 2.32061462e+02, 1.52628098e+02,
    2.37841385e+02, 1.46316025e+02, 2.43562027e+02, 1.39887970e+02,
    2.49435791e+02, 1.33559479e+02, 2.55167587e+02, 1.27080284e+02,
    2.61013062e+02, 1.20623215e+02, 2.66830597e+02, 1.14182877e+02,
    2.32213028e+02, 1.64314575e+02, 2.38212982e+02, 1.58114304e+02,
    2.43948410e+02, 1.51800018e+02, 2.49822403e+02, 1.45433670e+02,
    2.55569611e+02, 1.38872360e+02, 2.61443878e+02, 1.32544662e+02,
    2.67344666e+02, 1.26105835e+02, 2.73059479e+02, 1.19552185e+02,
    2.38477997e+02, 1.69849091e+02, 2.44272995e+02, 1.63546524e+02,
    2.50151886e+02, 1.57267929e+02, 2.55943558e+02, 1.50828629e+02,
    2.61826324e+02, 1.44482742e+02, 2.67734711e+02, 1.38043167e+02,
    2.73617249e+02, 1.31567474e+02, 2.79473450e+02, 1.25070496e+02,
    2.44742401e+02, 1.75530884e+02, 2.50620499e+02, 1.69208527e+02,
    2.56468811e+02, 1.62791733e+02, 2.62260254e+02, 1.56529617e+02,
    2.68222382e+02, 1.50059326e+02, 2.74035889e+02, 1.43673126e+02,
    2.79918274e+02, 1.37029037e+02, 2.85814514e+02, 1.30616119e+02 ]
