%YAML:1.0
---
points: [ 6.88520569e+02, 4.82697174e+02, 6.82904602e+02, 4.57400391e+02,
    6.76808472e+02, 4.31764252e+02, 6.70492798e+02, 4.04880249e+02,
    6.63857178e+02, 3.77484161e+02, 6.57259644e+02, 3.49118103e+02,
    6.49614441e+02, 3.20007263e+02, 6.42396179e+02, 2.90220703e+02,
    7.16095825e+02, 4.83475739e+02, 7.10734741e+02, 4.58711212e+02,
    7.05497620e+02, 4.32424622e+02, 6.99637268e+02, 4.05586945e+02,
    6.93593079e+02, 3.77837067e+02, 6.87202820e+02, 3.49436310e+02,
    6.80274658e+02, 3.20365509e+02, 6.73718323e+02, 2.89777069e+02,
    7.43822510e+02, 4.84146698e+02, 7.39428528e+02, 4.58403992e+02,
    7.34284546e+02, 4.32430298e+02, 7.28914062e+02, 4.05678619e+02,
    7.23090393e+02, 3.78061493e+02, 7.17421997e+02, 3.49552704e+02,
    7.11289368e+02, 3.20184753e+02, 7.04500854e+02, 2.90253082e+02,
    7.71436218e+02, 4.85365173e+02, 7.67676208e+02, 4.59193573e+02,
    7.63090698e+02, 4.32983795e+02, 7.58319580e+02, 4.06180847e+02,
    7.52660767e+02, 3.78645721e+02, 7.47489075e+02, 3.50103180e+02,
    7.42111633e+02, 3.20073029e+02, 7.36010010e+02, 2.90053497e+02,
    7.99585083e+02, 4.86216309e+02, 7.95644043e+02, 4.60427277e+02,
    7.91592285e+02, 4.33891968e+02, 7.86842590e+02, 4.07245331e+02,
    7.82499512e+02, 3.78906372e+02, 7.77903076e+02, 3.50055634e+02,
    7.72802490e+02, 3.20416779e+02, 7.67414185e+02, 2.90078186e+02,
    8.27800476e+02, 4.86577545e+02, 8.24363281e+02, 4.60696808e+02,
    8.20743042e+02, 4.34336639e+02, 8.16615845e+02, 4.07689362e+02,
    8.12624146e+02, 3.79228241e+02, 8.08377441e+02, 3.50402832e+02,
    8.03830261e+02, 3.20479340e+02, 7.98964722e+02, 2.90245941e+02 ]
