%YAML:1.0
---
points: [ 1.83586243e+02, 1.90442429e+02, 1.81849182e+02, 1.81959396e+02,
    1.80115585e+02, 1.73370926e+02, 1.78081100e+02, 1.64204453e+02,
    1.76074127e+02, 1.55040237e+02, 1.74208298e+02, 1.45412750e+02,
    1.72064316e+02, 1.35522919e+02, 1.70020233e+02, 1.25474472e+02,
    1.92935196e+02, 1.90647797e+02, 1.91426971e+02, 1.82226608e+02,
    1.89779755e+02, 1.73355499e+02, 1.88112305e+02, 1.64282684e+02,
    1.86336761e+02, 1.55032684e+02, 1.84508392e+02, 1.45490799e+02,
    1.82487015e+02, 1.35549072e+02, 1.80584747e+02, 1.25383362e+02,
    2.02327637e+02, 1.90783691e+02, 2.01088699e+02, 1.82131317e+02,
    1.99647827e+02, 1.73232361e+02, 1.97924957e+02, 1.64324112e+02,
    1.96254471e+02, 1.54955154e+02, 1.94712112e+02, 1.45361298e+02,
    1.92996964e+02, 1.35445770e+02, 1.91048264e+02, 1.25275040e+02,
    2.11749863e+02, 1.91064987e+02, 2.10720398e+02, 1.82242493e+02,
    2.09316345e+02, 1.73311295e+02, 2.08074234e+02, 1.64393906e+02,
    2.06402771e+02, 1.55032883e+02, 2.04902100e+02, 1.45442932e+02,
    2.03437012e+02, 1.35295700e+02, 2.01660828e+02, 1.25130333e+02,
    2.21401794e+02, 1.91155350e+02, 2.20173569e+02, 1.82656464e+02,
    2.19182907e+02, 1.73599518e+02, 2.17856400e+02, 1.64518066e+02,
    2.16595917e+02, 1.55094818e+02, 2.15339767e+02, 1.45262802e+02,
    2.13941757e+02, 1.35296692e+02, 2.12404984e+02, 1.24927498e+02,
    2.30974091e+02, 1.91300598e+02, 2.30022873e+02, 1.82456314e+02,
    2.29118484e+02, 1.73469391e+02, 2.27816925e+02, 1.64608902e+02,
    2.26873627e+02, 1.54970367e+02, 2.25779022e+02, 1.45326736e+02,
    2.24501358e+02, 1.35220840e+02, 2.23114502e+02, 1.24863525e+02 ]
