%YAML:1.0
---
points: [ 2.35114975e+02, 1.29705856e+02, 2.36082123e+02, 1.22110947e+02,
    2.37095200e+02, 1.14297165e+02, 2.38116302e+02, 1.06163803e+02,
    2.39193680e+02, 9.78296204e+01, 2.40334488e+02, 8.89425583e+01,
    2.41568985e+02, 8.00752792e+01, 2.42718597e+02, 7.07783127e+01,
    2.43708466e+02, 1.30483017e+02, 2.45074463e+02, 1.23185760e+02,
    2.46103561e+02, 1.15208359e+02, 2.47331726e+02, 1.07040993e+02,
    2.48736893e+02, 9.87282639e+01, 2.49933929e+02, 9.00842514e+01,
    2.51393173e+02, 8.11081161e+01, 2.52810333e+02, 7.20117035e+01,
    2.52369431e+02, 1.31071121e+02, 2.53812973e+02, 1.23601318e+02,
    2.55069656e+02, 1.15752708e+02, 2.56430206e+02, 1.07836800e+02,
    2.57892731e+02, 9.95134888e+01, 2.59373810e+02, 9.08903427e+01,
    2.61038757e+02, 8.21767502e+01, 2.62637604e+02, 7.30345154e+01,
    2.61118652e+02, 1.32106125e+02, 2.62435577e+02, 1.24518784e+02,
    2.63946991e+02, 1.16576790e+02, 2.65542694e+02, 1.08797821e+02,
    2.67145569e+02, 1.00606224e+02, 2.68860229e+02, 9.21064758e+01,
    2.70561096e+02, 8.30951309e+01, 2.72254028e+02, 7.40201797e+01,
    2.69657196e+02, 1.33075256e+02, 2.71113831e+02, 1.25505394e+02,
    2.72861572e+02, 1.17830894e+02, 2.74458771e+02, 1.09794716e+02,
    2.76182312e+02, 1.01286484e+02, 2.78178680e+02, 9.28863068e+01,
    2.80113068e+02, 8.42361069e+01, 2.82130341e+02, 7.51071396e+01,
    2.78015137e+02, 1.33701035e+02, 2.79732666e+02, 1.26131462e+02,
    2.81666901e+02, 1.18461136e+02, 2.83363220e+02, 1.10746056e+02,
    2.85288239e+02, 1.02410141e+02, 2.87289948e+02, 9.39940186e+01,
    2.89543213e+02, 8.51832504e+01, 2.91555176e+02, 7.62395096e+01 ]
