%YAML:1.0
---
points: [ 6.72319458e+02, 4.69365204e+02, 6.78942505e+02, 4.56325745e+02,
    6.85368713e+02, 4.43225525e+02, 6.92150635e+02, 4.29704285e+02,
    6.98678772e+02, 4.15380005e+02, 7.04494751e+02, 4.03712494e+02,
    7.10665710e+02, 3.90539429e+02, 7.16822815e+02, 3.78196869e+02,
    6.88346985e+02, 4.74693634e+02, 6.94847717e+02, 4.61151337e+02,
    7.01277771e+02, 4.48273865e+02, 7.08050720e+02, 4.33872894e+02,
    7.13923157e+02, 4.21326630e+02, 7.20489014e+02, 4.07784485e+02,
    7.26277710e+02, 3.95522461e+02, 7.32480347e+02, 3.81852905e+02,
    7.04311951e+02, 4.79838440e+02, 7.10633606e+02, 4.66688690e+02,
    7.16957092e+02, 4.52954956e+02, 7.23431519e+02, 4.39549225e+02,
    7.29291626e+02, 4.27645905e+02, 7.35499146e+02, 4.14089844e+02,
    7.41096558e+02, 4.01948364e+02, 7.47185913e+02, 3.88233429e+02,
    7.20100647e+02, 4.85198303e+02, 7.26498474e+02, 4.71567017e+02,
    7.32722168e+02, 4.58493439e+02, 7.39064331e+02, 4.44335754e+02,
    7.44912842e+02, 4.32198517e+02, 7.50922058e+02, 4.18643463e+02,
    7.56566162e+02, 4.06353607e+02, 7.62714539e+02, 3.91946503e+02,
    7.35900635e+02, 4.90505096e+02, 7.42282471e+02, 4.76732880e+02,
    7.48328247e+02, 4.63567230e+02, 7.54431946e+02, 4.50237671e+02,
    7.60534424e+02, 4.36441345e+02, 7.66286438e+02, 4.23960754e+02,
    7.72486145e+02, 4.09724396e+02, 7.77637390e+02, 3.98591705e+02,
    7.51965454e+02, 4.95539978e+02, 7.58231628e+02, 4.81465942e+02,
    7.64191711e+02, 4.68749573e+02, 7.70186829e+02, 4.54548859e+02,
    7.75772339e+02, 4.42233429e+02, 7.81832520e+02, 4.27984589e+02,
    7.87200378e+02, 4.16192017e+02, 7.93047974e+02, 4.02641449e+02 ]
