%YAML:1.0
---
points: [ 6.89083557e+02, 4.82487427e+02, 6.83354370e+02, 4.57242096e+02,
    6.77084595e+02, 4.31696991e+02, 6.70524414e+02, 4.04957336e+02,
    6.63720764e+02, 3.77731842e+02, 6.56856934e+02, 3.49478485e+02,
    6.49295593e+02, 3.20562592e+02, 6.41722229e+02, 2.90843445e+02,
    7.16464844e+02, 4.83192047e+02, 7.10924927e+02, 4.58489716e+02,
    7.05620667e+02, 4.32447418e+02, 6.99632019e+02, 4.05659760e+02,
    6.93510010e+02, 3.78170471e+02, 6.86827759e+02, 3.49698578e+02,
    6.79828674e+02, 3.21015564e+02, 6.73112854e+02, 2.90492523e+02,
    7.44159973e+02, 4.83773346e+02, 7.39533203e+02, 4.58250305e+02,
    7.34379028e+02, 4.32479156e+02, 7.28856934e+02, 4.05866760e+02,
    7.22934937e+02, 3.78381378e+02, 7.17141174e+02, 3.49937500e+02,
    7.10786133e+02, 3.20633148e+02, 7.03772583e+02, 2.90779938e+02,
    7.71716187e+02, 4.85152374e+02, 7.67903442e+02, 4.58985840e+02,
    7.63101685e+02, 4.32984161e+02, 7.58237732e+02, 4.06311737e+02,
    7.52447998e+02, 3.78856079e+02, 7.47101746e+02, 3.50429413e+02,
    7.41520569e+02, 3.20587646e+02, 7.35270508e+02, 2.90611053e+02,
    7.99861389e+02, 4.86046112e+02, 7.95726990e+02, 4.60390259e+02,
    7.91590637e+02, 4.33961395e+02, 7.86692200e+02, 4.07406464e+02,
    7.82270874e+02, 3.79248932e+02, 7.77527100e+02, 3.50372192e+02,
    7.72284790e+02, 3.20911163e+02, 7.66610168e+02, 2.90621887e+02,
    8.28042480e+02, 4.86431427e+02, 8.24471069e+02, 4.60632904e+02,
    8.20743530e+02, 4.34392914e+02, 8.16498596e+02, 4.07890900e+02,
    8.12430298e+02, 3.79575775e+02, 8.07964172e+02, 3.50640320e+02,
    8.03352295e+02, 3.21119934e+02, 7.98263306e+02, 2.90721039e+02 ]
