%YAML:1.0
---
points: [ 2.22945816e+02, 1.25141045e+02, 2.24305084e+02, 1.35390869e+02,
    2.25687897e+02, 1.45452606e+02, 2.26816589e+02, 1.55208817e+02,
    2.27817261e+02, 1.64698227e+02, 2.29108582e+02, 1.73551956e+02,
    2.30059372e+02, 1.82464676e+02, 2.30988266e+02, 1.91246124e+02,
    2.12200378e+02, 1.25142548e+02, 2.13741226e+02, 1.35424713e+02,
    2.15201920e+02, 1.45419754e+02, 2.16490082e+02, 1.55161880e+02,
    2.17798309e+02, 1.64541183e+02, 2.19203476e+02, 1.73598007e+02,
    2.20226349e+02, 1.82594482e+02, 2.21521072e+02, 1.91174561e+02,
    2.01524078e+02, 1.25375412e+02, 2.03272324e+02, 1.35377960e+02,
    2.04854065e+02, 1.45526505e+02, 2.06365799e+02, 1.55173615e+02,
    2.08001068e+02, 1.64327972e+02, 2.09348251e+02, 1.73356796e+02,
    2.10775421e+02, 1.82230759e+02, 2.11830078e+02, 1.90935562e+02,
    1.90810120e+02, 1.25435730e+02, 1.92832932e+02, 1.35531601e+02,
    1.94620377e+02, 1.45413422e+02, 1.96217194e+02, 1.55071930e+02,
    1.97896240e+02, 1.64381256e+02, 1.99662964e+02, 1.73236053e+02,
    2.01112320e+02, 1.82116898e+02, 2.02423172e+02, 1.90704391e+02,
    1.80341248e+02, 1.25530037e+02, 1.82267258e+02, 1.35645828e+02,
    1.84419739e+02, 1.45551025e+02, 1.86334427e+02, 1.55111603e+02,
    1.88111053e+02, 1.64349579e+02, 1.89840668e+02, 1.73351089e+02,
    1.91514877e+02, 1.82201233e+02, 1.93024918e+02, 1.90553864e+02,
    1.69797058e+02, 1.25645767e+02, 1.71979309e+02, 1.35658630e+02,
    1.74155823e+02, 1.45511322e+02, 1.76042877e+02, 1.55103485e+02,
    1.78137466e+02, 1.64279556e+02, 1.80145020e+02, 1.73384109e+02,
    1.81922348e+02, 1.81889832e+02, 1.83728027e+02, 1.90390472e+02 ]
