%YAML:1.0
---
points: [ 2.35148529e+02, 1.29691101e+02, 2.36080139e+02, 1.22111168e+02,
    2.37056229e+02, 1.14274292e+02, 2.38171097e+02, 1.06137436e+02,
    2.39195541e+02, 9.78205872e+01, 2.40331757e+02, 8.90206680e+01,
    2.41572052e+02, 8.00708237e+01, 2.42760193e+02, 7.08111115e+01,
    2.43728836e+02, 1.30498703e+02, 2.45065750e+02, 1.23145081e+02,
    2.46116592e+02, 1.15188766e+02, 2.47361267e+02, 1.07044662e+02,
    2.48716827e+02, 9.87253952e+01, 2.49914154e+02, 9.00522385e+01,
    2.51316650e+02, 8.10951157e+01, 2.52813507e+02, 7.19591446e+01,
    2.52316910e+02, 1.31119934e+02, 2.53819702e+02, 1.23580399e+02,
    2.55024933e+02, 1.15802429e+02, 2.56435089e+02, 1.07861412e+02,
    2.57858154e+02, 9.95270081e+01, 2.59363434e+02, 9.09502487e+01,
    2.61035126e+02, 8.21011658e+01, 2.62656799e+02, 7.30679855e+01,
    2.61146698e+02, 1.32106171e+02, 2.62452026e+02, 1.24472992e+02,
    2.63965790e+02, 1.16560867e+02, 2.65494781e+02, 1.08775665e+02,
    2.67167145e+02, 1.00598320e+02, 2.68874634e+02, 9.21398163e+01,
    2.70521423e+02, 8.30883179e+01, 2.72230560e+02, 7.40302200e+01,
    2.69664001e+02, 1.33002365e+02, 2.71102173e+02, 1.25464699e+02,
    2.72859619e+02, 1.17871521e+02, 2.74516388e+02, 1.09763298e+02,
    2.76156555e+02, 1.01264198e+02, 2.78211884e+02, 9.28662643e+01,
    2.80181335e+02, 8.42572784e+01, 2.82083862e+02, 7.51763916e+01,
    2.78050720e+02, 1.33649414e+02, 2.79753418e+02, 1.26125610e+02,
    2.81649384e+02, 1.18453300e+02, 2.83330200e+02, 1.10730034e+02,
    2.85323486e+02, 1.02401863e+02, 2.87311005e+02, 9.39325180e+01,
    2.89550781e+02, 8.51900787e+01, 2.91542450e+02, 7.62819519e+01 ]
