%YAML:1.0
---
points: [ 6.72274902e+02, 4.69388641e+02, 6.78954651e+02, 4.56325165e+02,
    6.85398010e+02, 4.43203156e+02, 6.92122620e+02, 4.29740082e+02,
    6.98672546e+02, 4.15397125e+02, 7.04484619e+02, 4.03751282e+02,
    7.10778809e+02, 3.90333954e+02, 7.16789612e+02, 3.78206573e+02,
    6.88346069e+02, 4.74692932e+02, 6.95002441e+02, 4.60933655e+02,
    7.01289429e+02, 4.48306854e+02, 7.08049683e+02, 4.33907654e+02,
    7.13959717e+02, 4.21348877e+02, 7.20482178e+02, 4.07812347e+02,
    7.26248535e+02, 3.95560181e+02, 7.32491943e+02, 3.81882874e+02,
    7.04328186e+02, 4.79866608e+02, 7.10618591e+02, 4.66715942e+02,
    7.16876648e+02, 4.53088654e+02, 7.23445496e+02, 4.39554626e+02,
    7.29340332e+02, 4.27591370e+02, 7.35487366e+02, 4.14083679e+02,
    7.41056824e+02, 4.02052795e+02, 7.47162659e+02, 3.88244415e+02,
    7.20090332e+02, 4.85208740e+02, 7.26554443e+02, 4.71452301e+02,
    7.32668762e+02, 4.58508118e+02, 7.39091553e+02, 4.44321381e+02,
    7.44824585e+02, 4.32211639e+02, 7.51044739e+02, 4.18523163e+02,
    7.56546875e+02, 4.06323608e+02, 7.62705078e+02, 3.91976868e+02,
    7.35926086e+02, 4.90459625e+02, 7.42289734e+02, 4.76780273e+02,
    7.48332947e+02, 4.63522888e+02, 7.54454102e+02, 4.50251221e+02,
    7.60541626e+02, 4.36404907e+02, 7.66161438e+02, 4.24090698e+02,
    7.72559631e+02, 4.09638336e+02, 7.77650879e+02, 3.98559357e+02,
    7.51978882e+02, 4.95565216e+02, 7.58212708e+02, 4.81414154e+02,
    7.64189392e+02, 4.68776398e+02, 7.70190674e+02, 4.54522003e+02,
    7.75798035e+02, 4.42263306e+02, 7.81804321e+02, 4.28186035e+02,
    7.87220520e+02, 4.16217041e+02, 7.93125488e+02, 4.02485352e+02 ]
