%YAML:1.0
---
points: [ 8.90255203e+01, 1.42999969e+02, 1.00595528e+02, 1.42527390e+02,
    1.11927216e+02, 1.41862167e+02, 1.22898895e+02, 1.41419907e+02,
    1.34014343e+02, 1.40937988e+02, 1.44670624e+02, 1.40572433e+02,
    1.55222824e+02, 1.40220551e+02, 1.65584610e+02, 1.39730240e+02,
    9.05966721e+01, 1.53455490e+02, 1.01905296e+02, 1.52789902e+02,
    1.13063942e+02, 1.52108780e+02, 1.24089912e+02, 1.51585526e+02,
    1.34796753e+02, 1.50842514e+02, 1.46011963e+02, 1.49912308e+02,
    1.56010437e+02, 1.49937302e+02, 1.66135910e+02, 1.49442612e+02,
    9.20397949e+01, 1.63513290e+02, 1.03286041e+02, 1.62644104e+02,
    1.14190102e+02, 1.61855667e+02, 1.25142395e+02, 1.61283020e+02,
    1.35824112e+02, 1.60590195e+02, 1.46271240e+02, 1.59959167e+02,
    1.56555557e+02, 1.59383362e+02, 1.66679123e+02, 1.58987045e+02,
    9.35788116e+01, 1.73410263e+02, 1.04556786e+02, 1.72318054e+02,
    1.15401962e+02, 1.71487198e+02, 1.26110191e+02, 1.70706406e+02,
    1.36623657e+02, 1.70049728e+02, 1.47191757e+02, 1.69318390e+02,
    1.57178940e+02, 1.68607986e+02, 1.67167480e+02, 1.68016800e+02,
    9.47913055e+01, 1.82887070e+02, 1.05829872e+02, 1.81940338e+02,
    1.16586479e+02, 1.80952972e+02, 1.27142151e+02, 1.80142395e+02,
    1.37624146e+02, 1.79354309e+02, 1.47865952e+02, 1.78543213e+02,
    1.57780151e+02, 1.77819992e+02, 1.67582687e+02, 1.77204193e+02,
    9.61885757e+01, 1.92305771e+02, 1.07034248e+02, 1.91251816e+02,
    1.17677170e+02, 1.90253159e+02, 1.28192368e+02, 1.89393585e+02,
    1.38395996e+02, 1.88333145e+02, 1.48454300e+02, 1.87367630e+02,
    1.58400620e+02, 1.86630417e+02, 1.68233612e+02, 1.85818039e+02 ]
