%YAML:1.0
---
points: [ 4.01538177e+02, 3.39184448e+02, 4.37108307e+02, 3.37758636e+02,
    4.71507446e+02, 3.36611053e+02, 5.05677155e+02, 3.35476318e+02,
    5.38893982e+02, 3.34543701e+02, 5.71520630e+02, 3.33724518e+02,
    6.03516052e+02, 3.33315247e+02, 6.34991943e+02, 3.32507629e+02,
    4.06850647e+02, 3.69916260e+02, 4.41657196e+02, 3.68630493e+02,
    4.75921783e+02, 3.66733826e+02, 5.09354736e+02, 3.65570709e+02,
    5.42442627e+02, 3.64165497e+02, 5.74592285e+02, 3.62938141e+02,
    6.06246582e+02, 3.62175262e+02, 6.37090576e+02, 3.60833160e+02,
    4.11922485e+02, 3.99853729e+02, 4.46366394e+02, 3.97681824e+02,
    4.80170135e+02, 3.95897461e+02, 5.13160645e+02, 3.94386780e+02,
    5.45515442e+02, 3.92834686e+02, 5.77458130e+02, 3.91471832e+02,
    6.08583374e+02, 3.90288910e+02, 6.39008545e+02, 3.89065613e+02,
    4.17050018e+02, 4.29328217e+02, 4.50744446e+02, 4.26631012e+02,
    4.84286530e+02, 4.24488068e+02, 5.16921570e+02, 4.22663483e+02,
    5.48831970e+02, 4.21076050e+02, 5.80456665e+02, 4.19324860e+02,
    6.11099121e+02, 4.17458435e+02, 6.41138306e+02, 4.16131470e+02,
    4.21622772e+02, 4.57844818e+02, 4.55145691e+02, 4.55202332e+02,
    4.88139648e+02, 4.52702301e+02, 5.20426941e+02, 4.50644012e+02,
    5.52026428e+02, 4.48446991e+02, 5.82973572e+02, 4.46214966e+02,
    6.13325745e+02, 4.44515625e+02, 6.43081482e+02, 4.42721344e+02,
    4.26519379e+02, 4.85492554e+02, 4.59520416e+02, 4.82597015e+02,
    4.92029419e+02, 4.79981079e+02, 5.23668640e+02, 4.77812469e+02,
    5.54897583e+02, 4.75093536e+02, 5.85554932e+02, 4.72647003e+02,
    6.15640991e+02, 4.70564178e+02, 6.44783875e+02, 4.68714813e+02 ]
