%YAML:1.0
---
points: [ 2.10590622e+02, 1.18362419e+02, 2.09130386e+02, 1.26777611e+02,
    2.07376770e+02, 1.35106995e+02, 2.06025528e+02, 1.43152466e+02,
    2.04629593e+02, 1.50879578e+02, 2.03468597e+02, 1.58237045e+02,
    2.01987823e+02, 1.65360886e+02, 2.00670776e+02, 1.72622421e+02,
    2.00605072e+02, 1.18114944e+02, 1.99216675e+02, 1.26573959e+02,
    1.97758209e+02, 1.34691681e+02, 1.96247513e+02, 1.42803894e+02,
    1.95142563e+02, 1.50813644e+02, 1.94004593e+02, 1.58714737e+02,
    1.92793182e+02, 1.65715927e+02, 1.91912582e+02, 1.72791046e+02,
    1.89794418e+02, 1.17521439e+02, 1.88767883e+02, 1.26296753e+02,
    1.87797272e+02, 1.34890213e+02, 1.86610443e+02, 1.42980957e+02,
    1.85411972e+02, 1.50592682e+02, 1.84438553e+02, 1.58170181e+02,
    1.83374771e+02, 1.65695251e+02, 1.82562943e+02, 1.73020828e+02,
    1.79450577e+02, 1.17394440e+02, 1.78384430e+02, 1.26161873e+02,
    1.77312027e+02, 1.34471390e+02, 1.76349518e+02, 1.42732086e+02,
    1.75539139e+02, 1.50595734e+02, 1.74552429e+02, 1.58210754e+02,
    1.73923828e+02, 1.65672958e+02, 1.72879227e+02, 1.72640182e+02,
    1.68373932e+02, 1.16916763e+02, 1.67626114e+02, 1.25928185e+02,
    1.66831924e+02, 1.34476822e+02, 1.66322281e+02, 1.42691147e+02,
    1.65460175e+02, 1.50630585e+02, 1.64664963e+02, 1.58612122e+02,
    1.64270279e+02, 1.66330658e+02, 1.63202774e+02, 1.73298035e+02,
    1.57271210e+02, 1.16686562e+02, 1.56614868e+02, 1.25633545e+02,
    1.56076035e+02, 1.34245148e+02, 1.55498825e+02, 1.42738495e+02,
    1.55057693e+02, 1.50724121e+02, 1.54434784e+02, 1.58685074e+02,
    1.54112717e+02, 1.66047958e+02, 1.53721069e+02, 1.73515076e+02 ]
