%YAML:1.0
---
points: [ 3.63778961e+02, 1.46600128e+02, 3.64222839e+02, 1.43472382e+02,
    3.65283752e+02, 1.36452194e+02, 3.66439819e+02, 1.29074921e+02,
    3.67417053e+02, 1.21996086e+02, 3.68588013e+02, 1.14089775e+02,
    3.69867279e+02, 1.06244514e+02, 3.71088928e+02, 9.80322037e+01,
    3.72486938e+02, 1.50591278e+02, 3.73236389e+02, 1.47238312e+02,
    3.75063599e+02, 1.37258743e+02, 3.76414154e+02, 1.29930191e+02,
    3.77858215e+02, 1.22572456e+02, 3.79109314e+02, 1.14794472e+02,
    3.80473785e+02, 1.06911369e+02, 3.82084808e+02, 9.85346527e+01,
    3.82114288e+02, 1.51512497e+02, 3.83636169e+02, 1.44851212e+02,
    3.85069702e+02, 1.37682480e+02, 3.86575897e+02, 1.30573486e+02,
    3.88064362e+02, 1.23181610e+02, 3.89602417e+02, 1.15555557e+02,
    3.91475616e+02, 1.07510757e+02, 3.92923309e+02, 9.93632431e+01,
    3.91523376e+02, 1.52943176e+02, 3.93381561e+02, 1.45731232e+02,
    3.95107422e+02, 1.38563477e+02, 3.96751648e+02, 1.31435501e+02,
    3.98549835e+02, 1.24057892e+02, 4.00392365e+02, 1.16469879e+02,
    4.02233826e+02, 1.08118416e+02, 4.04191040e+02, 9.99238281e+01,
    4.01584076e+02, 1.53639328e+02, 4.03184937e+02, 1.47075485e+02,
    4.05191772e+02, 1.39985672e+02, 4.07107208e+02, 1.32541565e+02,
    4.08967529e+02, 1.24697716e+02, 4.11267578e+02, 1.16887505e+02,
    4.13351440e+02, 1.08937973e+02, 4.15460663e+02, 1.00712784e+02,
    4.11275757e+02, 1.54544006e+02, 4.13342682e+02, 1.47501877e+02,
    4.15560822e+02, 1.40541916e+02, 4.17371948e+02, 1.33539200e+02,
    4.19703186e+02, 1.25777878e+02, 4.21946259e+02, 1.17753136e+02,
    4.24412689e+02, 1.09851646e+02, 4.26705139e+02, 1.01405296e+02 ]
