%YAML:1.0
---
points: [ 3.79912048e+02, 3.23459045e+02, 4.13506744e+02, 3.17553101e+02,
    4.46503632e+02, 3.11791565e+02, 4.78874695e+02, 3.06022980e+02,
    5.10711334e+02, 3.00373932e+02, 5.42422668e+02, 2.94671143e+02,
    5.73251892e+02, 2.89256805e+02, 6.03626648e+02, 2.83860809e+02,
    3.89166748e+02, 3.54131317e+02, 4.22345551e+02, 3.48064758e+02,
    4.55182343e+02, 3.42120270e+02, 4.87378693e+02, 3.36254089e+02,
    5.19222412e+02, 3.30433563e+02, 5.50584106e+02, 3.24667206e+02,
    5.81342468e+02, 3.18910339e+02, 6.11799866e+02, 3.13506805e+02,
    3.98263031e+02, 3.84544342e+02, 4.31510376e+02, 3.78451355e+02,
    4.64028412e+02, 3.72232056e+02, 4.96184418e+02, 3.66175171e+02,
    5.27702698e+02, 3.60177795e+02, 5.59174927e+02, 3.54333893e+02,
    5.89640137e+02, 3.48529266e+02, 6.19576965e+02, 3.42596802e+02,
    4.06976532e+02, 4.14578644e+02, 4.40295502e+02, 4.08380707e+02,
    4.72613861e+02, 4.02162445e+02, 5.04660339e+02, 3.95808380e+02,
    5.36071411e+02, 3.89388855e+02, 5.67197266e+02, 3.83314240e+02,
    5.97483154e+02, 3.77436829e+02, 6.27573975e+02, 3.71463928e+02,
    4.15707123e+02, 4.44707794e+02, 4.48654297e+02, 4.38139526e+02,
    4.81180817e+02, 4.31474640e+02, 5.12783569e+02, 4.24905426e+02,
    5.44308105e+02, 4.18692474e+02, 5.75371155e+02, 4.12494415e+02,
    6.05592163e+02, 4.06448517e+02, 6.35256958e+02, 4.00203918e+02,
    4.24635986e+02, 4.74510529e+02, 4.57432190e+02, 4.67607422e+02,
    4.89803040e+02, 4.60714569e+02, 5.21262634e+02, 4.54362701e+02,
    5.52567383e+02, 4.47608124e+02, 5.83203735e+02, 4.41202454e+02,
    6.13326111e+02, 4.34731720e+02, 6.43042114e+02, 4.28622894e+02 ]
