%YAML:1.0
---
points: [ 8.15057602e+01, 1.37973343e+02, 9.22951050e+01, 1.35949341e+02,
    1.03032997e+02, 1.33680679e+02, 1.13749969e+02, 1.31566971e+02,
    1.24314964e+02, 1.29457840e+02, 1.34533981e+02, 1.27596619e+02,
    1.44898941e+02, 1.25642433e+02, 1.54861023e+02, 1.23633278e+02,
    8.43539352e+01, 1.48240021e+02, 9.51772919e+01, 1.46003922e+02,
    1.06070358e+02, 1.43915253e+02, 1.16572334e+02, 1.41679489e+02,
    1.27053749e+02, 1.39639755e+02, 1.37298950e+02, 1.37597000e+02,
    1.47471054e+02, 1.35548386e+02, 1.57547089e+02, 1.33553055e+02,
    8.72101440e+01, 1.58384033e+02, 9.82254486e+01, 1.56214737e+02,
    1.09000099e+02, 1.54102615e+02, 1.19461754e+02, 1.51747330e+02,
    1.29779739e+02, 1.49743317e+02, 1.40087372e+02, 1.47520294e+02,
    1.49396896e+02, 1.46151276e+02, 1.60142456e+02, 1.43358154e+02,
    9.00611496e+01, 1.68597198e+02, 1.01127686e+02, 1.66199463e+02,
    1.11676430e+02, 1.63930542e+02, 1.22258301e+02, 1.61750244e+02,
    1.32656464e+02, 1.59510086e+02, 1.42836563e+02, 1.57371170e+02,
    1.53046249e+02, 1.55138260e+02, 1.62880463e+02, 1.53046463e+02,
    9.32015076e+01, 1.78678024e+02, 1.03879578e+02, 1.76153824e+02,
    1.14520729e+02, 1.73859726e+02, 1.25000946e+02, 1.71578903e+02,
    1.35476578e+02, 1.69235565e+02, 1.45610992e+02, 1.67017426e+02,
    1.55696945e+02, 1.64950378e+02, 1.65547470e+02, 1.62711243e+02,
    9.62300873e+01, 1.88637909e+02, 1.06822861e+02, 1.86153641e+02,
    1.17560318e+02, 1.83862778e+02, 1.27811012e+02, 1.81488205e+02,
    1.38157959e+02, 1.79138809e+02, 1.48358475e+02, 1.76844925e+02,
    1.58362076e+02, 1.74407104e+02, 1.68181610e+02, 1.72335648e+02 ]
