%YAML:1.0
---
points: [ 3.63437439e+02, 1.50156082e+02, 3.64306702e+02, 1.43409729e+02,
    3.65232910e+02, 1.36574463e+02, 3.66402435e+02, 1.29231934e+02,
    3.67401855e+02, 1.22023094e+02, 3.68519806e+02, 1.14256866e+02,
    3.69834381e+02, 1.06372337e+02, 3.71044952e+02, 9.81923599e+01,
    3.72558319e+02, 1.50582336e+02, 3.73161560e+02, 1.47719498e+02,
    3.75129395e+02, 1.37294205e+02, 3.76395782e+02, 1.30005447e+02,
    3.77872498e+02, 1.22595055e+02, 3.79054474e+02, 1.14895546e+02,
    3.80441376e+02, 1.07057243e+02, 3.81987122e+02, 9.86523514e+01,
    3.82144165e+02, 1.51348999e+02, 3.83667664e+02, 1.44789383e+02,
    3.85059631e+02, 1.37629150e+02, 3.86516449e+02, 1.30650085e+02,
    3.88069733e+02, 1.23267998e+02, 3.89573853e+02, 1.15656464e+02,
    3.91439331e+02, 1.07574852e+02, 3.92903900e+02, 9.94635239e+01,
    3.91593658e+02, 1.52842377e+02, 3.93401123e+02, 1.45686218e+02,
    3.95095673e+02, 1.38607742e+02, 3.96747192e+02, 1.31433167e+02,
    3.98483978e+02, 1.24132782e+02, 4.00372620e+02, 1.16465027e+02,
    4.02174622e+02, 1.08211121e+02, 4.04085754e+02, 9.99385910e+01,
    4.01566437e+02, 1.53618515e+02, 4.03233246e+02, 1.46978699e+02,
    4.05199371e+02, 1.40039062e+02, 4.07142029e+02, 1.32480652e+02,
    4.08970886e+02, 1.24700615e+02, 4.11199463e+02, 1.16934052e+02,
    4.13327240e+02, 1.08961014e+02, 4.15478363e+02, 1.00663567e+02,
    4.11342896e+02, 1.54412537e+02, 4.13381195e+02, 1.47377335e+02,
    4.15499084e+02, 1.40521103e+02, 4.17392975e+02, 1.33525452e+02,
    4.19755188e+02, 1.25754105e+02, 4.21859894e+02, 1.17691444e+02,
    4.24398895e+02, 1.09861526e+02, 4.26689575e+02, 1.01426849e+02 ]
