%YAML:1.0
---
points: [ 1.24658020e+03, 2.70395569e+02, 1.28151697e+03, 2.65699310e+02,
    1.31755908e+03, 2.60840271e+02, 1.35503406e+03, 2.55715088e+02,
    1.39389709e+03, 2.50367691e+02, 1.43429468e+03, 2.44862152e+02,
    1.47611121e+03, 2.39308228e+02, 1.51955579e+03, 2.33459686e+02,
    1.24708984e+03, 3.05452118e+02, 1.28141748e+03, 3.01556946e+02,
    1.31755920e+03, 2.97491180e+02, 1.35478455e+03, 2.93188599e+02,
    1.39383484e+03, 2.88570190e+02, 1.43431763e+03, 2.83986877e+02,
    1.47592847e+03, 2.78954620e+02, 1.51966516e+03, 2.74174744e+02,
    1.24745703e+03, 3.40438568e+02, 1.28230969e+03, 3.37437653e+02,
    1.31816309e+03, 3.33975311e+02, 1.35533960e+03, 3.30260071e+02,
    1.39398022e+03, 3.26533447e+02, 1.43417944e+03, 3.22659973e+02,
    1.47606506e+03, 3.18473724e+02, 1.51917920e+03, 3.14245850e+02,
    1.24742810e+03, 3.75277863e+02, 1.28250427e+03, 3.72583771e+02,
    1.31830249e+03, 3.69892242e+02, 1.35545837e+03, 3.66946442e+02,
    1.39395154e+03, 3.63829926e+02, 1.43411743e+03, 3.60783112e+02,
    1.47596704e+03, 3.57571594e+02, 1.51924902e+03, 3.54376923e+02,
    1.24765601e+03, 4.09477325e+02, 1.28225952e+03, 4.07626129e+02,
    1.31826038e+03, 4.05671967e+02, 1.35510461e+03, 4.03357330e+02,
    1.39410925e+03, 4.01262970e+02, 1.43423108e+03, 3.98857635e+02,
    1.47578027e+03, 3.96570465e+02, 1.51884705e+03, 3.93958679e+02,
    1.24834631e+03, 4.43897095e+02, 1.28270105e+03, 4.42723114e+02,
    1.31845520e+03, 4.41183777e+02, 1.35520227e+03, 4.39720459e+02,
    1.39419482e+03, 4.38297638e+02, 1.43411987e+03, 4.36679413e+02,
    1.47575305e+03, 4.34986176e+02, 1.51859851e+03, 4.33461670e+02 ]
