%YAML:1.0
---
points: [ 3.76440277e+02, 1.16361954e+02, 3.88695648e+02, 1.14780045e+02,
    4.01097046e+02, 1.13062553e+02, 4.14134460e+02, 1.11309166e+02,
    4.27432587e+02, 1.09607025e+02, 4.41141815e+02, 1.07882713e+02,
    4.55249481e+02, 1.06225006e+02, 4.69470764e+02, 1.04345360e+02,
    3.76683044e+02, 1.28207977e+02, 3.88740479e+02, 1.26855476e+02,
    4.01398773e+02, 1.25477127e+02, 4.14409210e+02, 1.23958542e+02,
    4.27715881e+02, 1.22471489e+02, 4.41493164e+02, 1.20869354e+02,
    4.55513794e+02, 1.19272530e+02, 4.69830017e+02, 1.18052551e+02,
    3.76894348e+02, 1.40087006e+02, 3.89118134e+02, 1.38999176e+02,
    4.01775269e+02, 1.37743851e+02, 4.14655914e+02, 1.36427917e+02,
    4.28054993e+02, 1.35059143e+02, 4.41724182e+02, 1.33813293e+02,
    4.55842041e+02, 1.32672165e+02, 4.70055328e+02, 1.31183365e+02,
    3.76976227e+02, 1.51837158e+02, 3.89290833e+02, 1.50932098e+02,
    4.01927185e+02, 1.49891159e+02, 4.14805573e+02, 1.48866714e+02,
    4.28149017e+02, 1.47779785e+02, 4.41903473e+02, 1.46697113e+02,
    4.55986298e+02, 1.45672333e+02, 4.70356323e+02, 1.44762878e+02,
    3.77222992e+02, 1.63585983e+02, 3.89343506e+02, 1.62726593e+02,
    4.02000275e+02, 1.62001663e+02, 4.14917206e+02, 1.61196609e+02,
    4.28345337e+02, 1.60361115e+02, 4.42063477e+02, 1.59542435e+02,
    4.56172577e+02, 1.58811142e+02, 4.70600311e+02, 1.57772980e+02,
    3.77460846e+02, 1.75278214e+02, 3.89695312e+02, 1.74742142e+02,
    4.02214874e+02, 1.74113876e+02, 4.15070221e+02, 1.73524323e+02,
    4.28549835e+02, 1.72859604e+02, 4.42302094e+02, 1.72452042e+02,
    4.56313599e+02, 1.71665329e+02, 4.70928131e+02, 1.71258896e+02 ]
