%YAML:1.0
---
points: [ 2.52044571e+02, 2.43529739e+02, 2.59303497e+02, 2.41401474e+02,
    2.66686462e+02, 2.39361038e+02, 2.74425812e+02, 2.37287033e+02,
    2.82152985e+02, 2.35043884e+02, 2.89946381e+02, 2.32965134e+02,
    2.97801025e+02, 2.30845108e+02, 3.05798401e+02, 2.28709198e+02,
    2.54555786e+02, 2.50625015e+02, 2.61858337e+02, 2.48951248e+02,
    2.69553345e+02, 2.46638229e+02, 2.77131104e+02, 2.44684982e+02,
    2.84734222e+02, 2.42713776e+02, 2.92636200e+02, 2.40438400e+02,
    3.00462952e+02, 2.38421997e+02, 3.08372650e+02, 2.36319885e+02,
    2.57381195e+02, 2.57755432e+02, 2.64805908e+02, 2.55834244e+02,
    2.72249481e+02, 2.53776993e+02, 2.79755829e+02, 2.51909546e+02,
    2.87373138e+02, 2.49814499e+02, 2.95182892e+02, 2.47819183e+02,
    3.03042297e+02, 2.45794250e+02, 3.10979126e+02, 2.43939316e+02,
    2.59911133e+02, 2.65226105e+02, 2.67237762e+02, 2.63082489e+02,
    2.74881714e+02, 2.61104980e+02, 2.82241394e+02, 2.59165527e+02,
    2.90526855e+02, 2.57704803e+02, 2.97555603e+02, 2.55371811e+02,
    3.05585449e+02, 2.53256668e+02, 3.13497498e+02, 2.51291031e+02,
    2.62563812e+02, 2.72334808e+02, 2.69881104e+02, 2.70279236e+02,
    2.77251434e+02, 2.68353912e+02, 2.84845642e+02, 2.66411560e+02,
    2.92381317e+02, 2.63866608e+02, 3.00412079e+02, 2.62655243e+02,
    3.08195099e+02, 2.60746124e+02, 3.16055603e+02, 2.58915558e+02,
    2.65125031e+02, 2.79237762e+02, 2.72442108e+02, 2.77345795e+02,
    2.80056976e+02, 2.75531281e+02, 2.87481476e+02, 2.73683472e+02,
    2.95095428e+02, 2.71655060e+02, 3.02836823e+02, 2.69782288e+02,
    3.10730621e+02, 2.68054474e+02, 3.18616394e+02, 2.66073730e+02 ]
