%YAML:1.0
---
points: [ 4.06853851e+02, 1.07319359e+02, 4.15559509e+02, 1.06192070e+02,
    4.24452911e+02, 1.05131897e+02, 4.33626404e+02, 1.03789185e+02,
    4.42614838e+02, 1.02642815e+02, 4.51770782e+02, 1.01420212e+02,
    4.61119537e+02, 1.00448021e+02, 4.70289642e+02, 9.91718597e+01,
    4.07096313e+02, 1.15488121e+02, 4.15862366e+02, 1.14398056e+02,
    4.24798218e+02, 1.13356934e+02, 4.33799561e+02, 1.12242165e+02,
    4.42850159e+02, 1.11117966e+02, 4.52102509e+02, 1.10088913e+02,
    4.61369873e+02, 1.09047318e+02, 4.70830627e+02, 1.08111748e+02,
    4.07487518e+02, 1.23761841e+02, 4.16246277e+02, 1.22713432e+02,
    4.25125977e+02, 1.21876030e+02, 4.34047485e+02, 1.20621559e+02,
    4.43197449e+02, 1.19781242e+02, 4.52531006e+02, 1.18622383e+02,
    4.61864349e+02, 1.17673729e+02, 4.71026978e+02, 1.16611122e+02,
    4.07691193e+02, 1.31687073e+02, 4.16733643e+02, 1.30947525e+02,
    4.25497314e+02, 1.29936386e+02, 4.34589722e+02, 1.29056122e+02,
    4.43738708e+02, 1.28018768e+02, 4.52839264e+02, 1.27284187e+02,
    4.62243256e+02, 1.26251015e+02, 4.71659760e+02, 1.25348282e+02,
    4.08092499e+02, 1.40025894e+02, 4.16763000e+02, 1.39058365e+02,
    4.25777954e+02, 1.38240082e+02, 4.34763855e+02, 1.37459076e+02,
    4.43881287e+02, 1.36534988e+02, 4.53166473e+02, 1.35548615e+02,
    4.62726807e+02, 1.34779129e+02, 4.71870605e+02, 1.33815842e+02,
    4.08348633e+02, 1.48110443e+02, 4.17106445e+02, 1.47328339e+02,
    4.26022247e+02, 1.46581467e+02, 4.34892975e+02, 1.45748413e+02,
    4.44252563e+02, 1.44895844e+02, 4.53643402e+02, 1.44220261e+02,
    4.62812347e+02, 1.43306915e+02, 4.72235138e+02, 1.42741241e+02 ]
