%YAML:1.0
---
points: [ 1.35938440e+03, 2.43974396e+02, 1.38542676e+03, 2.40357422e+02,
    1.41171521e+03, 2.36785568e+02, 1.43853223e+03, 2.33266159e+02,
    1.46603345e+03, 2.29289948e+02, 1.49424438e+03, 2.25425308e+02,
    1.52272046e+03, 2.21565018e+02, 1.55180408e+03, 2.17609787e+02,
    1.35987842e+03, 2.68251312e+02, 1.38568408e+03, 2.64995667e+02,
    1.41219348e+03, 2.61672852e+02, 1.43890210e+03, 2.58457855e+02,
    1.46636633e+03, 2.55012726e+02, 1.49462830e+03, 2.51371078e+02,
    1.52310767e+03, 2.47647614e+02, 1.55226575e+03, 2.44209763e+02,
    1.36051868e+03, 2.92499695e+02, 1.38638745e+03, 2.89729004e+02,
    1.41259827e+03, 2.86616760e+02, 1.43942346e+03, 2.83497437e+02,
    1.46683093e+03, 2.80405762e+02, 1.49493030e+03, 2.77072632e+02,
    1.52341895e+03, 2.73699402e+02, 1.55254492e+03, 2.70363373e+02,
    1.36093115e+03, 3.16679047e+02, 1.38687927e+03, 3.14011871e+02,
    1.41312659e+03, 3.11351593e+02, 1.43986023e+03, 3.08431244e+02,
    1.46741016e+03, 3.05376862e+02, 1.49543518e+03, 3.02520203e+02,
    1.52368579e+03, 2.99486969e+02, 1.55301477e+03, 2.96454498e+02,
    1.36147253e+03, 3.40546814e+02, 1.38726648e+03, 3.38332428e+02,
    1.41352100e+03, 3.35654846e+02, 1.44035254e+03, 3.33264923e+02,
    1.46784839e+03, 3.30514465e+02, 1.49574280e+03, 3.28055634e+02,
    1.52432666e+03, 3.25195374e+02, 1.55329077e+03, 3.22412872e+02,
    1.36221924e+03, 3.64646576e+02, 1.38776868e+03, 3.62479584e+02,
    1.41410950e+03, 3.60305267e+02, 1.44075439e+03, 3.57869965e+02,
    1.46817664e+03, 3.55624390e+02, 1.49613843e+03, 3.53358673e+02,
    1.52451660e+03, 3.50712250e+02, 1.55347705e+03, 3.48371460e+02 ]
