%YAML:1.0
---
points: [ 1.34271741e+03, 3.30564911e+02, 1.35652625e+03, 3.09564209e+02,
    1.37023267e+03, 2.88350403e+02, 1.38407886e+03, 2.66952728e+02,
    1.39776038e+03, 2.45297760e+02, 1.41189417e+03, 2.23438354e+02,
    1.42591760e+03, 2.01203812e+02, 1.44016699e+03, 1.78846329e+02,
    1.36417480e+03, 3.40602722e+02, 1.37806750e+03, 3.19328766e+02,
    1.39211572e+03, 2.98144226e+02, 1.40601697e+03, 2.76635071e+02,
    1.42027380e+03, 2.54783325e+02, 1.43445435e+03, 2.32813965e+02,
    1.44869617e+03, 2.10388062e+02, 1.46313000e+03, 1.88154800e+02,
    1.38574878e+03, 3.50917725e+02, 1.40033887e+03, 3.29910950e+02,
    1.41435474e+03, 3.08439911e+02, 1.42856995e+03, 2.86589417e+02,
    1.44288733e+03, 2.64508087e+02, 1.45739331e+03, 2.42483170e+02,
    1.47192981e+03, 2.19829102e+02, 1.48640979e+03, 1.97254135e+02,
    1.40812427e+03, 3.61377533e+02, 1.42258435e+03, 3.40238708e+02,
    1.43704248e+03, 3.18560883e+02, 1.45145862e+03, 2.96644653e+02,
    1.46583618e+03, 2.74269043e+02, 1.48067419e+03, 2.51854721e+02,
    1.49549084e+03, 2.29658691e+02, 1.51015747e+03, 2.06762070e+02,
    1.43074548e+03, 3.72113556e+02, 1.44544763e+03, 3.50528717e+02,
    1.46009717e+03, 3.28738281e+02, 1.47468176e+03, 3.06518402e+02,
    1.48949255e+03, 2.84521393e+02, 1.50444983e+03, 2.62261139e+02,
    1.51946570e+03, 2.39424866e+02, 1.53441187e+03, 2.16418320e+02,
    1.45407837e+03, 3.83186127e+02, 1.46886914e+03, 3.61472351e+02,
    1.48370874e+03, 3.39377136e+02, 1.49856470e+03, 3.17097900e+02,
    1.51370544e+03, 2.94864197e+02, 1.52874023e+03, 2.72309814e+02,
    1.54397095e+03, 2.49369476e+02, 1.55915662e+03, 2.26230377e+02 ]
