%YAML:1.0
---
points: [ 4.01708405e+02, 1.36549789e+02, 4.06096741e+02, 1.29473404e+02,
    4.10836700e+02, 1.22226868e+02, 4.15164734e+02, 1.15044807e+02,
    4.19774689e+02, 1.07820755e+02, 4.24188385e+02, 1.00643074e+02,
    4.28755493e+02, 9.31787643e+01, 4.33190857e+02, 8.59318848e+01,
    4.09175964e+02, 1.40005997e+02, 4.13524689e+02, 1.32644608e+02,
    4.18204224e+02, 1.25661690e+02, 4.22718872e+02, 1.18275436e+02,
    4.27203918e+02, 1.11016335e+02, 4.31872131e+02, 1.03765343e+02,
    4.36344849e+02, 9.63840637e+01, 4.40952606e+02, 8.89291000e+01,
    4.16571655e+02, 1.43506973e+02, 4.21180603e+02, 1.36314758e+02,
    4.25864532e+02, 1.29094116e+02, 4.30398193e+02, 1.21753105e+02,
    4.35062775e+02, 1.14380745e+02, 4.39596771e+02, 1.07059517e+02,
    4.44223724e+02, 9.95377884e+01, 4.48648682e+02, 9.22137680e+01,
    4.24014771e+02, 1.46932922e+02, 4.28921570e+02, 1.39782059e+02,
    4.33602966e+02, 1.32410858e+02, 4.38287628e+02, 1.25121704e+02,
    4.42824127e+02, 1.17590019e+02, 4.47520264e+02, 1.10161118e+02,
    4.52180542e+02, 1.02944176e+02, 4.56597809e+02, 9.53338089e+01,
    4.32067383e+02, 1.50451736e+02, 4.36719910e+02, 1.43250565e+02,
    4.41399170e+02, 1.35934647e+02, 4.46197845e+02, 1.28555374e+02,
    4.50860077e+02, 1.21175354e+02, 4.55378174e+02, 1.13730255e+02,
    4.60116852e+02, 1.06154961e+02, 4.64614410e+02, 9.87585754e+01,
    4.39868713e+02, 1.54265640e+02, 4.44722656e+02, 1.46944229e+02,
    4.49387939e+02, 1.39542038e+02, 4.54266968e+02, 1.32043655e+02,
    4.58745605e+02, 1.24739059e+02, 4.63664032e+02, 1.17211906e+02,
    4.68014008e+02, 1.09676643e+02, 4.72800995e+02, 1.02152954e+02 ]
