%YAML:1.0
---
points: [ 2.52009048e+02, 2.43509827e+02, 2.59252167e+02, 2.41384781e+02,
    2.66766815e+02, 2.39286499e+02, 2.74396393e+02, 2.37260605e+02,
    2.82150208e+02, 2.35091919e+02, 2.89934998e+02, 2.32990051e+02,
    2.97811615e+02, 2.30817337e+02, 3.05828308e+02, 2.28725296e+02,
    2.54520615e+02, 2.50586136e+02, 2.61897858e+02, 2.48922165e+02,
    2.69554993e+02, 2.46653595e+02, 2.77113831e+02, 2.44676620e+02,
    2.84756531e+02, 2.42696442e+02, 2.92621277e+02, 2.40436340e+02,
    3.00466614e+02, 2.38451248e+02, 3.08381622e+02, 2.36274094e+02,
    2.57380981e+02, 2.57756836e+02, 2.64747406e+02, 2.55839447e+02,
    2.72204071e+02, 2.53758408e+02, 2.79777405e+02, 2.51904816e+02,
    2.87364838e+02, 2.49787201e+02, 2.95167725e+02, 2.47821075e+02,
    3.02991669e+02, 2.45782990e+02, 3.11017609e+02, 2.43911026e+02,
    2.59871887e+02, 2.65184418e+02, 2.67276855e+02, 2.63052307e+02,
    2.74926819e+02, 2.61116669e+02, 2.82279083e+02, 2.59185364e+02,
    2.90531830e+02, 2.57746918e+02, 2.97479340e+02, 2.55431931e+02,
    3.05621918e+02, 2.53258240e+02, 3.13475159e+02, 2.51295715e+02,
    2.62497406e+02, 2.72329254e+02, 2.69871826e+02, 2.70286011e+02,
    2.77292877e+02, 2.68352844e+02, 2.84892578e+02, 2.66405426e+02,
    2.92388031e+02, 2.63842987e+02, 3.00395325e+02, 2.62606110e+02,
    3.08185272e+02, 2.60786163e+02, 3.16058167e+02, 2.58909180e+02,
    2.65135071e+02, 2.79234314e+02, 2.72452759e+02, 2.77350311e+02,
    2.80049805e+02, 2.75474121e+02, 2.87465546e+02, 2.73744141e+02,
    2.95121857e+02, 2.71660431e+02, 3.02812317e+02, 2.69780975e+02,
    3.10727814e+02, 2.67988556e+02, 3.18592285e+02, 2.66142303e+02 ]
