%YAML:1.0
---
cameraMatrix: !!opencv-matrix
   rows: 3
   cols: 3
   dt: d
   data: [ 1.1491139329191112e+03, 0., 9.4771759432306601e+02, 0.,
       1.1497692002856381e+03, 4.3856223733855694e+02, 0., 0., 1. ]
distortionCoefficients: !!opencv-matrix
   rows: 1
   cols: 5
   dt: d
   data: [ 1.5088533167837698e-01, -1.8278224993208997e-01,
       -2.9896151055441769e-02, -5.5962783111172601e-03,
       7.0602975540004664e-02 ]
rotation: !!opencv-matrix
   rows: 3
   cols: 3
   dt: d
   data: [ 1., 0., 0., 0., 1., 0., 0., 0., 1. ]
projection: !!opencv-matrix
   rows: 4
   cols: 4
   dt: d
   data: [ 1.1491139329191112e+03, 0., 9.4771759432306601e+02, 0., 0.,
       1.1497692002856381e+03, 4.3856223733855694e+02, 0., 0., 0., 1.,
       0., 0., 0., 0., 1. ]
