%YAML:1.0
---
cameraMatrix: !!opencv-matrix
   rows: 3
   cols: 3
   dt: d
   data: [ 3.872e+02, 0., 2.49e+02, 0.,
       3.8625e+02, 1.9685237667600120e+02, 0., 0., 1. ]
distortionCoefficients: !!opencv-matrix
   rows: 1
   cols: 5
   dt: d
   data: [ 1.4392972520347080e-01, -3.8405530050309294e-01,
       -7.6326800699991586e-03, -1.3393768934645994e-03,
       1.8678698712896982e-01 ]
rotation: !!opencv-matrix
   rows: 3
   cols: 3
   dt: d
   data: [ 1., 0., 0., 0., 1., 0., 0., 0., 1. ]
projection: !!opencv-matrix
   rows: 4
   cols: 4
   dt: d
   data: [ 3.8727519605868139e+02, 0., 2.5434608811876495e+02, 0., 0.,
       3.8625604638332180e+02, 1.9685237667600120e+02, 0., 0., 0., 1.,
       0., 0., 0., 0., 1. ]
