%YAML:1.0
---
depthShift: 1.4986828112266492e+01
