%YAML:1.0
---
rotation: !!opencv-matrix
   rows: 3
   cols: 3
   dt: d
   data: [ 9.9978372076134336e-01, -1.0383097387121152e-02,
       -1.8019516898455806e-02, 1.1377951104334316e-02,
       9.9836507830703347e-01, 5.6015289391901701e-02,
       1.7408444194457872e-02, -5.6208199629953243e-02,
       9.9826729104237799e-01 ]
translation: !!opencv-matrix
   rows: 3
   cols: 1
   dt: d
   data: [ -2.4144639283779634e-02, 1.8564792916115963e-03,
       6.6567352320045653e-03 ]
essential: !!opencv-matrix
   rows: 3
   cols: 3
   dt: d
   data: [ -4.3421591838060334e-05, -6.7502013498012053e-03,
       1.4803836028873774e-03, 7.0756161239436417e-03,
       -1.4262442350500809e-03, 2.3982852498012425e-02,
       -2.1307942988864591e-03, -2.4085888683963753e-02,
       -1.3190160967771660e-03 ]
fundamental: !!opencv-matrix
   rows: 3
   cols: 3
   dt: d
   data: [ -1.5705766420895046e-07, -2.4480174694146938e-05,
       6.9326343264605825e-03, 2.5578205738042967e-05,
       -5.1694472369170824e-06, 2.8087698542125197e-02,
       -1.9925204871230798e-02, -7.4907119352678311e-02, 1. ]
