%YAML:1.0
---
points: [ 1.13320435e+03, 3.69032593e+02, 1.13899707e+03, 4.62884186e+02,
    1.14456860e+03, 5.55607849e+02, 1.15121680e+03, 6.47767273e+02,
    1.15769800e+03, 7.40059509e+02, 1.04043738e+03, 3.75493805e+02,
    1.04666565e+03, 4.69723083e+02, 1.05286084e+03, 5.62649658e+02,
    1.05944177e+03, 6.55107727e+02, 1.06599463e+03, 7.47963806e+02,
    9.46657898e+02, 3.81956329e+02, 9.53587524e+02, 4.76432556e+02,
    9.60419922e+02, 5.70041504e+02, 9.66985474e+02, 6.62505615e+02,
    9.73716797e+02, 7.55484253e+02, 8.52372009e+02, 3.87996918e+02,
    8.59731567e+02, 4.82955841e+02, 8.67243469e+02, 5.76755310e+02,
    8.74322083e+02, 6.70149902e+02, 8.80809998e+02, 7.63611267e+02,
    7.56485046e+02, 3.94329651e+02, 7.64728516e+02, 4.89765533e+02,
    7.72462097e+02, 5.84212280e+02, 7.80031006e+02, 6.77666870e+02,
    7.86552551e+02, 7.71543823e+02, 6.59139954e+02, 4.00458344e+02,
    6.67725403e+02, 4.96639679e+02, 6.75848328e+02, 5.91859314e+02,
    6.83841919e+02, 6.86200928e+02, 6.91064575e+02, 7.80328308e+02,
    5.59505127e+02, 4.06382965e+02, 5.68806580e+02, 5.03338715e+02,
    5.77532349e+02, 5.99413696e+02, 5.86109680e+02, 6.94571655e+02,
    5.94368042e+02, 7.88948975e+02 ]
