%YAML:1.0
---
points: [ 3.69439941e+02, 1.50141098e+02, 3.71466278e+02, 1.82179062e+02,
    3.73599091e+02, 2.13602982e+02, 3.76035339e+02, 2.45084045e+02,
    3.78384064e+02, 2.76243561e+02, 3.38176575e+02, 1.52647888e+02,
    3.40091522e+02, 1.84515259e+02, 3.42447876e+02, 2.16163391e+02,
    3.44611420e+02, 2.47483994e+02, 3.47442383e+02, 2.79285767e+02,
    3.06807953e+02, 1.55225342e+02, 3.08882019e+02, 1.86956482e+02,
    3.10834473e+02, 2.18978348e+02, 3.13656311e+02, 2.50335663e+02,
    3.16041748e+02, 2.81893127e+02, 2.74879761e+02, 1.57325302e+02,
    2.77120728e+02, 1.89850983e+02, 2.79674194e+02, 2.21690186e+02,
    2.81982269e+02, 2.53315201e+02, 2.84786163e+02, 2.85186188e+02,
    2.42200394e+02, 1.60063019e+02, 2.45317490e+02, 1.92335648e+02,
    2.47970459e+02, 2.24671265e+02, 2.50661713e+02, 2.55790588e+02,
    2.52846970e+02, 2.87489349e+02, 2.09900314e+02, 1.62622849e+02,
    2.14057831e+02, 1.95624191e+02, 2.15983704e+02, 2.26985718e+02,
    2.18648041e+02, 2.59246429e+02, 2.21243210e+02, 2.90827148e+02,
    1.75571671e+02, 1.63694412e+02, 1.80561737e+02, 1.97742508e+02,
    1.83363571e+02, 2.30242386e+02, 1.86194092e+02, 2.62107727e+02,
    1.88767654e+02, 2.94083679e+02 ]
