%YAML:1.0
---
points: [ 3.51792969e+02, 9.24691925e+01, 3.51829102e+02, 1.30530197e+02,
    3.52726135e+02, 1.66798874e+02, 3.52723328e+02, 2.02890945e+02,
    3.52419342e+02, 2.37855682e+02, 3.19876770e+02, 9.88393555e+01,
    3.21119080e+02, 1.34008575e+02, 3.21937134e+02, 1.68089935e+02,
    3.22489868e+02, 2.01782471e+02, 3.22630707e+02, 2.34852692e+02,
    2.92807770e+02, 1.04246895e+02, 2.94119080e+02, 1.37275742e+02,
    2.95080444e+02, 1.69247574e+02, 2.95900330e+02, 2.00823929e+02,
    2.96183716e+02, 2.31776291e+02, 2.68572906e+02, 1.09079803e+02,
    2.69919159e+02, 1.40127365e+02, 2.71288300e+02, 1.70316101e+02,
    2.72270447e+02, 1.99901306e+02, 2.72824829e+02, 2.29213913e+02,
    2.47634354e+02, 1.13432236e+02, 2.48670670e+02, 1.42620712e+02,
    2.50076004e+02, 1.71176483e+02, 2.51380508e+02, 1.99188416e+02,
    2.52301605e+02, 2.26730072e+02, 2.28170380e+02, 1.16995689e+02,
    2.29572906e+02, 1.44819763e+02, 2.30642014e+02, 1.71937912e+02,
    2.32299667e+02, 1.98530426e+02, 2.33506866e+02, 2.24741409e+02,
    2.10350739e+02, 1.20320564e+02, 2.11974548e+02, 1.46758881e+02,
    2.13428177e+02, 1.72525635e+02, 2.15089478e+02, 1.97977036e+02,
    2.16692169e+02, 2.22827606e+02 ]
