%YAML:1.0
---
points: [ 1.14440393e+03, 3.65228485e+02, 1.14815051e+03, 4.54492493e+02,
    1.15179907e+03, 5.46671448e+02, 1.15650000e+03, 6.42097717e+02,
    1.16145312e+03, 7.41981873e+02, 1.05223499e+03, 3.64628204e+02,
    1.05414307e+03, 4.54363159e+02, 1.05608069e+03, 5.46625183e+02,
    1.05875830e+03, 6.42200928e+02, 1.06122986e+03, 7.42028259e+02,
    9.59504822e+02, 3.64092407e+02, 9.59894714e+02, 4.54188354e+02,
    9.60319397e+02, 5.46484863e+02, 9.60582764e+02, 6.42420227e+02,
    9.60846130e+02, 7.42484192e+02, 8.66399109e+02, 3.63600830e+02,
    8.65469849e+02, 4.53350220e+02, 8.64298035e+02, 5.46380859e+02,
    8.62500366e+02, 6.42585571e+02, 8.60174622e+02, 7.43037354e+02,
    7.73074402e+02, 3.63534393e+02, 7.70050110e+02, 4.52997620e+02,
    7.66848389e+02, 5.46307739e+02, 7.63460632e+02, 6.42925415e+02,
    7.58689148e+02, 7.43710815e+02, 6.78063049e+02, 3.62210876e+02,
    6.73680420e+02, 4.52578339e+02, 6.68630737e+02, 5.46095520e+02,
    6.63158020e+02, 6.43535156e+02, 6.55977905e+02, 7.44611206e+02,
    5.81969604e+02, 3.60777222e+02, 5.75846436e+02, 4.51841431e+02,
    5.69897217e+02, 5.46401917e+02, 5.61473022e+02, 6.43827148e+02,
    5.52956299e+02, 7.45538391e+02 ]
