%YAML:1.0
---
points: [ 3.44828033e+02, 1.44175400e+02, 3.46781738e+02, 1.81331406e+02,
    3.47801544e+02, 2.19793472e+02, 3.50118408e+02, 2.54606110e+02,
    3.51509064e+02, 2.91816376e+02, 3.17012146e+02, 1.50404556e+02,
    3.18892242e+02, 1.84240982e+02, 3.20916229e+02, 2.18305222e+02,
    3.22135559e+02, 2.52529587e+02, 3.22940216e+02, 2.87100464e+02,
    2.93415894e+02, 1.55801773e+02, 2.95224487e+02, 1.87289261e+02,
    2.96816315e+02, 2.18855423e+02, 2.98245636e+02, 2.50433563e+02,
    2.98840912e+02, 2.82717865e+02, 2.72827545e+02, 1.60431076e+02,
    2.74308197e+02, 1.89949936e+02, 2.76029419e+02, 2.19425629e+02,
    2.77099518e+02, 2.48920380e+02, 2.77845520e+02, 2.78980499e+02,
    2.55186386e+02, 1.64580917e+02, 2.56240204e+02, 1.92113983e+02,
    2.57635803e+02, 2.19960632e+02, 2.58925873e+02, 2.47609207e+02,
    2.59721863e+02, 2.75767517e+02, 2.39047043e+02, 1.68153488e+02,
    2.40111923e+02, 1.94133820e+02, 2.40908905e+02, 2.20416061e+02,
    2.42327271e+02, 2.46462433e+02, 2.43396667e+02, 2.73023315e+02,
    2.24176926e+02, 1.71165405e+02, 2.25326065e+02, 1.96038223e+02,
    2.26323380e+02, 2.20651932e+02, 2.27586166e+02, 2.45668716e+02,
    2.28802460e+02, 2.70514221e+02 ]
