%YAML:1.0
---
points: [ 1.03647607e+03, 3.50746857e+02, 1.04109924e+03, 4.58933289e+02,
    1.04570178e+03, 5.66792297e+02, 1.04760767e+03, 6.75262634e+02,
    1.04941809e+03, 7.85070984e+02, 9.68470459e+02, 3.67934875e+02,
    9.73741089e+02, 4.68269836e+02, 9.78150879e+02, 5.68252197e+02,
    9.79976807e+02, 6.68613464e+02, 9.80272888e+02, 7.70284729e+02,
    9.10907349e+02, 3.82799500e+02, 9.15558838e+02, 4.76301575e+02,
    9.19199219e+02, 5.69552368e+02, 9.21579407e+02, 6.62742432e+02,
    9.21856079e+02, 7.57398499e+02, 8.60580078e+02, 3.95878998e+02,
    8.64027954e+02, 4.83130737e+02, 8.68137817e+02, 5.70414368e+02,
    8.70505554e+02, 6.57918030e+02, 8.70552429e+02, 7.46226379e+02,
    8.17308777e+02, 4.07431610e+02, 8.19446960e+02, 4.89317902e+02,
    8.22691101e+02, 5.71405212e+02, 8.25462402e+02, 6.53665222e+02,
    8.26725037e+02, 7.36482910e+02, 7.76982056e+02, 4.17427948e+02,
    7.79611633e+02, 4.94710388e+02, 7.81276001e+02, 5.72171448e+02,
    7.84585571e+02, 6.49801147e+02, 7.86316772e+02, 7.28108582e+02,
    7.40016663e+02, 4.26152618e+02, 7.42667786e+02, 4.99500702e+02,
    7.45015747e+02, 5.73118347e+02, 7.47957581e+02, 6.46453308e+02,
    7.50493713e+02, 7.20353210e+02 ]
