%YAML:1.0
---
points: [ 9.87019653e+02, 2.82633789e+02, 9.96574036e+02, 3.88574615e+02,
    1.00603552e+03, 4.98350708e+02, 1.01279431e+03, 6.12292297e+02,
    1.02015430e+03, 7.32074768e+02, 9.16490234e+02, 3.20081909e+02,
    9.24756470e+02, 4.19505493e+02, 9.32504517e+02, 5.21757385e+02,
    9.37815918e+02, 6.27887451e+02, 9.41627197e+02, 7.38972107e+02,
    8.55777161e+02, 3.53067993e+02, 8.62552490e+02, 4.46163208e+02,
    8.68555054e+02, 5.42089417e+02, 8.73245361e+02, 6.41305237e+02,
    8.75571655e+02, 7.44944092e+02, 8.02892212e+02, 3.81589783e+02,
    8.07228149e+02, 4.69352295e+02, 8.12589661e+02, 5.59664612e+02,
    8.16552368e+02, 6.53165588e+02, 8.17437256e+02, 7.50232178e+02,
    7.56852661e+02, 4.07433838e+02, 7.59239990e+02, 4.89990082e+02,
    7.63370178e+02, 5.75424744e+02, 7.66530029e+02, 6.63479736e+02,
    7.67078491e+02, 7.54961243e+02, 7.14390747e+02, 4.29798370e+02,
    7.16546692e+02, 5.08484955e+02, 7.18796936e+02, 5.89415039e+02,
    7.22044189e+02, 6.72621338e+02, 7.21706482e+02, 7.59209412e+02,
    6.75589905e+02, 4.50094666e+02, 6.77724365e+02, 5.24999512e+02,
    6.81327271e+02, 6.01915771e+02, 6.81508667e+02, 6.81106750e+02,
    6.81654419e+02, 7.62927002e+02 ]
