%YAML:1.0
---
points: [ 1.08151978e+03, 3.82507141e+02, 1.08413806e+03, 4.65372925e+02,
    1.08618079e+03, 5.46278870e+02, 1.09107214e+03, 6.26010925e+02,
    1.09579565e+03, 7.05080750e+02, 1.03258289e+03, 3.83050537e+02,
    1.03481824e+03, 4.70716614e+02, 1.03784814e+03, 5.56439697e+02,
    1.04285242e+03, 6.40713867e+02, 1.04891077e+03, 7.24513123e+02,
    9.76266968e+02, 3.83549194e+02, 9.79735535e+02, 4.76762848e+02,
    9.83665161e+02, 5.67951538e+02, 9.88588501e+02, 6.57516846e+02,
    9.95293640e+02, 7.46316833e+02, 9.12147400e+02, 3.83999847e+02,
    9.17692993e+02, 4.83604065e+02, 9.21833069e+02, 5.81089355e+02,
    9.27481384e+02, 6.76454346e+02, 9.34548096e+02, 7.71178162e+02,
    8.37486084e+02, 3.84815613e+02, 8.45123962e+02, 4.91686493e+02,
    8.51073669e+02, 5.96244934e+02, 8.57184631e+02, 6.98329407e+02,
    8.64148865e+02, 7.99515442e+02, 7.52279297e+02, 3.85248871e+02,
    7.61216125e+02, 5.00992249e+02, 7.70106689e+02, 6.13645447e+02,
    7.76422791e+02, 7.24084290e+02, 7.83755249e+02, 8.32807312e+02,
    6.52473328e+02, 3.85431580e+02, 6.63454285e+02, 5.11640930e+02,
    6.73326904e+02, 6.34433594e+02, 6.81668823e+02, 7.54293274e+02,
    6.89467896e+02, 8.71912415e+02 ]
