%YAML:1.0
---
points: [ 3.79671783e+02, 1.15307373e+02, 3.77295654e+02, 1.50415771e+02,
    3.74774048e+02, 1.82694794e+02, 3.72837494e+02, 2.13254807e+02,
    3.70985626e+02, 2.41669479e+02, 3.42812347e+02, 1.17619019e+02,
    3.41786469e+02, 1.51909332e+02, 3.40644379e+02, 1.83950546e+02,
    3.40040558e+02, 2.13983948e+02, 3.39478210e+02, 2.42283859e+02,
    3.06876160e+02, 1.22649406e+02, 3.08035919e+02, 1.53308868e+02,
    3.07709656e+02, 1.85056961e+02, 3.07997345e+02, 2.14549133e+02,
    3.08267273e+02, 2.42405212e+02, 2.72500000e+02, 1.21250000e+02,
    2.73788147e+02, 1.54938110e+02, 2.75427551e+02, 1.86312408e+02,
    2.76705597e+02, 2.15219696e+02, 2.78025208e+02, 2.42660370e+02,
    2.38700745e+02, 1.23277405e+02, 2.41008820e+02, 1.56778976e+02,
    2.43780640e+02, 1.87319595e+02, 2.46228256e+02, 2.15840805e+02,
    2.48301147e+02, 2.42706848e+02, 2.04775894e+02, 1.24532318e+02,
    2.08860199e+02, 1.57916748e+02, 2.12645447e+02, 1.88227478e+02,
    2.16119919e+02, 2.16593964e+02, 2.19237701e+02, 2.43194138e+02,
    1.71866791e+02, 1.26394836e+02, 1.77131760e+02, 1.58896881e+02,
    1.81939713e+02, 1.89259766e+02, 1.86567108e+02, 2.17258057e+02,
    1.90626083e+02, 2.43601135e+02 ]
