%YAML:1.0
---
points: [ 4.15669434e+02, 1.43360168e+02, 4.14046936e+02, 1.68899414e+02,
    4.12123505e+02, 1.96462402e+02, 4.10303101e+02, 2.25679840e+02,
    4.08078278e+02, 2.57625824e+02, 3.83127075e+02, 1.40508713e+02,
    3.80131561e+02, 1.65468292e+02, 3.76938690e+02, 1.92463516e+02,
    3.73326294e+02, 2.20568192e+02, 3.69944580e+02, 2.51463791e+02,
    3.51861542e+02, 1.38129669e+02, 3.47871643e+02, 1.62379578e+02,
    3.43263367e+02, 1.88196655e+02, 3.38726593e+02, 2.16063614e+02,
    3.33358337e+02, 2.45635559e+02, 3.21933990e+02, 1.35875870e+02,
    3.16965332e+02, 1.59272903e+02, 3.11617706e+02, 1.84606842e+02,
    3.05714539e+02, 2.11434708e+02, 2.99241364e+02, 2.40392990e+02,
    2.93535797e+02, 1.34031174e+02, 2.87575897e+02, 1.56676834e+02,
    2.81267303e+02, 1.81087463e+02, 2.74492615e+02, 2.07177063e+02,
    2.66940155e+02, 2.35034622e+02, 2.66210754e+02, 1.31580414e+02,
    2.59528656e+02, 1.53895676e+02, 2.52329498e+02, 1.77329086e+02,
    2.44651855e+02, 2.02998383e+02, 2.36213333e+02, 2.30184311e+02,
    2.40033768e+02, 1.29031281e+02, 2.32610123e+02, 1.50759598e+02,
    2.24653473e+02, 1.73955383e+02, 2.16146896e+02, 1.98706314e+02,
    2.06998413e+02, 2.25596497e+02 ]
