%YAML:1.0
---
points: [ 3.56580414e+02, 1.53589386e+02, 3.57677307e+02, 1.82805832e+02,
    3.58717987e+02, 2.11454071e+02, 3.60814941e+02, 2.39679184e+02,
    3.62813232e+02, 2.67939392e+02, 3.36097260e+02, 1.54496704e+02,
    3.37238617e+02, 1.84950226e+02, 3.38426666e+02, 2.14745285e+02,
    3.40514435e+02, 2.44278702e+02, 3.43104736e+02, 2.73678619e+02,
    3.13491577e+02, 1.55579834e+02, 3.14820953e+02, 1.87291260e+02,
    3.16445953e+02, 2.18451752e+02, 3.18599701e+02, 2.49241867e+02,
    3.21140991e+02, 2.79956268e+02, 2.88572723e+02, 1.56634048e+02,
    2.90652527e+02, 1.89819977e+02, 2.92532562e+02, 2.22474335e+02,
    2.93953064e+02, 2.55263443e+02, 2.97360687e+02, 2.86851044e+02,
    2.61108185e+02, 1.57916199e+02, 2.63695648e+02, 1.92689026e+02,
    2.65904236e+02, 2.26970291e+02, 2.68292480e+02, 2.60775574e+02,
    2.70837250e+02, 2.94395386e+02, 2.30096527e+02, 1.58691620e+02,
    2.33743851e+02, 1.95826920e+02, 2.37019882e+02, 2.31942291e+02,
    2.39213867e+02, 2.67675049e+02, 2.42320953e+02, 3.02830414e+02, 201.,
    164., 1.97868805e+02, 1.96378174e+02, 2.05306351e+02, 2.35342468e+02,
    2.02906143e+02, 2.71316895e+02, 2.09500000e+02, 313. ]
