%YAML:1.0
---
points: [ 1.10929980e+03, 3.78895782e+02, 1.11278552e+03, 4.64831787e+02,
    1.11645032e+03, 5.49232971e+02, 1.12198340e+03, 6.32330139e+02,
    1.12764331e+03, 7.14812256e+02, 1.04256970e+03, 3.80834412e+02,
    1.04629517e+03, 4.70592712e+02, 1.05055920e+03, 5.58507385e+02,
    1.05653125e+03, 6.45292419e+02, 1.06328711e+03, 7.31588074e+02,
    9.68669556e+02, 3.82674652e+02, 9.73588379e+02, 4.76620178e+02,
    9.79030884e+02, 5.68804871e+02, 9.85123962e+02, 6.59495483e+02,
    9.92042297e+02, 7.49790833e+02, 8.87383606e+02, 3.84927338e+02,
    8.94429932e+02, 4.83323395e+02, 9.00103210e+02, 5.80043030e+02,
    9.06631775e+02, 6.75273743e+02, 9.14361572e+02, 7.69796143e+02,
    7.96606323e+02, 3.87132446e+02, 8.05427246e+02, 4.90975952e+02,
    8.12590576e+02, 5.92593994e+02, 8.19983459e+02, 6.92530273e+02,
    8.27565186e+02, 7.91962341e+02, 6.96229248e+02, 3.89136810e+02,
    7.06302185e+02, 4.99197693e+02, 7.15916870e+02, 6.06738770e+02,
    7.23598633e+02, 7.12624817e+02, 7.31983337e+02, 8.17087708e+02,
    5.83347534e+02, 3.91485138e+02, 5.95124329e+02, 5.08328888e+02,
    6.05905273e+02, 6.22834778e+02, 6.15560852e+02, 7.34726135e+02,
    6.24563354e+02, 8.45265137e+02 ]
