%YAML:1.0
---
points: [ 9.82589233e+02, 2.88794556e+02, 9.88914734e+02, 3.88126099e+02,
    9.95376892e+02, 4.92073669e+02, 9.98540344e+02, 6.01176514e+02,
    1.00229999e+03, 7.17564087e+02, 9.22708557e+02, 3.30218781e+02,
    9.27888428e+02, 4.23321106e+02, 9.32396790e+02, 5.20322266e+02,
    9.34405518e+02, 6.21908752e+02, 9.34578918e+02, 7.29396118e+02,
    8.71343506e+02, 3.66344666e+02, 8.75126282e+02, 4.53502289e+02,
    8.77755188e+02, 5.44518005e+02, 8.79458191e+02, 6.39576538e+02,
    8.78365295e+02, 7.39996643e+02, 8.26973022e+02, 3.97497070e+02,
    8.28329529e+02, 4.79803131e+02, 8.30665710e+02, 5.65600891e+02,
    8.31430847e+02, 6.55056702e+02, 8.29040283e+02, 7.49005615e+02,
    7.88467346e+02, 4.25612549e+02, 7.87987244e+02, 5.03202484e+02,
    7.88951111e+02, 5.84253296e+02, 7.89269165e+02, 6.68484558e+02,
    7.86628357e+02, 7.56782959e+02, 7.52816223e+02, 4.50121857e+02,
    7.52235168e+02, 5.24027588e+02, 7.51558716e+02, 6.00583557e+02,
    7.51725525e+02, 6.80563232e+02, 7.48479004e+02, 7.63877380e+02,
    7.20071167e+02, 4.72065552e+02, 7.19578613e+02, 5.42459900e+02,
    7.20260437e+02, 6.15505981e+02, 7.17833923e+02, 6.91166931e+02,
    7.15124939e+02, 7.70261230e+02 ]
