%YAML:1.0
---
points: [ 8.41756836e+02, 4.75192993e+02, 8.59626099e+02, 5.17914246e+02,
    8.78234619e+02, 5.61936035e+02, 8.98385681e+02, 6.07529907e+02,
    9.19424011e+02, 6.55514404e+02, 7.93491333e+02, 4.75951447e+02,
    8.10491638e+02, 5.20145081e+02, 8.28466553e+02, 5.65956116e+02,
    8.47766602e+02, 6.13354675e+02, 8.68433411e+02, 6.62653809e+02,
    7.41763611e+02, 4.76905579e+02, 7.58416504e+02, 5.22839355e+02,
    7.75719238e+02, 5.70304688e+02, 7.93855713e+02, 6.19492798e+02,
    8.13619934e+02, 6.70795776e+02, 6.86624512e+02, 4.77958496e+02,
    7.02725769e+02, 5.24984558e+02, 7.18896790e+02, 5.74615112e+02,
    7.36343445e+02, 6.25762207e+02, 7.55038879e+02, 6.79427551e+02,
    6.27688477e+02, 4.80193726e+02, 6.42822632e+02, 5.28069153e+02,
    6.58331665e+02, 5.79420044e+02, 6.74556396e+02, 6.33094910e+02,
    6.91731262e+02, 6.88839111e+02, 5.64686096e+02, 4.81319153e+02,
    5.78504272e+02, 5.31488586e+02, 5.92673950e+02, 5.84340637e+02,
    6.07588806e+02, 6.40473938e+02, 6.23582703e+02, 6.98614014e+02,
    4.97183350e+02, 4.82392120e+02, 5.09450806e+02, 5.34678040e+02,
    5.22272949e+02, 5.90591187e+02, 5.35851807e+02, 6.48352478e+02,
    5.50074341e+02, 7.09536255e+02 ]
