%YAML:1.0
---
points: [ 3.68426147e+02, 1.74185822e+02, 3.66924011e+02, 2.04181717e+02,
    3.65338501e+02, 2.31789886e+02, 3.64307953e+02, 2.58308044e+02,
    3.62961548e+02, 2.83612457e+02, 3.35723389e+02, 1.75346481e+02,
    3.34913483e+02, 2.04367096e+02, 3.34549530e+02, 2.31936218e+02,
    3.34203827e+02, 2.58135406e+02, 3.33827759e+02, 2.83260986e+02,
    3.03680115e+02, 1.76274994e+02, 3.04002045e+02, 2.04928818e+02,
    3.04417114e+02, 2.32124649e+02, 3.04974579e+02, 2.57505493e+02,
    3.05269775e+02, 2.82340668e+02, 2.72239471e+02, 1.76880676e+02,
    2.73719208e+02, 2.05435089e+02, 2.75215912e+02, 2.32175934e+02,
    2.76406982e+02, 2.57332489e+02, 2.77674591e+02, 2.81669891e+02,
    2.42025848e+02, 1.77641693e+02, 2.44404221e+02, 2.05795776e+02,
    2.46603333e+02, 2.32270325e+02, 2.48751923e+02, 2.57068573e+02,
    2.50582733e+02, 2.80878052e+02, 2.12300583e+02, 1.78267166e+02,
    2.15655899e+02, 2.06330292e+02, 2.18668518e+02, 2.32519653e+02,
    2.21543762e+02, 2.57145447e+02, 2.24187088e+02, 2.80385193e+02,
    1.83120621e+02, 1.79305359e+02, 1.87302338e+02, 2.06765015e+02,
    1.91192917e+02, 2.32809448e+02, 1.94851395e+02, 2.57075806e+02,
    1.98289032e+02, 2.80120178e+02 ]
