%YAML:1.0
---
points: [ 1.12789453e+03, 4.40371521e+02, 1.12781799e+03, 5.27829163e+02,
    1.12764148e+03, 6.09078979e+02, 1.12749304e+03, 6.87175232e+02,
    1.12727734e+03, 7.61070007e+02, 1.03327173e+03, 4.42323883e+02,
    1.03643884e+03, 5.28172485e+02, 1.03908472e+03, 6.08591919e+02,
    1.04158008e+03, 6.85472656e+02, 1.04364709e+03, 7.59072205e+02,
    9.41286316e+02, 4.43596436e+02, 9.47368103e+02, 5.28464539e+02,
    9.52873596e+02, 6.08273254e+02, 9.57750549e+02, 6.83756104e+02,
    9.61693542e+02, 7.56444946e+02, 8.51306946e+02, 4.44636322e+02,
    8.60039246e+02, 5.29266602e+02, 8.68521118e+02, 6.07749878e+02,
    8.75674438e+02, 6.82381042e+02, 8.81761230e+02, 7.54301514e+02,
    7.63509827e+02, 4.45492523e+02, 7.74665894e+02, 5.29430969e+02,
    7.85462830e+02, 6.07475159e+02, 7.95236023e+02, 6.81204346e+02,
    8.03704285e+02, 7.51520691e+02, 6.76424866e+02, 4.46709259e+02,
    6.90486145e+02, 5.29729858e+02, 7.03176147e+02, 6.07861450e+02,
    7.15609741e+02, 6.80540833e+02, 7.26694275e+02, 7.49851074e+02,
    5.90440430e+02, 4.48466400e+02, 6.07188904e+02, 5.30498047e+02,
    6.22714661e+02, 6.07599060e+02, 6.37475464e+02, 6.79829224e+02,
    6.50981689e+02, 7.48212891e+02 ]
