%YAML:1.0
---
points: [ 1.76319946e+02, 1.39509323e+02, 1.83618286e+02, 1.53873611e+02,
    1.91314438e+02, 1.69127869e+02, 1.98910034e+02, 1.85142746e+02,
    2.06989365e+02, 2.02192902e+02, 1.61289062e+02, 1.53384232e+02,
    1.68256241e+02, 1.68085373e+02, 1.75302612e+02, 1.83534714e+02,
    1.82338242e+02, 1.99764847e+02, 1.89688934e+02, 2.17048843e+02,
    1.46997833e+02, 1.66922409e+02, 1.53289017e+02, 1.81815720e+02,
    1.59712616e+02, 1.97438293e+02, 1.66367935e+02, 2.13975510e+02,
    1.72910370e+02, 2.31585190e+02, 1.32904907e+02, 1.80175140e+02,
    1.38559906e+02, 1.95143326e+02, 1.44558533e+02, 2.11012131e+02,
    1.50626373e+02, 2.27801605e+02, 1.56648193e+02, 2.45571182e+02,
    1.19532951e+02, 1.93207993e+02, 1.24372681e+02, 2.08181595e+02,
    1.29799866e+02, 2.24203140e+02, 1.35366760e+02, 2.41222931e+02,
    1.40981827e+02, 2.59257629e+02, 1.06008057e+02, 2.05754501e+02,
    1.10539268e+02, 2.20813629e+02, 1.15057678e+02, 2.37026047e+02,
    1.20351372e+02, 2.54268188e+02, 1.25595818e+02, 2.72405792e+02,
    9.27224121e+01, 2.17818268e+02, 9.68381958e+01, 2.33112732e+02,
    1.01088081e+02, 2.49326035e+02, 1.05826050e+02, 2.66803711e+02,
    1.10785011e+02, 2.85198395e+02 ]
