%YAML:1.0
---
points: [ 1.76300507e+02, 1.39506653e+02, 1.83580307e+02, 1.53865005e+02,
    1.91290497e+02, 1.69127899e+02, 1.98915878e+02, 1.85159317e+02,
    2.06980637e+02, 2.02184021e+02, 1.61297104e+02, 1.53410583e+02,
    1.68259369e+02, 1.68039917e+02, 1.75311478e+02, 1.83519562e+02,
    1.82341873e+02, 1.99745422e+02, 1.89676453e+02, 2.17021118e+02,
    1.46976700e+02, 1.66905563e+02, 1.53242020e+02, 1.81817093e+02,
    1.59688995e+02, 1.97463760e+02, 1.66337036e+02, 2.13978195e+02,
    1.72937653e+02, 2.31572357e+02, 1.32917953e+02, 1.80167297e+02,
    1.38582092e+02, 1.95165283e+02, 1.44533676e+02, 2.11055359e+02,
    1.50619644e+02, 2.27789703e+02, 1.56638092e+02, 2.45588882e+02,
    1.19551102e+02, 1.93229019e+02, 1.24355530e+02, 2.08212082e+02,
    1.29787354e+02, 2.24173859e+02, 1.35344025e+02, 2.41234543e+02,
    1.40972000e+02, 2.59249512e+02, 1.05992485e+02, 2.05786148e+02,
    1.10526863e+02, 2.20871841e+02, 1.15083031e+02, 2.37025772e+02,
    1.20337463e+02, 2.54282608e+02, 1.25541344e+02, 2.72454803e+02,
    9.27238617e+01, 2.17838669e+02, 9.68354416e+01, 2.33167267e+02,
    1.01102982e+02, 2.49351105e+02, 1.05846191e+02, 2.66825531e+02,
    1.10768692e+02, 2.85223206e+02 ]
