%YAML:1.0
---
points: [ 1.51590369e+03, 4.60496857e+02, 1.53778455e+03, 5.02396484e+02,
    1.56093469e+03, 5.46452637e+02, 1.58613245e+03, 5.92841858e+02,
    1.61313208e+03, 6.42714966e+02, 1.45886609e+03, 4.71507629e+02,
    1.47882666e+03, 5.13495483e+02, 1.50019055e+03, 5.58026001e+02,
    1.52302905e+03, 6.04461914e+02, 1.54759741e+03, 6.54191711e+02,
    1.40283411e+03, 4.82515717e+02, 1.42078979e+03, 5.24672180e+02,
    1.44035864e+03, 5.69104614e+02, 1.46065503e+03, 6.16129211e+02,
    1.48283643e+03, 6.65584839e+02, 1.34765613e+03, 4.93661163e+02,
    1.36376550e+03, 5.35316528e+02, 1.38107507e+03, 5.80146118e+02,
    1.39953333e+03, 6.27040771e+02, 1.41911108e+03, 6.76544922e+02,
    1.29341895e+03, 5.05157623e+02, 1.30755322e+03, 5.46374756e+02,
    1.32289771e+03, 5.90676086e+02, 1.33916846e+03, 6.37783875e+02,
    1.35653259e+03, 6.87432495e+02, 1.23969287e+03, 5.15655762e+02,
    1.25243201e+03, 5.56872498e+02, 1.26568250e+03, 6.01197815e+02,
    1.28008569e+03, 6.48467957e+02, 1.29520227e+03, 6.97805603e+02,
    1.18746924e+03, 5.25573547e+02, 1.19827588e+03, 5.67310974e+02,
    1.20995068e+03, 6.12174866e+02, 1.22213000e+03, 6.58556641e+02,
    1.23510461e+03, 7.08441650e+02 ]
