%YAML:1.0
---
points: [ 9.06349854e+02, 4.36281189e+02, 9.32470703e+02, 5.28850708e+02,
    9.57113342e+02, 6.16610535e+02, 9.78241699e+02, 7.01412109e+02,
    9.98303711e+02, 7.82833557e+02, 8.42072388e+02, 4.40591492e+02,
    8.68938660e+02, 5.27295288e+02, 8.93489380e+02, 6.09963501e+02,
    9.15283325e+02, 6.89998779e+02, 9.34614807e+02, 7.67490906e+02,
    7.86161072e+02, 4.44021637e+02, 8.12206482e+02, 5.26056458e+02,
    8.36470947e+02, 6.04384216e+02, 8.59016663e+02, 6.79744263e+02,
    8.78616089e+02, 7.53400208e+02, 7.35696655e+02, 4.46753815e+02,
    7.60624939e+02, 5.25043945e+02, 7.85537720e+02, 5.99180908e+02,
    8.08298096e+02, 6.70765686e+02, 8.28066895e+02, 7.40639954e+02,
    6.91342590e+02, 4.49402161e+02, 7.15260071e+02, 5.23841431e+02,
    7.39429382e+02, 5.94690918e+02, 7.62244324e+02, 6.62537598e+02,
    7.83015625e+02, 7.28731934e+02, 6.49494629e+02, 4.51943329e+02,
    6.73670898e+02, 5.23055054e+02, 6.96505127e+02, 5.90864380e+02,
    7.19789490e+02, 6.55510864e+02, 7.41008545e+02, 7.18470459e+02,
    6.10771423e+02, 4.54610748e+02, 6.35182251e+02, 5.22305359e+02,
    6.58466431e+02, 5.87127502e+02, 6.81121582e+02, 6.49268433e+02,
    7.03173096e+02, 7.09158142e+02 ]
