%YAML:1.0
---
points: [ 4.69518280e+02, 3.33405952e+01, 4.70505951e+02, 6.35916176e+01,
    4.70178955e+02, 9.48968811e+01, 4.70076965e+02, 1.25083580e+02,
    4.69440369e+02, 1.55332336e+02, 4.41858398e+02, 3.24812431e+01,
    4.41781006e+02, 6.44932098e+01, 4.41491241e+02, 9.57174988e+01,
    4.41204712e+02, 1.26787659e+02, 4.40947784e+02, 1.56786758e+02,
    4.12032410e+02, 3.33847847e+01, 4.12268768e+02, 6.54774246e+01,
    4.11918610e+02, 9.74142609e+01, 4.11564301e+02, 1.28439529e+02,
    4.11430206e+02, 1.58715591e+02, 3.81838043e+02, 3.44093437e+01,
    3.81976807e+02, 6.69366837e+01, 3.81775848e+02, 9.91677933e+01,
    3.81631531e+02, 1.30143402e+02, 3.81731506e+02, 1.60542816e+02,
    3.50273926e+02, 3.61482315e+01, 3.51115082e+02, 6.88643265e+01,
    3.51432098e+02, 1.01111191e+02, 3.51693024e+02, 1.32007080e+02,
    3.51846527e+02, 1.62261276e+02, 3.19104736e+02, 3.76372375e+01,
    3.20505585e+02, 7.09692917e+01, 3.21070282e+02, 1.02682175e+02,
    3.21862762e+02, 1.34261185e+02, 3.22277191e+02, 1.64264664e+02,
    2.87877289e+02, 3.94020271e+01, 2.89233978e+02, 7.25850677e+01,
    2.90938171e+02, 1.04885094e+02, 2.91755615e+02, 1.36044052e+02,
    2.92739746e+02, 1.66197266e+02 ]
