%YAML:1.0
---
points: [ 1.45568335e+03, 8.63521767e+00, 1.45249548e+03, 1.07522614e+02,
    1.44873486e+03, 2.03204773e+02, 1.44622241e+03, 2.95639313e+02,
    1.44363635e+03, 3.85523956e+02, 1.36347510e+03, 1.27767439e+01,
    1.36078320e+03, 1.12424385e+02, 1.35843823e+03, 2.08270355e+02,
    1.35668372e+03, 3.00707855e+02, 1.35563306e+03, 3.90501404e+02,
    1.27014160e+03, 1.78772373e+01, 1.26927759e+03, 1.17557304e+02,
    1.26834631e+03, 2.13442047e+02, 1.26754944e+03, 3.05892761e+02,
    1.26750024e+03, 3.95478638e+02, 1.17675586e+03, 2.29640579e+01,
    1.17807654e+03, 1.22391090e+02, 1.17835547e+03, 2.18572174e+02,
    1.17886768e+03, 3.11067444e+02, 1.18009595e+03, 4.00298126e+02,
    1.08351562e+03, 2.83360767e+01, 1.08621619e+03, 1.27618271e+02,
    1.08852417e+03, 2.23635452e+02, 1.09060413e+03, 3.15866608e+02,
    1.09270374e+03, 4.04886871e+02, 9.90420837e+02, 3.28952942e+01,
    9.94904358e+02, 1.32472855e+02, 9.98738098e+02, 2.28376236e+02,
    1.00237384e+03, 3.20483887e+02, 1.00607251e+03, 4.09368225e+02,
    8.97247070e+02, 3.71238708e+01, 9.03092346e+02, 1.36666626e+02,
    9.09123047e+02, 2.32839951e+02, 9.14493042e+02, 3.24988037e+02,
    9.19583069e+02, 4.13849304e+02 ]
