%YAML:1.0
---
points: [ 5.56662170e+02, 4.64915985e+02, 5.49593140e+02, 4.95311737e+02,
    5.42218811e+02, 5.26927368e+02, 5.33149963e+02, 5.59382019e+02,
    5.23551941e+02, 5.93447388e+02, 5.20510315e+02, 4.72683502e+02,
    5.12838257e+02, 5.03423065e+02, 5.04496033e+02, 5.35160889e+02,
    4.94919952e+02, 5.67835510e+02, 4.84141968e+02, 6.01823792e+02,
    4.84917175e+02, 4.81127808e+02, 4.76459015e+02, 5.11532745e+02,
    4.67138184e+02, 5.43395386e+02, 4.57094879e+02, 5.76153259e+02,
    4.45522461e+02, 6.10391235e+02, 4.49718353e+02, 4.89074463e+02,
    4.40331482e+02, 5.19367310e+02, 4.30568024e+02, 5.51343689e+02,
    4.19554474e+02, 5.84436279e+02, 4.07405792e+02, 6.18521545e+02,
    4.15551636e+02, 4.97479736e+02, 4.04913727e+02, 5.27437073e+02,
    3.94378998e+02, 5.59445190e+02, 3.82895813e+02, 5.92420471e+02,
    3.70160400e+02, 6.26833862e+02, 3.81192505e+02, 5.05171356e+02,
    3.70208130e+02, 5.35409058e+02, 3.58389526e+02, 5.67099121e+02,
    3.46534607e+02, 6.00537781e+02, 3.32692719e+02, 6.34640686e+02,
    3.46879120e+02, 5.12673584e+02, 3.35498749e+02, 5.43223816e+02,
    3.23794525e+02, 5.75462219e+02, 3.10481384e+02, 6.08108765e+02,
    2.96731720e+02, 6.42563110e+02 ]
