%YAML:1.0
---
points: [ 4.31834808e+02, 6.40298080e+01, 4.22707855e+02, 7.91426315e+01,
    4.12630157e+02, 9.49957275e+01, 4.01960938e+02, 1.10904640e+02,
    3.90572693e+02, 1.27668976e+02, 4.10754456e+02, 6.47777557e+01,
    4.01087189e+02, 7.96839600e+01, 3.91005768e+02, 9.49510117e+01,
    3.80245667e+02, 1.10415054e+02, 3.68744812e+02, 1.26381699e+02,
    3.90580719e+02, 6.58432312e+01, 3.81119507e+02, 8.02001495e+01,
    3.70949432e+02, 9.49694977e+01, 3.60307556e+02, 1.10051216e+02,
    3.48999084e+02, 1.25246803e+02, 3.72362305e+02, 6.71616516e+01,
    3.62685089e+02, 8.05751877e+01, 3.52504730e+02, 9.50914154e+01,
    3.41975616e+02, 1.09506805e+02, 3.30850555e+02, 1.24290817e+02,
    3.55118256e+02, 6.83650284e+01, 3.45539734e+02, 8.13623199e+01,
    3.35514648e+02, 9.51387329e+01, 3.25150574e+02, 1.09232613e+02,
    3.14365570e+02, 1.23431229e+02, 3.39290558e+02, 6.92409668e+01,
    3.29667145e+02, 8.18544464e+01, 3.19677399e+02, 9.49142838e+01,
    3.09633148e+02, 1.08575066e+02, 2.99092285e+02, 1.22470482e+02,
    3.24215790e+02, 6.98668671e+01, 3.14823944e+02, 8.22449951e+01,
    3.05225250e+02, 9.48088760e+01, 2.95139069e+02, 1.08148415e+02,
    2.84956360e+02, 1.21557983e+02 ]
