%YAML:1.0
---
points: [ 3.41237793e+02, 4.02112656e+01, 3.44109436e+02, 5.88462029e+01,
    3.46671875e+02, 7.77413101e+01, 3.49718964e+02, 9.70141449e+01,
    3.52761292e+02, 1.16540344e+02, 3.24091278e+02, 3.67775917e+01,
    3.26408203e+02, 5.58198624e+01, 3.28935822e+02, 7.54040756e+01,
    3.31724579e+02, 9.50505753e+01, 3.34743652e+02, 1.14909058e+02,
    3.05667969e+02, 3.35646248e+01, 3.08118713e+02, 5.28686562e+01,
    3.10479523e+02, 7.28477478e+01, 3.13069794e+02, 9.29942856e+01,
    3.15892731e+02, 1.13405167e+02, 2.86830322e+02, 3.00866013e+01,
    2.89075073e+02, 4.96410904e+01, 2.91223602e+02, 7.01544724e+01,
    2.93635773e+02, 9.09219513e+01, 2.96248291e+02, 1.11655540e+02,
    2.66678986e+02, 2.64203949e+01, 2.69022095e+02, 4.65470924e+01,
    2.71057373e+02, 6.73232040e+01, 2.73232635e+02, 8.85207825e+01,
    2.75599762e+02, 1.10139481e+02, 2.45931564e+02, 2.24492741e+01,
    2.47877594e+02, 4.28771019e+01, 2.50088211e+02, 6.40332947e+01,
    2.51949799e+02, 8.59292908e+01, 2.54094513e+02, 1.08103798e+02,
    2.24131973e+02, 1.84214287e+01, 2.26061813e+02, 3.90377502e+01,
    2.27917511e+02, 6.07840157e+01, 2.29695892e+02, 8.31907425e+01,
    2.31586380e+02, 1.06007530e+02 ]
