%YAML:1.0
---
points: [ 6.23864441e+02, 1.48304169e+02, 6.19927185e+02, 2.16034271e+02,
    6.16067932e+02, 2.82175812e+02, 6.13833923e+02, 3.46869751e+02,
    6.11670898e+02, 4.10799072e+02, 5.79430969e+02, 1.31730545e+02,
    5.74900208e+02, 2.03433762e+02, 5.71147095e+02, 2.73519531e+02,
    5.68779663e+02, 3.42346832e+02, 5.67396057e+02, 4.09875763e+02,
    5.28111633e+02, 1.13109848e+02, 5.24185974e+02, 1.89385239e+02,
    5.21004700e+02, 2.64011383e+02, 5.18212280e+02, 3.37025574e+02,
    5.16974060e+02, 4.08764771e+02, 4.70383209e+02, 9.22199860e+01,
    4.67658630e+02, 1.73562180e+02, 4.63891785e+02, 2.53300064e+02,
    4.61104675e+02, 3.31061188e+02, 4.60260956e+02, 4.07496216e+02,
    4.03704285e+02, 6.84904327e+01, 4.01982635e+02, 1.55697983e+02,
    3.98861237e+02, 2.40806488e+02, 3.96399200e+02, 3.24436920e+02,
    3.94855896e+02, 4.06250854e+02, 3.29024292e+02, 4.15554428e+01,
    3.27233948e+02, 1.35472229e+02, 3.25741669e+02, 2.27451645e+02,
    3.22736359e+02, 3.17064423e+02, 3.21161926e+02, 4.04775238e+02,
    2.43812759e+02, 1.08130102e+01, 2.42027084e+02, 1.12577774e+02,
    2.40240662e+02, 2.11796448e+02, 2.38302277e+02, 3.08584747e+02,
    2.36314835e+02, 4.03331909e+02 ]
