%YAML:1.0
---
points: [ 1.68622925e+03, 8.94073391e+00, 1.68684973e+03, 3.87215271e+01,
    1.68759277e+03, 6.73323746e+01, 1.68783997e+03, 9.57263870e+01,
    1.68811597e+03, 1.23519142e+02, 1.65281201e+03, 1.44492598e+01,
    1.65418787e+03, 4.35301170e+01, 1.65506042e+03, 7.15962906e+01,
    1.65579590e+03, 9.93975067e+01, 1.65636316e+03, 1.26717407e+02,
    1.62071851e+03, 1.96337299e+01, 1.62226355e+03, 4.82478600e+01,
    1.62352051e+03, 7.59637375e+01, 1.62479639e+03, 1.02984230e+02,
    1.62572668e+03, 1.29725891e+02, 1.58965259e+03, 2.46104221e+01,
    1.59133826e+03, 5.27952843e+01, 1.59308398e+03, 8.01472168e+01,
    1.59480237e+03, 1.06646072e+02, 1.59588306e+03, 1.33022980e+02,
    1.55946875e+03, 2.95181599e+01, 1.56148376e+03, 5.72701874e+01,
    1.56363025e+03, 8.39996567e+01, 1.56544751e+03, 1.10075401e+02,
    1.56714551e+03, 1.35801926e+02, 1.53015723e+03, 3.45093536e+01,
    1.53259802e+03, 6.15750237e+01, 1.53471533e+03, 8.79036636e+01,
    1.53731909e+03, 1.13456848e+02, 1.53895361e+03, 1.38982452e+02,
    1.50162341e+03, 3.94844589e+01, 1.50455957e+03, 6.58773117e+01,
    1.50736975e+03, 9.15568161e+01, 1.50976038e+03, 1.16896255e+02,
    1.51198315e+03, 1.41575027e+02 ]
