%YAML:1.0
---
points: [ 9.06161804e+02, 8.19626526e+02, 9.12686218e+02, 8.68239685e+02,
    9.19354980e+02, 9.16386902e+02, 9.25123108e+02, 9.64601501e+02,
    9.30732300e+02, 1.01243988e+03, 8.58746826e+02, 8.18594482e+02,
    8.65833740e+02, 8.66154419e+02, 8.72684204e+02, 9.13413086e+02,
    8.78691528e+02, 9.60785461e+02, 8.84372986e+02, 1.00829053e+03,
    8.13139587e+02, 8.17415344e+02, 8.20455505e+02, 8.64412537e+02,
    8.27385681e+02, 9.11082031e+02, 8.33580505e+02, 9.57275574e+02,
    8.39383301e+02, 1.00376990e+03, 7.69085571e+02, 8.16199097e+02,
    7.75952087e+02, 8.62749512e+02, 7.83338989e+02, 9.08396790e+02,
    7.90097412e+02, 9.54050598e+02, 7.95849976e+02, 9.99867310e+02,
    7.26222839e+02, 8.14639465e+02, 7.33265564e+02, 8.60943970e+02,
    7.40412659e+02, 9.06291260e+02, 7.47536499e+02, 9.50706177e+02,
    7.54059143e+02, 9.95570435e+02, 6.84133789e+02, 8.13787903e+02,
    6.91333069e+02, 8.59421875e+02, 6.98258606e+02, 9.04359375e+02,
    7.05873230e+02, 9.48193604e+02, 7.12558777e+02, 9.91768127e+02,
    6.42662048e+02, 8.13437317e+02, 6.50183167e+02, 8.58144836e+02,
    6.57801147e+02, 9.02216736e+02, 6.65281189e+02, 9.45359192e+02,
    6.72876160e+02, 9.87912537e+02 ]
