%YAML:1.0
---
points: [ 1.83709180e+03, 7.55270203e+02, 1.83649536e+03, 8.00657043e+02,
    1.83591443e+03, 8.45750183e+02, 1.83583667e+03, 8.91319763e+02,
    1.83557483e+03, 9.36466125e+02, 1.78353235e+03, 7.53635010e+02,
    1.78317712e+03, 7.98272339e+02, 1.78255176e+03, 8.42956055e+02,
    1.78253101e+03, 8.87644836e+02, 1.78252307e+03, 9.32726990e+02,
    1.73083411e+03, 7.51665100e+02, 1.73062854e+03, 7.96020691e+02,
    1.73046460e+03, 8.40102966e+02, 1.73025403e+03, 8.84348145e+02,
    1.73044983e+03, 9.28629456e+02, 1.67928174e+03, 7.49768555e+02,
    1.67945898e+03, 7.93690063e+02, 1.67933557e+03, 8.37447021e+02,
    1.67935669e+03, 8.80842529e+02, 1.67950586e+03, 9.24533447e+02,
    1.62835803e+03, 7.47841064e+02, 1.62879004e+03, 7.91348694e+02,
    1.62898438e+03, 8.34328735e+02, 1.62906921e+03, 8.77297852e+02,
    1.62934351e+03, 9.20406494e+02, 1.57879053e+03, 7.45801697e+02,
    1.57950464e+03, 7.88775269e+02, 1.57999243e+03, 8.31583862e+02,
    1.58019373e+03, 8.73862915e+02, 1.58039551e+03, 9.16474548e+02,
    1.53052771e+03, 7.43988953e+02, 1.53138806e+03, 7.86499390e+02,
    1.53177344e+03, 8.28595947e+02, 1.53233594e+03, 8.70465759e+02,
    1.53267773e+03, 9.12214844e+02 ]
