%YAML:1.0
---
points: [ 3.70939972e+02, 1.96223660e+01, 3.70904785e+02, 3.99918709e+01,
    3.70101410e+02, 6.14772224e+01, 3.69263275e+02, 8.30453796e+01,
    3.68222015e+02, 1.05141701e+02, 3.48059662e+02, 2.37040310e+01,
    3.47289551e+02, 4.42146835e+01, 3.46368835e+02, 6.50639191e+01,
    3.45156830e+02, 8.63876419e+01, 3.43748016e+02, 1.07930275e+02,
    3.25786041e+02, 2.80825253e+01, 3.25038269e+02, 4.82148247e+01,
    3.23815735e+02, 6.86126175e+01, 3.22306366e+02, 8.96019135e+01,
    3.20767609e+02, 1.10719170e+02, 3.05053284e+02, 3.24713287e+01,
    3.03625061e+02, 5.19342155e+01, 3.02273010e+02, 7.21121674e+01,
    3.00763550e+02, 9.26445236e+01, 2.98840698e+02, 1.13236839e+02,
    2.84975098e+02, 3.66439781e+01, 2.83553192e+02, 5.56651688e+01,
    2.81870056e+02, 7.54549484e+01, 2.80211517e+02, 9.54819565e+01,
    2.78331726e+02, 1.15727135e+02, 2.65788635e+02, 4.04316101e+01,
    2.64092041e+02, 5.91249695e+01, 2.62305878e+02, 7.82690277e+01,
    2.60601166e+02, 9.80902252e+01, 2.58720123e+02, 1.17992188e+02,
    2.47285416e+02, 4.40365486e+01, 2.45659302e+02, 6.23492661e+01,
    2.43758698e+02, 8.11659851e+01, 2.42045410e+02, 1.00542908e+02,
    2.40188248e+02, 1.19937752e+02 ]
