%YAML:1.0
---
points: [ 2.68902893e+02, 3.04163391e+02, 2.71230377e+02, 3.20798889e+02,
    2.73391296e+02, 3.36996155e+02, 2.75306366e+02, 3.53296051e+02,
    2.77257324e+02, 3.69329376e+02, 2.52366409e+02, 3.03919556e+02,
    2.54744232e+02, 3.20157135e+02, 2.57070160e+02, 3.36143341e+02,
    2.59077606e+02, 3.52195099e+02, 2.60923279e+02, 3.67997192e+02,
    2.36377090e+02, 3.03541168e+02, 2.38890594e+02, 3.19437775e+02,
    2.41184814e+02, 3.35310669e+02, 2.43332520e+02, 3.50988373e+02,
    2.45375092e+02, 3.66771088e+02, 2.21094376e+02, 3.03308411e+02,
    2.23410690e+02, 3.19072418e+02, 2.25867355e+02, 3.34483826e+02,
    2.28125183e+02, 3.50100830e+02, 2.30110199e+02, 3.65367157e+02,
    2.06061356e+02, 3.03031158e+02, 2.08519928e+02, 3.18589233e+02,
    2.10951202e+02, 3.33975739e+02, 2.13187820e+02, 3.48877930e+02,
    2.15489716e+02, 3.63873993e+02, 1.91541046e+02, 3.02804779e+02,
    1.93851105e+02, 3.18091156e+02, 1.96253906e+02, 3.33232727e+02,
    1.98817886e+02, 3.48125244e+02, 2.01099487e+02, 3.62843170e+02,
    1.77081223e+02, 3.02728485e+02, 1.79697601e+02, 3.17828735e+02,
    1.82161606e+02, 3.32702606e+02, 1.84774628e+02, 3.47291656e+02,
    1.87372604e+02, 3.61549713e+02 ]
