%YAML:1.0
---
points: [ 2.86597504e+02, 2.94790955e+02, 2.86282776e+02, 3.09832611e+02,
    2.85898682e+02, 3.24719238e+02, 2.85897339e+02, 3.39547943e+02,
    2.85886749e+02, 3.54291809e+02, 2.73179749e+02, 2.97748291e+02,
    2.72608704e+02, 3.13393158e+02, 2.72353058e+02, 3.28523468e+02,
    2.72369965e+02, 3.43658966e+02, 2.72444366e+02, 3.58658569e+02,
    2.58354248e+02, 3.01527649e+02, 2.58346771e+02, 3.17132690e+02,
    2.58217072e+02, 3.32607635e+02, 2.58168365e+02, 3.47935211e+02,
    2.58567291e+02, 3.63098755e+02, 2.43343399e+02, 3.04989990e+02,
    2.43549347e+02, 3.21060120e+02, 2.43489944e+02, 3.36861481e+02,
    2.43542633e+02, 3.52367615e+02, 2.43688232e+02, 3.67858398e+02,
    2.27522339e+02, 3.08596161e+02, 2.27771164e+02, 3.25193909e+02,
    2.27880371e+02, 3.41274414e+02, 2.28047684e+02, 3.57001495e+02,
    2.28592255e+02, 3.72498993e+02, 2.11147537e+02, 3.12692993e+02,
    2.11511292e+02, 3.29475250e+02, 2.11757767e+02, 3.45966644e+02,
    2.12131882e+02, 3.61902985e+02, 2.12413589e+02, 3.77773376e+02,
    1.93843277e+02, 3.17014740e+02, 1.94478409e+02, 3.34103058e+02,
    1.94975708e+02, 3.50879150e+02, 1.95348602e+02, 3.67080353e+02,
    1.95870346e+02, 3.82966797e+02 ]
