%YAML:1.0
---
points: [ 4.62481750e+02, 4.82479019e+01, 4.66514038e+02, 6.48969116e+01,
    4.69994385e+02, 8.28942032e+01, 4.74017456e+02, 1.00425621e+02,
    4.78016876e+02, 1.19121643e+02, 4.47435822e+02, 4.53862076e+01,
    4.50555511e+02, 6.31478615e+01, 4.54059204e+02, 8.08913345e+01,
    4.57794891e+02, 9.93302612e+01, 4.61702271e+02, 1.17663994e+02,
    4.30777557e+02, 4.34138832e+01, 4.34232910e+02, 6.11101189e+01,
    4.37443268e+02, 7.93756104e+01, 4.40856934e+02, 9.78299713e+01,
    4.44535370e+02, 1.16823135e+02, 4.14205963e+02, 4.12437668e+01,
    4.17026917e+02, 5.92066956e+01, 4.19947876e+02, 7.77221527e+01,
    4.23107605e+02, 9.68630600e+01, 4.26497253e+02, 1.15735001e+02,
    3.96123383e+02, 3.92181702e+01, 3.99323914e+02, 5.74029388e+01,
    4.01956055e+02, 7.61670609e+01, 4.04793060e+02, 9.55588989e+01,
    4.07790497e+02, 1.15215530e+02, 3.78125763e+02, 3.69817581e+01,
    3.80688629e+02, 5.56520500e+01, 3.83609680e+02, 7.46346588e+01,
    3.85966156e+02, 9.42510147e+01, 3.88559784e+02, 1.14301308e+02,
    3.59324371e+02, 3.47845268e+01, 3.61899200e+02, 5.35897751e+01,
    3.64191315e+02, 7.30531235e+01, 3.66628265e+02, 9.30887222e+01,
    3.68822144e+02, 1.13575119e+02 ]
