%YAML:1.0
---
points: [ 4.82223724e+02, 3.07987183e+02, 4.81238892e+02, 3.25756134e+02,
    4.80049774e+02, 3.43492584e+02, 4.78523407e+02, 3.60400543e+02,
    4.77297760e+02, 3.77897827e+02, 4.62044098e+02, 3.06958984e+02,
    4.61307251e+02, 3.24951233e+02, 4.60544312e+02, 3.42126526e+02,
    4.59753540e+02, 3.59544556e+02, 4.58269379e+02, 3.76052612e+02,
    4.41975922e+02, 3.05936279e+02, 4.41675079e+02, 3.23410736e+02,
    4.41023041e+02, 3.40918427e+02, 4.40308319e+02, 3.57752289e+02,
    4.39835541e+02, 3.74908752e+02, 4.22220276e+02, 3.04553009e+02,
    4.22196594e+02, 3.22123840e+02, 4.21870941e+02, 3.39237579e+02,
    4.21443390e+02, 3.56214783e+02, 4.20591736e+02, 3.72900238e+02,
    4.02771088e+02, 3.03162811e+02, 4.02871368e+02, 3.20430786e+02,
    4.02820312e+02, 3.37645874e+02, 4.02618958e+02, 3.54265503e+02,
    4.02383850e+02, 3.70917694e+02, 3.83902985e+02, 3.01787720e+02,
    3.83972534e+02, 3.18930389e+02, 3.84116943e+02, 3.35887756e+02,
    3.84115143e+02, 3.52394012e+02, 3.83882599e+02, 3.68790466e+02,
    3.65448669e+02, 3.00467499e+02, 3.65774292e+02, 3.17299652e+02,
    3.65951965e+02, 3.34019318e+02, 3.66122925e+02, 3.50462677e+02,
    3.66319305e+02, 3.66656921e+02 ]
