%YAML:1.0
---
points: [ 1.86071686e+02, 7.13188843e+02, 1.88767059e+02, 7.50561829e+02,
    1.91468719e+02, 7.87915527e+02, 1.92693878e+02, 8.25446960e+02,
    1.94232895e+02, 8.62792725e+02, 1.58424530e+02, 7.11555786e+02,
    1.61346176e+02, 7.48618225e+02, 1.64194870e+02, 7.85550171e+02,
    1.65624420e+02, 8.22542419e+02, 1.66569336e+02, 8.59650513e+02,
    1.31562485e+02, 7.09726562e+02, 1.34511902e+02, 7.46425537e+02,
    1.37289825e+02, 7.83044800e+02, 1.39341812e+02, 8.19410828e+02,
    1.40320404e+02, 8.56066467e+02, 1.05693260e+02, 7.08230652e+02,
    1.08031380e+02, 7.44521851e+02, 1.11332695e+02, 7.80629578e+02,
    1.13367462e+02, 8.16643738e+02, 1.14468033e+02, 8.52977234e+02,
    8.07807541e+01, 7.06531860e+02, 8.26326294e+01, 7.42482727e+02,
    8.56159744e+01, 7.78286560e+02, 8.78671494e+01, 8.13650513e+02,
    8.98063507e+01, 8.49622314e+02, 5.55475159e+01, 7.04809937e+02,
    5.78766098e+01, 7.40473816e+02, 6.00139999e+01, 7.76060059e+02,
    6.30856056e+01, 8.11271545e+02, 6.51699219e+01, 8.46338684e+02,
    3.04835281e+01, 7.03421814e+02, 3.32708435e+01, 7.38678528e+02,
    3.56051445e+01, 7.73682129e+02, 3.85586128e+01, 8.08528870e+02,
    4.12699776e+01, 8.43400085e+02 ]
