%YAML:1.0
---
points: [ 1.52458069e+03, 8.15181519e+02, 1.52161865e+03, 8.65709045e+02,
    1.51828088e+03, 9.16028198e+02, 1.51658032e+03, 9.66356323e+02,
    1.51465063e+03, 1.01669330e+03, 1.48176721e+03, 8.19582458e+02,
    1.47866187e+03, 8.70813721e+02, 1.47569971e+03, 9.21807007e+02,
    1.47396594e+03, 9.72642761e+02, 1.47253113e+03, 1.02384760e+03,
    1.43740820e+03, 8.23938171e+02, 1.43441040e+03, 8.76013062e+02,
    1.43205249e+03, 9.27735657e+02, 1.42972900e+03, 9.79323914e+02,
    1.42852271e+03, 1.03097803e+03, 1.39152295e+03, 8.28471680e+02,
    1.38967725e+03, 8.81441589e+02, 1.38673315e+03, 9.33678772e+02,
    1.38480457e+03, 9.85750061e+02, 1.38357959e+03, 1.03844604e+03,
    1.34408350e+03, 8.32658569e+02, 1.34272107e+03, 8.86580017e+02,
    1.34039307e+03, 9.39630737e+02, 1.33833850e+03, 9.92516479e+02,
    1.33671460e+03, 1.04535449e+03, 1.29608447e+03, 8.37518799e+02,
    1.29460767e+03, 8.92055786e+02, 1.29315552e+03, 9.46454468e+02,
    1.29100647e+03, 9.99755127e+02, 1.28926929e+03, 1.05332861e+03,
    1.24728076e+03, 8.42603821e+02, 1.24569666e+03, 8.97995239e+02,
    1.24423401e+03, 9.53176514e+02, 1.24238367e+03, 1.00726630e+03,
    1.24028052e+03, 1.06090735e+03 ]
