%YAML:1.0
---
points: [ 4.76122894e+02, 2.99573578e+02, 4.74643036e+02, 3.15968262e+02,
    4.73140961e+02, 3.32707550e+02, 4.71703491e+02, 3.48711456e+02,
    4.70582428e+02, 3.65034607e+02, 4.63098846e+02, 3.01301910e+02,
    4.61613831e+02, 3.18430237e+02, 4.60031403e+02, 3.34995453e+02,
    4.58988098e+02, 3.51738586e+02, 4.57528564e+02, 3.67864594e+02,
    4.49067596e+02, 3.03330078e+02, 4.47846710e+02, 3.20484344e+02,
    4.46612457e+02, 3.37669006e+02, 4.45255829e+02, 3.54414093e+02,
    4.44472443e+02, 3.71149963e+02, 4.34643555e+02, 3.05054443e+02,
    4.33831635e+02, 3.22798584e+02, 4.32329224e+02, 3.40113953e+02,
    4.31340912e+02, 3.57330963e+02, 4.30147430e+02, 3.74242584e+02,
    4.19392273e+02, 3.06896088e+02, 4.18760376e+02, 3.25014130e+02,
    4.17728210e+02, 3.42670776e+02, 4.16451691e+02, 3.60049896e+02,
    4.15662872e+02, 3.77317017e+02, 4.03791626e+02, 3.08833832e+02,
    4.03096039e+02, 3.27334076e+02, 4.02378510e+02, 3.45436035e+02,
    4.01425049e+02, 3.62899780e+02, 4.00248505e+02, 3.80455597e+02,
    3.87841156e+02, 3.10984161e+02, 3.87222748e+02, 3.29506073e+02,
    3.86677429e+02, 3.47863159e+02, 3.85655823e+02, 3.65931549e+02,
    3.84780273e+02, 3.83476501e+02 ]
