%YAML:1.0
---
points: [ 1.47978442e+03, 8.33686218e+02, 1.47937878e+03, 8.92012756e+02,
    1.47852747e+03, 9.50505676e+02, 1.47592529e+03, 1.00931451e+03,
    1.47331604e+03, 1.06848071e+03, 1.43266199e+03, 8.22095398e+02,
    1.43252490e+03, 8.77502014e+02, 1.43175464e+03, 9.33419739e+02,
    1.42949805e+03, 9.89435913e+02, 1.42658606e+03, 1.04627441e+03,
    1.39024841e+03, 8.11331055e+02, 1.38974976e+03, 8.64379028e+02,
    1.38875378e+03, 9.17604919e+02, 1.38708716e+03, 9.71323853e+02,
    1.38437659e+03, 1.02555811e+03, 1.35124719e+03, 8.01372253e+02,
    1.35008521e+03, 8.52114868e+02, 1.34961951e+03, 9.03232300e+02,
    1.34832300e+03, 9.54609863e+02, 1.34541064e+03, 1.00641968e+03,
    1.31591724e+03, 7.92179443e+02, 1.31434595e+03, 8.40777466e+02,
    1.31335376e+03, 8.89724792e+02, 1.31221570e+03, 9.39173828e+02,
    1.31028003e+03, 9.88909241e+02, 1.28238538e+03, 7.83544250e+02,
    1.28105688e+03, 8.30478638e+02, 1.27949744e+03, 8.77604858e+02,
    1.27868127e+03, 9.25071472e+02, 1.27712769e+03, 9.72679993e+02,
    1.25095789e+03, 7.75820251e+02, 1.24976758e+03, 8.20832520e+02,
    1.24855481e+03, 8.66315002e+02, 1.24760449e+03, 9.11785339e+02,
    1.24659705e+03, 9.57643921e+02 ]
