%YAML:1.0
---
points: [ 1.39964584e+02, 3.02900604e+02, 1.40893127e+02, 3.20793182e+02,
    1.41665894e+02, 3.38836853e+02, 1.42338608e+02, 3.56949188e+02,
    1.43276245e+02, 3.75279297e+02, 1.22754395e+02, 3.04171478e+02,
    1.23603539e+02, 3.21849396e+02, 1.24524780e+02, 3.39790771e+02,
    1.25288933e+02, 3.57915771e+02, 1.25685356e+02, 3.75869263e+02,
    1.05584755e+02, 3.05239838e+02, 1.06593788e+02, 3.23070618e+02,
    1.07447098e+02, 3.40784454e+02, 1.08165924e+02, 3.58444916e+02,
    1.09055359e+02, 3.76531250e+02, 8.89398956e+01, 3.06241638e+02,
    8.96708679e+01, 3.23926361e+02, 9.06377716e+01, 3.41452789e+02,
    9.17175522e+01, 3.59096283e+02, 9.22072678e+01, 3.76871521e+02,
    7.24560318e+01, 3.06938599e+02, 7.32959747e+01, 3.24721863e+02,
    7.42007141e+01, 3.42130493e+02, 7.50985413e+01, 3.59549835e+02,
    7.64275284e+01, 3.76775635e+02, 5.62085609e+01, 3.07830536e+02,
    5.69201355e+01, 3.25387482e+02, 5.78467216e+01, 3.42786560e+02,
    5.92758217e+01, 3.59754120e+02, 6.01535797e+01, 3.76936768e+02,
    4.03177681e+01, 3.08655121e+02, 4.12086372e+01, 3.25872986e+02,
    4.23754082e+01, 3.42899536e+02, 4.34485703e+01, 3.60035126e+02,
    4.53760719e+01, 3.76574707e+02 ]
