%YAML:1.0
---
points: [ 5.30807251e+02, 8.07626404e+02, 5.33411316e+02, 8.59537231e+02,
    5.35998657e+02, 9.11665955e+02, 5.38117859e+02, 9.64601807e+02,
    5.39971985e+02, 1.01831836e+03, 4.76480865e+02, 8.13414795e+02,
    4.79372314e+02, 8.65520569e+02, 4.81593292e+02, 9.18077454e+02,
    4.83740479e+02, 9.71351685e+02, 4.85459839e+02, 1.02539136e+03,
    4.22011688e+02, 8.19087524e+02, 4.24299194e+02, 8.71611450e+02,
    4.26813049e+02, 9.24504333e+02, 4.28732635e+02, 9.77885498e+02,
    4.30427948e+02, 1.03241980e+03, 3.66463135e+02, 8.24754639e+02,
    3.68818787e+02, 8.77688965e+02, 3.71354858e+02, 9.30793152e+02,
    3.73453339e+02, 9.84622253e+02, 3.74860840e+02, 1.03904810e+03,
    3.11157654e+02, 8.30352539e+02, 3.12849884e+02, 8.83726440e+02,
    3.15344879e+02, 9.37353638e+02, 3.17526154e+02, 9.91139771e+02,
    3.19324280e+02, 1.04552551e+03, 2.54511093e+02, 8.36074585e+02,
    2.56456940e+02, 8.89677979e+02, 2.58375092e+02, 9.43733887e+02,
    2.60606293e+02, 9.97516602e+02, 2.62763519e+02, 1.05218835e+03,
    1.97374771e+02, 8.41702515e+02, 1.99330444e+02, 8.95658447e+02,
    2.01466553e+02, 9.49917419e+02, 2.03545471e+02, 1.00414221e+03,
    2.06266083e+02, 1.05869263e+03 ]
