%YAML:1.0
---
points: [ 1.42739944e+02, 7.14471207e+01, 1.43060989e+02, 8.72441940e+01,
    1.43316788e+02, 1.03236038e+02, 1.43617767e+02, 1.19092552e+02,
    1.44110428e+02, 1.35363678e+02, 1.26190994e+02, 6.73471680e+01,
    1.26229347e+02, 8.35678558e+01, 1.26276459e+02, 9.98608856e+01,
    1.26537674e+02, 1.16217239e+02, 1.26837975e+02, 1.32785233e+02,
    1.08644478e+02, 6.32515678e+01, 1.08555237e+02, 7.97712326e+01,
    1.08513680e+02, 9.63429031e+01, 1.08474998e+02, 1.13191826e+02,
    1.08581757e+02, 1.30159424e+02, 9.05720291e+01, 5.91864052e+01,
    9.02001343e+01, 7.58203583e+01, 8.98383865e+01, 9.29061203e+01,
    8.95941849e+01, 1.10118454e+02, 8.95033417e+01, 1.27381844e+02,
    7.14765549e+01, 5.50694618e+01, 7.08606644e+01, 7.18797836e+01,
    7.03436584e+01, 8.92659378e+01, 6.97710648e+01, 1.07004997e+02,
    6.95036621e+01, 1.24727806e+02, 5.22620850e+01, 5.10245857e+01,
    5.12039604e+01, 6.78741150e+01, 5.02966385e+01, 8.55670853e+01,
    4.94086533e+01, 1.03671135e+02, 4.86223640e+01, 1.21962395e+02,
    3.22966003e+01, 4.70087852e+01, 3.09917927e+01, 6.42013092e+01,
    2.94972363e+01, 8.20705948e+01, 2.83396912e+01, 1.00369736e+02,
    2.73024654e+01, 1.19152885e+02 ]
