%YAML:1.0
---
points: [ 1.41359375e+02, 3.00859070e+02, 1.42606277e+02, 3.18278107e+02,
    1.43731857e+02, 3.36001373e+02, 1.44825867e+02, 3.53696533e+02,
    1.46156937e+02, 3.71513763e+02, 1.23565727e+02, 3.02926575e+02,
    1.24692711e+02, 3.20484192e+02, 1.25908020e+02, 3.37888428e+02,
    1.27091385e+02, 3.55943390e+02, 1.28065262e+02, 3.73652222e+02,
    1.05450783e+02, 3.04972107e+02, 1.06736198e+02, 3.22627472e+02,
    1.07938965e+02, 3.40057434e+02, 1.09057327e+02, 3.57925110e+02,
    1.10432114e+02, 3.75686951e+02, 8.74305420e+01, 3.06830261e+02,
    8.86174698e+01, 3.24600586e+02, 8.99365768e+01, 3.42194183e+02,
    9.13439865e+01, 3.59789185e+02, 9.23565140e+01, 3.77688416e+02,
    6.93678207e+01, 3.08592285e+02, 7.06408997e+01, 3.26410309e+02,
    7.19547043e+01, 3.44101257e+02, 7.32052002e+01, 3.61691345e+02,
    7.50084076e+01, 3.79089600e+02, 5.13775139e+01, 3.10386108e+02,
    5.26129456e+01, 3.28137085e+02, 5.39497452e+01, 3.45869415e+02,
    5.58062439e+01, 3.63130707e+02, 5.71224251e+01, 3.80819214e+02,
    3.34039726e+01, 3.11974701e+02, 3.49853210e+01, 3.29793640e+02,
    3.65889740e+01, 3.47053650e+02, 3.82480469e+01, 3.64827576e+02,
    4.07115479e+01, 3.81436829e+02 ]
