%YAML:1.0
---
points: [ 7.33438416e+02, 8.77135925e+02, 6.98099060e+02, 9.20705017e+02,
    6.62114685e+02, 9.64983887e+02, 6.24901489e+02, 1.01005505e+03,
    5.87292847e+02, 1.05581885e+03, 6.94249023e+02, 8.42500854e+02,
    6.58887512e+02, 8.85557739e+02, 6.22858154e+02, 9.29214783e+02,
    5.85829590e+02, 9.73554504e+02, 5.47646179e+02, 1.01865497e+03,
    6.55650940e+02, 8.08547791e+02, 6.20335999e+02, 8.50966919e+02,
    5.84247864e+02, 8.94067017e+02, 5.47321472e+02, 9.37587524e+02,
    5.09329498e+02, 9.82106384e+02, 6.17707397e+02, 7.74973633e+02,
    5.82068787e+02, 8.16878601e+02, 5.46070679e+02, 8.59395996e+02,
    5.09245087e+02, 9.02374573e+02, 4.71318909e+02, 9.45948303e+02,
    5.80381165e+02, 7.42096313e+02, 5.44434814e+02, 7.83428406e+02,
    5.08324402e+02, 8.25264954e+02, 4.71611420e+02, 8.67476685e+02,
    4.34147491e+02, 9.10476257e+02, 5.43046631e+02, 7.09488159e+02,
    5.07138550e+02, 7.50289368e+02, 4.70535706e+02, 7.91524841e+02,
    4.34189514e+02, 8.33293884e+02, 3.96861389e+02, 8.75522461e+02,
    5.05718689e+02, 6.77348267e+02, 4.69809967e+02, 7.17531677e+02,
    4.33572571e+02, 7.58385132e+02, 3.97220428e+02, 7.99528564e+02,
    3.60448578e+02, 8.41264954e+02 ]
