%YAML:1.0
---
points: [ 2.11113266e+02, 3.23915588e+02, 1.99628983e+02, 3.38798706e+02,
    1.87891602e+02, 3.53752106e+02, 1.75936218e+02, 3.68853455e+02,
    1.63966064e+02, 3.84056763e+02, 1.97572906e+02, 3.12326385e+02,
    1.86044174e+02, 3.26961456e+02, 1.74330734e+02, 3.41734924e+02,
    1.62445267e+02, 3.56668243e+02, 1.50149246e+02, 3.71615662e+02,
    1.84259094e+02, 3.00829437e+02, 1.72719604e+02, 3.15303284e+02,
    1.60905869e+02, 3.29882965e+02, 1.49044327e+02, 3.44592896e+02,
    1.36938843e+02, 3.59525574e+02, 1.71126755e+02, 2.89655334e+02,
    1.59505554e+02, 3.03853607e+02, 1.47812317e+02, 3.18355408e+02,
    1.35829514e+02, 3.32827118e+02, 1.23693977e+02, 3.47372620e+02,
    1.58195343e+02, 2.78566193e+02, 1.46564011e+02, 2.92646088e+02,
    1.34754822e+02, 3.06830994e+02, 1.22938820e+02, 3.21169006e+02,
    1.11015106e+02, 3.35510712e+02, 1.45391312e+02, 2.67662354e+02,
    1.33698410e+02, 2.81528046e+02, 1.21834480e+02, 2.95616516e+02,
    1.10100380e+02, 3.09585938e+02, 9.81098633e+01, 3.23798859e+02,
    1.32635742e+02, 2.56885193e+02, 1.20917435e+02, 2.70652191e+02,
    1.09160439e+02, 2.84381439e+02, 9.74096985e+01, 2.98360260e+02,
    8.56857224e+01, 3.12332977e+02 ]
