%YAML:1.0
---
points: [ 9.60834778e+02, 3.83419876e+01, 9.60639954e+02, 1.02218185e+02,
    9.60365723e+02, 1.64763840e+02, 9.59842163e+02, 2.25524094e+02,
    9.59418701e+02, 2.85600281e+02, 9.01383972e+02, 3.86754532e+01,
    9.01652588e+02, 1.02442558e+02, 9.02128418e+02, 1.64900803e+02,
    9.02178528e+02, 2.25569412e+02, 9.01844482e+02, 2.85340271e+02,
    8.42191895e+02, 3.92876778e+01, 8.43200256e+02, 1.02654823e+02,
    8.44058594e+02, 1.64868881e+02, 8.44568481e+02, 2.25506805e+02,
    8.44875854e+02, 2.85167847e+02, 7.83225952e+02, 3.96058693e+01,
    7.84665771e+02, 1.02604668e+02, 7.86258362e+02, 1.64797501e+02,
    7.87348511e+02, 2.25352722e+02, 7.88185425e+02, 2.84712006e+02,
    7.24652344e+02, 4.03371429e+01, 7.26528687e+02, 1.02790085e+02,
    7.28427551e+02, 1.64642899e+02, 7.30223938e+02, 2.25014206e+02,
    7.31675537e+02, 2.84391052e+02, 6.66138062e+02, 4.05149689e+01,
    6.68505676e+02, 1.02912010e+02, 6.70529724e+02, 1.64319046e+02,
    6.73157227e+02, 2.24587906e+02, 6.75157471e+02, 2.83876465e+02,
    6.07659607e+02, 4.05243111e+01, 6.10550781e+02, 1.02747673e+02,
    6.13360779e+02, 1.64145035e+02, 6.16269165e+02, 2.24275513e+02,
    6.18828186e+02, 2.83345428e+02 ]
