%YAML:1.0
---
points: [ 3.43460297e+02, 8.59544067e+01, 3.54017609e+02, 9.58824310e+01,
    3.64669403e+02, 1.06013855e+02, 3.75316132e+02, 1.16717201e+02,
    3.86282013e+02, 1.27571548e+02, 3.37056549e+02, 9.78710556e+01,
    3.47173126e+02, 1.07634567e+02, 3.57410126e+02, 1.17587334e+02,
    3.67668488e+02, 1.27953667e+02, 3.77982452e+02, 1.38794006e+02,
    3.31139618e+02, 1.09054375e+02, 3.40789825e+02, 1.18629128e+02,
    3.50495667e+02, 1.28360672e+02, 3.60494293e+02, 1.38541016e+02,
    3.70401276e+02, 1.49030899e+02, 3.25619385e+02, 1.19538574e+02,
    3.34610138e+02, 1.28998077e+02, 3.44110901e+02, 1.38543839e+02,
    3.53681610e+02, 1.48324051e+02, 3.63227112e+02, 1.58698608e+02,
    3.20413086e+02, 1.29347702e+02, 3.29066956e+02, 1.38605560e+02,
    3.38086151e+02, 1.48072708e+02, 3.47415344e+02, 1.57674164e+02,
    3.56680328e+02, 1.67591156e+02, 3.15420349e+02, 1.38645767e+02,
    3.23738556e+02, 1.47747345e+02, 3.32350983e+02, 1.57055405e+02,
    3.41365570e+02, 1.66336899e+02, 3.50431915e+02, 1.76105927e+02,
    3.10545105e+02, 1.47422836e+02, 3.18759247e+02, 1.56301147e+02,
    3.27055695e+02, 1.65248703e+02, 3.35775177e+02, 1.74574722e+02,
    3.44587494e+02, 1.83878632e+02 ]
