%YAML:1.0
---
points: [ 5.78485352e+02, 8.02067810e+02, 5.67994568e+02, 8.40249512e+02,
    5.57119324e+02, 8.80603210e+02, 5.47020630e+02, 9.22617371e+02,
    5.36386719e+02, 9.67264343e+02, 5.53972290e+02, 7.83423401e+02,
    5.42354858e+02, 8.22433838e+02, 5.30379456e+02, 8.63263550e+02,
    5.18762573e+02, 9.05985352e+02, 5.07555725e+02, 9.51272705e+02,
    5.27695312e+02, 7.63791016e+02, 5.15180237e+02, 8.03280701e+02,
    5.02199554e+02, 8.44720764e+02, 4.89177887e+02, 8.88488403e+02,
    4.76358429e+02, 9.34491882e+02, 4.99677063e+02, 7.42946289e+02,
    4.86624878e+02, 7.82999207e+02, 4.72204407e+02, 8.25276489e+02,
    4.57732819e+02, 8.69719299e+02, 4.43523865e+02, 9.16612793e+02,
    4.69685547e+02, 7.21210327e+02, 4.55743164e+02, 7.61512634e+02,
    4.40360596e+02, 8.04430664e+02, 4.24350494e+02, 8.49691162e+02,
    4.07834442e+02, 8.97639587e+02, 4.38640167e+02, 6.97631958e+02,
    4.23284912e+02, 7.38748352e+02, 4.07217255e+02, 7.82132874e+02,
    3.89172546e+02, 8.28338440e+02, 3.70731171e+02, 8.77187622e+02,
    4.06336761e+02, 6.72647461e+02, 3.89327576e+02, 7.14269470e+02,
    3.71382385e+02, 7.58426147e+02, 3.51730560e+02, 8.05278503e+02,
    3.30872101e+02, 8.55356323e+02 ]
