%YAML:1.0
---
points: [ 9.85247925e+02, 3.80285873e+01, 9.81523499e+02, 1.09754112e+02,
    9.78292297e+02, 1.77469223e+02, 9.75048523e+02, 2.41925415e+02,
    9.71787598e+02, 3.03235474e+02, 9.19283752e+02, 3.46287155e+01,
    9.17525085e+02, 1.07032639e+02, 9.15930054e+02, 1.75405045e+02,
    9.14365051e+02, 2.40035248e+02, 9.12708069e+02, 3.01782379e+02,
    8.52403320e+02, 3.11296234e+01, 8.52603333e+02, 1.04040268e+02,
    8.52809937e+02, 1.72803711e+02, 8.52829163e+02, 2.38151260e+02,
    8.52793335e+02, 3.00055908e+02, 7.84673035e+02, 2.76273098e+01,
    7.86675171e+02, 1.01203156e+02, 7.88752197e+02, 1.70433472e+02,
    7.90556580e+02, 2.35812485e+02, 7.92016968e+02, 2.98339294e+02,
    7.15887146e+02, 2.39007778e+01, 7.19674866e+02, 9.77705078e+01,
    7.23577759e+02, 1.67524612e+02, 7.27356323e+02, 2.33700226e+02,
    7.30421753e+02, 2.96434448e+02, 6.45706848e+02, 2.02064342e+01,
    6.51771606e+02, 9.45281296e+01, 6.57442932e+02, 1.65118530e+02,
    6.62800781e+02, 2.31230682e+02, 6.67724121e+02, 2.94466125e+02,
    5.74937378e+02, 1.65941467e+01, 5.82597595e+02, 9.13724747e+01,
    5.90360046e+02, 1.62008347e+02, 5.97448181e+02, 2.28998093e+02,
    6.04423767e+02, 2.92370270e+02 ]
