%YAML:1.0
---
points: [ 1.51315552e+02, 2.98988312e+02, 1.48641052e+02, 3.11945465e+02,
    1.45727844e+02, 3.25566864e+02, 1.43266541e+02, 3.39599579e+02,
    1.40734177e+02, 3.54584991e+02, 1.43724350e+02, 2.92682190e+02,
    1.40577805e+02, 3.06015961e+02, 1.37459534e+02, 3.19669006e+02,
    1.34567719e+02, 3.34138519e+02, 1.31841843e+02, 3.49162781e+02,
    1.35520569e+02, 2.86116089e+02, 1.32134750e+02, 2.99457855e+02,
    1.28695847e+02, 3.13492096e+02, 1.25349686e+02, 3.28162994e+02,
    1.22226662e+02, 3.43638733e+02, 1.26798256e+02, 2.79113098e+02,
    1.23279938e+02, 2.92720459e+02, 1.19391479e+02, 3.06828064e+02,
    1.15610252e+02, 3.21864471e+02, 1.12112228e+02, 3.37475983e+02,
    1.17403320e+02, 2.71818726e+02, 1.13711174e+02, 2.85459442e+02,
    1.09574875e+02, 2.99893341e+02, 1.05323708e+02, 3.15204987e+02,
    1.01221581e+02, 3.31219116e+02, 1.07930199e+02, 2.64041565e+02,
    1.03718147e+02, 2.77827332e+02, 9.94209290e+01, 2.92394318e+02,
    9.45585251e+01, 3.08003296e+02, 8.97540131e+01, 3.24247314e+02,
    9.78261414e+01, 2.55505692e+02, 9.31924591e+01, 2.69440002e+02,
    8.82743759e+01, 2.84449371e+02, 8.31009674e+01, 3.00210907e+02,
    7.76826630e+01, 3.16908691e+02 ]
