%YAML:1.0
---
points: [ 9.85285217e+02, 3.80430107e+01, 9.81565613e+02, 1.09698227e+02,
    9.78287292e+02, 1.77463959e+02, 9.75031982e+02, 2.41869919e+02,
    9.71780945e+02, 3.03219025e+02, 9.19237793e+02, 3.46218758e+01,
    9.17549988e+02, 1.06948334e+02, 9.15978760e+02, 1.75409195e+02,
    9.14385254e+02, 2.40043503e+02, 9.12702026e+02, 3.01764923e+02,
    8.52397949e+02, 3.11320438e+01, 8.52635010e+02, 1.03999107e+02,
    8.52796387e+02, 1.72814957e+02, 8.52866394e+02, 2.38084702e+02,
    8.52791138e+02, 3.00010529e+02, 7.84638123e+02, 2.75819874e+01,
    7.86658447e+02, 1.01169830e+02, 7.88706299e+02, 1.70428253e+02,
    7.90536194e+02, 2.35830627e+02, 7.92005737e+02, 2.98334717e+02,
    7.15835632e+02, 2.38717918e+01, 7.19625854e+02, 9.77910538e+01,
    7.23537598e+02, 1.67539093e+02, 7.27325073e+02, 2.33632935e+02,
    7.30428894e+02, 2.96427948e+02, 6.45658020e+02, 2.01847897e+01,
    6.51705505e+02, 9.45391464e+01, 6.57421204e+02, 1.65107178e+02,
    6.62816956e+02, 2.31230011e+02, 6.67728638e+02, 2.94452820e+02,
    5.74876465e+02, 1.65446892e+01, 5.82586853e+02, 9.13672943e+01,
    5.90350525e+02, 1.61935333e+02, 5.97418945e+02, 2.28986481e+02,
    6.04390320e+02, 2.92356018e+02 ]
