%YAML:1.0
---
points: [ 6.63421021e+02, 1.52342896e+02, 6.53551331e+02, 2.02431061e+02,
    6.43896057e+02, 2.50607407e+02, 6.35359131e+02, 2.97836578e+02,
    6.26861633e+02, 3.44048035e+02, 6.16665100e+02, 1.40370529e+02,
    6.06947266e+02, 1.92135681e+02, 5.97755249e+02, 2.42233704e+02,
    5.89602905e+02, 2.91196075e+02, 5.81504822e+02, 3.38704834e+02,
    5.66183289e+02, 1.27467232e+02, 5.57396667e+02, 1.81371490e+02,
    5.48816101e+02, 2.33517136e+02, 5.40455688e+02, 2.83662933e+02,
    5.32941345e+02, 3.33270752e+02, 5.12555176e+02, 1.13693436e+02,
    5.04517181e+02, 1.69985504e+02, 4.96333618e+02, 2.23815292e+02,
    4.88330322e+02, 2.76020721e+02, 4.81169495e+02, 3.27243469e+02,
    4.54694550e+02, 9.92049789e+01, 4.47526306e+02, 1.57561172e+02,
    4.39769745e+02, 2.13673447e+02, 4.32526428e+02, 2.67669556e+02,
    4.25532715e+02, 3.20519806e+02, 3.93172943e+02, 8.39235077e+01,
    3.86350006e+02, 1.44645447e+02, 3.79689545e+02, 2.03129486e+02,
    3.72552002e+02, 2.59262756e+02, 3.66214783e+02, 3.13673828e+02,
    3.27381073e+02, 6.78259048e+01, 3.21090668e+02, 1.30815521e+02,
    3.14747345e+02, 1.91632095e+02, 3.08739288e+02, 2.50112411e+02,
    3.02796143e+02, 3.06672394e+02 ]
