%YAML:1.0
---
points: [ 4.96840668e+02, 3.30323578e+02, 4.83937256e+02, 3.44202789e+02,
    4.69640137e+02, 3.58322510e+02, 4.56129730e+02, 3.71540833e+02,
    4.41905121e+02, 3.85057373e+02, 4.81986053e+02, 3.16220734e+02,
    4.68140442e+02, 3.30322083e+02, 4.54608551e+02, 3.43677460e+02,
    4.40602203e+02, 3.57204102e+02, 4.27370544e+02, 3.70117920e+02,
    4.65993042e+02, 3.02481415e+02, 4.52602966e+02, 3.16113892e+02,
    4.39028839e+02, 3.29625580e+02, 4.25872803e+02, 3.42641022e+02,
    4.12632233e+02, 3.55674072e+02, 4.50319092e+02, 2.88845032e+02,
    4.36949371e+02, 3.02399323e+02, 4.23994141e+02, 3.15618378e+02,
    4.11092377e+02, 3.28571167e+02, 3.98261932e+02, 3.41213776e+02,
    4.34651489e+02, 2.75704895e+02, 4.21832458e+02, 2.89014343e+02,
    4.09145355e+02, 3.02042419e+02, 3.96655121e+02, 3.14687897e+02,
    3.84190186e+02, 3.27300201e+02, 4.19711029e+02, 2.63044830e+02,
    4.07012695e+02, 2.76076691e+02, 3.94703400e+02, 2.88942932e+02,
    3.82566742e+02, 3.01450714e+02, 3.70601685e+02, 3.13835449e+02,
    4.04858429e+02, 2.50780960e+02, 3.92804749e+02, 2.63682526e+02,
    3.80780212e+02, 2.76279816e+02, 3.69032928e+02, 2.88698395e+02,
    3.57572144e+02, 3.00858276e+02 ]
