%YAML:1.0
---
points: [ 4.86900696e+02, 2.95829590e+02, 4.84806610e+02, 3.11806824e+02,
    4.82644684e+02, 3.28214203e+02, 4.80730194e+02, 3.43804810e+02,
    4.79038483e+02, 3.59497955e+02, 4.74965424e+02, 2.97561584e+02,
    4.72776947e+02, 3.14400208e+02, 4.70619263e+02, 3.30461884e+02,
    4.68877594e+02, 3.46954407e+02, 4.66965820e+02, 3.62587585e+02,
    4.61992828e+02, 2.99675446e+02, 4.60085480e+02, 3.16498840e+02,
    4.58212646e+02, 3.33371948e+02, 4.56184296e+02, 3.49648895e+02,
    4.54754944e+02, 3.66112762e+02, 4.48641449e+02, 3.01541718e+02,
    4.47045715e+02, 3.18889862e+02, 4.44985840e+02, 3.35901123e+02,
    4.43166473e+02, 3.52706085e+02, 4.41398834e+02, 3.69100006e+02,
    4.34247955e+02, 3.03414246e+02, 4.32878967e+02, 3.21209656e+02,
    4.31148804e+02, 3.38587524e+02, 4.29346771e+02, 3.55545563e+02,
    4.27854950e+02, 3.72360535e+02, 4.19664154e+02, 3.05443604e+02,
    4.18350983e+02, 3.23564087e+02, 4.16955536e+02, 3.41363464e+02,
    4.15292450e+02, 3.58568146e+02, 4.13432343e+02, 3.75711792e+02,
    4.04570984e+02, 3.07704102e+02, 4.03252716e+02, 3.25956268e+02,
    4.01994934e+02, 3.44040100e+02, 4.00312988e+02, 3.61825439e+02,
    3.98725952e+02, 3.79008728e+02 ]
