%YAML:1.0
---
points: [ 4.14989746e+02, 8.66497574e+01, 4.17794128e+02, 1.03911064e+02,
    4.20464722e+02, 1.21223579e+02, 4.23604187e+02, 1.37648315e+02,
    4.26850037e+02, 1.53947784e+02, 4.07322754e+02, 8.99435120e+01,
    4.10206543e+02, 1.08246605e+02, 4.13015961e+02, 1.25562401e+02,
    4.16313446e+02, 1.42748245e+02, 4.19699554e+02, 1.59173553e+02,
    3.99128540e+02, 9.38307343e+01, 4.02237030e+02, 1.12315399e+02,
    4.05228394e+02, 1.30527496e+02, 4.08356110e+02, 1.47919235e+02,
    4.12108856e+02, 1.64955399e+02, 3.90158936e+02, 9.79068680e+01,
    3.93763489e+02, 1.17034401e+02, 3.96762482e+02, 1.35559982e+02,
    4.00147522e+02, 1.53612640e+02, 4.03813110e+02, 1.70857376e+02,
    3.80417511e+02, 1.02511230e+02, 3.84440155e+02, 1.22002327e+02,
    3.87858154e+02, 1.41074478e+02, 3.91273468e+02, 1.59523132e+02,
    3.94991486e+02, 1.77389084e+02, 3.70433502e+02, 1.07090248e+02,
    3.74562134e+02, 1.27357475e+02, 3.78618561e+02, 1.46868027e+02,
    3.82032684e+02, 1.65833069e+02, 3.85764618e+02, 1.84225449e+02,
    3.59917480e+02, 1.12209648e+02, 3.64258026e+02, 1.32957657e+02,
    3.68461700e+02, 1.53176392e+02, 3.72204987e+02, 1.72464554e+02,
    3.75927216e+02, 1.91421082e+02 ]
