%YAML:1.0
---
points: [ 3.40657318e+02, 3.20158447e+02, 3.37708557e+02, 3.36159180e+02,
    3.34558319e+02, 3.52949921e+02, 3.31159271e+02, 3.70328125e+02,
    3.27512482e+02, 3.88657074e+02, 3.24322357e+02, 3.15921265e+02,
    3.20980255e+02, 3.31680817e+02, 3.17434998e+02, 3.48159210e+02,
    3.13816681e+02, 3.65395905e+02, 3.09692871e+02, 3.83235077e+02,
    3.08384766e+02, 3.11817230e+02, 3.04716949e+02, 3.27364899e+02,
    3.00916656e+02, 3.43436188e+02, 2.96739319e+02, 3.60319977e+02,
    2.92366730e+02, 3.77961884e+02, 2.92895508e+02, 3.07850555e+02,
    2.88933502e+02, 3.23101196e+02, 2.84762634e+02, 3.38993652e+02,
    2.80296997e+02, 3.55564270e+02, 2.75421417e+02, 3.72703125e+02,
    2.77807037e+02, 3.04171783e+02, 2.73491669e+02, 3.18960144e+02,
    2.69005432e+02, 3.34517120e+02, 2.64262878e+02, 3.50785919e+02,
    2.59180359e+02, 3.67805573e+02, 2.63182037e+02, 3.00522430e+02,
    2.58530304e+02, 3.14882904e+02, 2.53684158e+02, 3.30118530e+02,
    2.48641174e+02, 3.46154480e+02, 2.43169388e+02, 3.62858093e+02,
    2.48773239e+02, 2.96701324e+02, 2.43934738e+02, 3.10984619e+02,
    2.38751099e+02, 3.25862915e+02, 2.33340820e+02, 3.41654999e+02,
    2.27762115e+02, 3.58076294e+02 ]
