%YAML:1.0
---
points: [ 2.40689041e+02, 3.08031342e+02, 2.47595535e+02, 3.21631378e+02,
    2.54686691e+02, 3.35846222e+02, 2.62219666e+02, 3.50100006e+02,
    2.70363464e+02, 3.64970490e+02, 2.32098083e+02, 3.09691925e+02,
    2.38931992e+02, 3.24021484e+02, 2.46078659e+02, 3.38637299e+02,
    2.53836349e+02, 3.53644867e+02, 2.61948517e+02, 3.69031586e+02,
    2.22677048e+02, 3.11619537e+02, 2.29627777e+02, 3.26477875e+02,
    2.36948242e+02, 3.41762024e+02, 2.44578400e+02, 3.57410675e+02,
    2.52990723e+02, 3.73370697e+02, 2.12524597e+02, 3.13757812e+02,
    2.19674408e+02, 3.29118347e+02, 2.26936417e+02, 3.44938019e+02,
    2.34786240e+02, 3.61359039e+02, 2.43066147e+02, 3.78225525e+02,
    2.01508392e+02, 3.16196106e+02, 2.08748917e+02, 3.31924377e+02,
    2.16231323e+02, 3.48589874e+02, 2.24008453e+02, 3.65748474e+02,
    2.32455124e+02, 3.83304016e+02, 1.89743225e+02, 3.18467987e+02,
    1.97045837e+02, 3.35020966e+02, 2.04756897e+02, 3.52244995e+02,
    2.12556442e+02, 3.70346985e+02, 2.20814835e+02, 3.88938873e+02,
    1.77039536e+02, 3.20976776e+02, 1.84364883e+02, 3.38187561e+02,
    1.92236359e+02, 3.56367950e+02, 2.00195435e+02, 3.75364105e+02,
    2.08411240e+02, 3.94712341e+02 ]
