%YAML:1.0
---
points: [ 3.90374084e+02, 9.07145844e+01, 3.95748718e+02, 1.05065559e+02,
    4.01333008e+02, 1.19727257e+02, 4.06394592e+02, 1.35026474e+02,
    4.11689789e+02, 1.50775497e+02, 3.80602814e+02, 1.01322037e+02,
    3.85787994e+02, 1.15191086e+02, 3.90854309e+02, 1.29517838e+02,
    3.95749817e+02, 1.44252869e+02, 4.00392731e+02, 1.59574677e+02,
    3.71702728e+02, 1.11153267e+02, 3.76483856e+02, 1.24743279e+02,
    3.81239624e+02, 1.38559586e+02, 3.85853027e+02, 1.52858185e+02,
    3.90255310e+02, 1.67589966e+02, 3.63454681e+02, 1.20329742e+02,
    3.67712646e+02, 1.33468033e+02, 3.72302826e+02, 1.46928116e+02,
    3.76655823e+02, 1.60821716e+02, 3.80729004e+02, 1.75067307e+02,
    3.55926758e+02, 1.28848572e+02, 3.59755280e+02, 1.41554916e+02,
    3.63939484e+02, 1.54641510e+02, 3.68141144e+02, 1.68149048e+02,
    3.72223297e+02, 1.81923553e+02, 3.48626221e+02, 1.36854370e+02,
    3.52270081e+02, 1.49190323e+02, 3.55996307e+02, 1.61929413e+02,
    3.60088654e+02, 1.74891525e+02, 3.64093719e+02, 1.88255203e+02,
    3.41648682e+02, 1.44163483e+02, 3.45153961e+02, 1.56235764e+02,
    3.48742065e+02, 1.68410095e+02, 3.52653259e+02, 1.81240570e+02,
    3.56481262e+02, 1.94162842e+02 ]
