%YAML:1.0
---
points: [ 1.27309534e+03, 1.93802643e+02, 1.28674963e+03, 2.36686432e+02,
    1.30112024e+03, 2.80466125e+02, 1.31385840e+03, 3.25692078e+02,
    1.32738525e+03, 3.72316559e+02, 1.24683545e+03, 2.25571869e+02,
    1.26030811e+03, 2.66746216e+02, 1.27347021e+03, 3.09093658e+02,
    1.28561243e+03, 3.53000458e+02, 1.29743677e+03, 3.98203369e+02,
    1.22342493e+03, 2.54608704e+02, 1.23561670e+03, 2.94641937e+02,
    1.24777429e+03, 3.35739136e+02, 1.25972412e+03, 3.78125671e+02,
    1.27078528e+03, 4.21555939e+02, 1.20163623e+03, 2.81561249e+02,
    1.21255029e+03, 3.20429779e+02, 1.22437061e+03, 3.60243591e+02,
    1.23564978e+03, 4.00966187e+02, 1.24602893e+03, 4.43206726e+02,
    1.18212036e+03, 3.06427887e+02, 1.19172522e+03, 3.44291779e+02,
    1.20259534e+03, 3.82791809e+02, 1.21339697e+03, 4.22483490e+02,
    1.22377612e+03, 4.63138916e+02, 1.16306042e+03, 3.29538269e+02,
    1.17241406e+03, 3.66155457e+02, 1.18164099e+03, 4.03843109e+02,
    1.19245203e+03, 4.42068237e+02, 1.20251404e+03, 4.81607117e+02,
    1.14454199e+03, 3.51219940e+02, 1.15362268e+03, 3.86576202e+02,
    1.16284827e+03, 4.23107941e+02, 1.17274280e+03, 4.60363861e+02,
    1.18308276e+03, 4.98579926e+02 ]
