%YAML:1.0
---
points: [ 3.05022980e+02, 3.09339233e+02, 3.06944824e+02, 3.28463715e+02,
    3.08691101e+02, 3.47287323e+02, 3.10458069e+02, 3.66241730e+02,
    3.12104462e+02, 3.84658936e+02, 2.85059967e+02, 3.11251434e+02,
    2.86984558e+02, 3.30243225e+02, 2.88894714e+02, 3.48976318e+02,
    2.90799286e+02, 3.67736481e+02, 2.92434235e+02, 3.86254089e+02,
    2.65145996e+02, 3.13021271e+02, 2.67220825e+02, 3.31942627e+02,
    2.69269684e+02, 3.50749054e+02, 2.71143524e+02, 3.69326935e+02,
    2.73148743e+02, 3.87829071e+02, 2.45377335e+02, 3.14663818e+02,
    2.47535767e+02, 3.33837738e+02, 2.49655960e+02, 3.52422852e+02,
    2.51756042e+02, 3.70906586e+02, 2.53515640e+02, 3.89308105e+02,
    2.25643402e+02, 3.16437927e+02, 2.27916397e+02, 3.35541382e+02,
    2.30166748e+02, 3.54187897e+02, 2.32212006e+02, 3.72436249e+02,
    2.34442307e+02, 3.90646637e+02, 2.06022278e+02, 3.18448181e+02,
    2.08296066e+02, 3.37306732e+02, 2.10561951e+02, 3.56033234e+02,
    2.13030884e+02, 3.74312012e+02, 2.15151474e+02, 3.92347778e+02,
    1.86196609e+02, 3.20501770e+02, 1.88753845e+02, 3.39382843e+02,
    1.91271515e+02, 3.57954193e+02, 1.93578995e+02, 3.75884766e+02,
    1.96187668e+02, 3.93735992e+02 ]
