%YAML:1.0
---
points: [ 1.91017542e+03, 5.66894302e+01, 1.90402539e+03, 1.23586700e+02,
    1.89784338e+03, 1.87292953e+02, 1.89150891e+03, 2.48794403e+02,
    1.88518872e+03, 3.07880615e+02, 1.83174463e+03, 6.65204468e+01,
    1.82787964e+03, 1.30153839e+02, 1.82362817e+03, 1.91395416e+02,
    1.81915942e+03, 2.50302917e+02, 1.81421118e+03, 3.07492004e+02,
    1.75986523e+03, 7.53106842e+01, 1.75747205e+03, 1.36362396e+02,
    1.75469800e+03, 1.95340668e+02, 1.75189380e+03, 2.51714767e+02,
    1.74835925e+03, 3.06802429e+02, 1.69310327e+03, 8.32275162e+01,
    1.69159546e+03, 1.42313065e+02, 1.69040637e+03, 1.98799149e+02,
    1.68905090e+03, 2.53476685e+02, 1.68642297e+03, 3.06476471e+02,
    1.63118860e+03, 9.10741196e+01, 1.63049243e+03, 1.47825394e+02,
    1.63013440e+03, 2.02529205e+02, 1.62971704e+03, 2.54960556e+02,
    1.62866589e+03, 3.06080963e+02, 1.57280115e+03, 9.82899780e+01,
    1.57331519e+03, 1.53345917e+02, 1.57356836e+03, 2.06150192e+02,
    1.57433545e+03, 2.56609467e+02, 1.57436743e+03, 3.05884186e+02,
    1.51803308e+03, 1.05521706e+02, 1.51954163e+03, 1.58432526e+02,
    1.52115808e+03, 2.09331772e+02, 1.52232361e+03, 2.58396942e+02,
    1.52346655e+03, 3.05721313e+02 ]
