%YAML:1.0
---
points: [ 3.56464020e+02, 2.61831726e+02, 3.70789062e+02, 2.99599152e+02,
    3.85151855e+02, 3.37493134e+02, 3.98315918e+02, 3.75486908e+02,
    4.11469666e+02, 4.13817627e+02, 3.29076111e+02, 2.80661987e+02,
    3.43503601e+02, 3.17993988e+02, 3.57524994e+02, 3.55434265e+02,
    3.70610809e+02, 3.92970398e+02, 3.82951630e+02, 4.30783051e+02,
    3.03034576e+02, 2.99167328e+02, 3.16779938e+02, 3.35914093e+02,
    3.30483063e+02, 3.72950989e+02, 3.43708221e+02, 4.09946655e+02,
    3.55946228e+02, 4.47484802e+02, 2.77570374e+02, 3.17069031e+02,
    2.90565979e+02, 3.53468933e+02, 3.04430389e+02, 3.89795502e+02,
    3.17476593e+02, 4.26619965e+02, 3.29364838e+02, 4.63579193e+02,
    2.53411377e+02, 3.34676056e+02, 2.65696533e+02, 3.70506348e+02,
    2.78755341e+02, 4.06540649e+02, 2.91730835e+02, 4.42784851e+02,
    3.04265625e+02, 4.79303040e+02, 2.28969238e+02, 3.51713867e+02,
    2.41292770e+02, 3.87093445e+02, 2.53346954e+02, 4.22626709e+02,
    2.66529419e+02, 4.58543884e+02, 2.78937317e+02, 4.94609711e+02,
    2.04653870e+02, 3.68266327e+02, 2.16733536e+02, 4.03243896e+02,
    2.29195145e+02, 4.38464172e+02, 2.41713379e+02, 4.73852173e+02,
    2.54623077e+02, 5.09570068e+02 ]
