%YAML:1.0
---
points: [ 2.90958649e+02, 3.31422028e+02, 2.94987244e+02, 3.48516357e+02,
    2.99048126e+02, 3.64984009e+02, 3.02616486e+02, 3.81020935e+02,
    3.06374268e+02, 3.96360626e+02, 2.69092865e+02, 3.34908173e+02,
    2.73715607e+02, 3.51707275e+02, 2.77963531e+02, 3.67969482e+02,
    2.82148254e+02, 3.83848480e+02, 2.85751770e+02, 3.99237823e+02,
    2.47527542e+02, 3.38256805e+02, 2.52483780e+02, 3.54961273e+02,
    2.57243378e+02, 3.71070190e+02, 2.61484100e+02, 3.86459961e+02,
    2.66094604e+02, 4.01630402e+02, 2.26214691e+02, 3.41422913e+02,
    2.31642303e+02, 3.58254913e+02, 2.36696167e+02, 3.74107361e+02,
    2.41722870e+02, 3.89209686e+02, 2.45997543e+02, 4.04241516e+02,
    2.05232422e+02, 3.44568878e+02, 2.10998688e+02, 3.61409180e+02,
    2.16563889e+02, 3.77091370e+02, 2.21670837e+02, 3.91977783e+02,
    2.26961990e+02, 4.06154541e+02, 1.84369141e+02, 3.48041382e+02,
    1.90607407e+02, 3.64581665e+02, 1.96307877e+02, 3.80196259e+02,
    2.02301270e+02, 3.94702698e+02, 2.07156067e+02, 4.08662231e+02,
    1.63942215e+02, 3.51598175e+02, 1.70329468e+02, 3.67564331e+02,
    1.76932220e+02, 3.83026703e+02, 1.82664185e+02, 3.97332825e+02,
    1.89002274e+02, 4.10612427e+02 ]
