%YAML:1.0
---
points: [ 1.35263763e+02, 3.12125885e+02, 1.41668839e+02, 3.30197021e+02,
    1.47804916e+02, 3.47827911e+02, 1.53537537e+02, 3.65499542e+02,
    1.59283173e+02, 3.82716461e+02, 1.16797440e+02, 3.15494446e+02,
    1.23418617e+02, 3.33211975e+02, 1.29771576e+02, 3.50738129e+02,
    1.35765839e+02, 3.68044800e+02, 1.41242035e+02, 3.85059357e+02,
    9.88531113e+01, 3.18712280e+02, 1.05551468e+02, 3.36348785e+02,
    1.12036072e+02, 3.53589325e+02, 1.18245117e+02, 3.70390961e+02,
    1.24483276e+02, 3.86874847e+02, 8.15008163e+01, 3.21645447e+02,
    8.81594162e+01, 3.39257202e+02, 9.49246979e+01, 3.56050110e+02,
    1.01567551e+02, 3.72467133e+02, 1.07274750e+02, 3.88907440e+02,
    6.48102188e+01, 3.24343109e+02, 7.16240082e+01, 3.41758209e+02,
    7.84818878e+01, 3.58228485e+02, 8.50354080e+01, 3.74534332e+02,
    9.18792801e+01, 3.90030823e+02, 4.86800766e+01, 3.27124298e+02,
    5.55665855e+01, 3.43959930e+02, 6.21390457e+01, 3.60546082e+02,
    6.94908371e+01, 3.76087585e+02, 7.57118988e+01, 3.91858429e+02,
    3.29898567e+01, 3.29533112e+02, 4.00946808e+01, 3.46287689e+02,
    4.73852348e+01, 3.61967041e+02, 5.41949043e+01, 3.78133911e+02,
    6.14072456e+01, 3.92518372e+02 ]
