%YAML:1.0
---
points: [ 5.11141022e+02, 2.89860474e+02, 5.05930664e+02, 3.31185638e+02,
    5.00642822e+02, 3.72361603e+02, 4.94139801e+02, 4.13369232e+02,
    4.87481567e+02, 4.54582062e+02, 4.76781921e+02, 2.88092804e+02,
    4.72175751e+02, 3.29054810e+02, 4.66783630e+02, 3.69880676e+02,
    4.60555206e+02, 4.10426025e+02, 4.53700439e+02, 4.50904266e+02,
    4.44212311e+02, 2.86698914e+02, 4.39270660e+02, 3.27158569e+02,
    4.33802368e+02, 3.67325073e+02, 4.28084381e+02, 4.07507355e+02,
    4.21351227e+02, 4.47771454e+02, 4.12292542e+02, 2.85373352e+02,
    4.06818085e+02, 3.25019257e+02, 4.01804901e+02, 3.65098267e+02,
    3.96294800e+02, 4.04678711e+02, 3.89393494e+02, 4.44505737e+02,
    3.81490479e+02, 2.84186737e+02, 3.75597382e+02, 3.23447388e+02,
    3.70493805e+02, 3.62565155e+02, 3.64929352e+02, 4.02191833e+02,
    3.58813873e+02, 4.41410156e+02, 3.50678925e+02, 2.82653534e+02,
    3.45117157e+02, 3.21582611e+02, 3.39162048e+02, 3.60371765e+02,
    3.34198730e+02, 3.99329681e+02, 3.28281677e+02, 4.38378784e+02,
    3.20308441e+02, 2.81342865e+02, 3.14783752e+02, 3.19528931e+02,
    3.09287689e+02, 3.58078186e+02, 3.03892670e+02, 3.96623779e+02,
    2.98788025e+02, 4.35223663e+02 ]
