%YAML:1.0
---
points: [ 1.27859200e+02, 1.26006805e+02, 1.26227905e+02, 1.39964935e+02,
    1.24655602e+02, 1.53861298e+02, 1.22615028e+02, 1.67911926e+02,
    1.20584145e+02, 1.81654190e+02, 1.16220711e+02, 1.25700874e+02,
    1.14703270e+02, 1.39516327e+02, 1.12997101e+02, 1.53189423e+02,
    1.11014595e+02, 1.66877426e+02, 1.08843773e+02, 1.80642380e+02,
    1.05042679e+02, 1.25386528e+02, 1.03345398e+02, 1.38964966e+02,
    1.01701683e+02, 1.52612946e+02, 9.98540115e+01, 1.66109024e+02,
    9.76979294e+01, 1.79726974e+02, 9.40980072e+01, 1.25025276e+02,
    9.23535690e+01, 1.38537491e+02, 9.07655411e+01, 1.51852661e+02,
    8.90195084e+01, 1.65243790e+02, 8.68145599e+01, 1.78730438e+02,
    8.36196136e+01, 1.24857628e+02, 8.17942200e+01, 1.37940582e+02,
    8.00642242e+01, 1.51266586e+02, 7.83122559e+01, 1.64556000e+02,
    7.63850861e+01, 1.77765121e+02, 7.32921829e+01, 1.24719299e+02,
    7.14520493e+01, 1.37623734e+02, 6.95359192e+01, 1.50714142e+02,
    6.79681549e+01, 1.63738098e+02, 6.60680695e+01, 1.76879059e+02,
    6.31203423e+01, 1.24364532e+02, 6.12810173e+01, 1.37222214e+02,
    5.95829735e+01, 1.49959091e+02, 5.78441048e+01, 1.63108139e+02,
    5.61942558e+01, 1.75960327e+02 ]
