%YAML:1.0
---
points: [ 1.76977698e+03, 3.56423004e+02, 1.74969714e+03, 4.00470673e+02,
    1.73028711e+03, 4.42796143e+02, 1.71258472e+03, 4.84242493e+02,
    1.69533911e+03, 5.24473938e+02, 1.73544531e+03, 3.54520325e+02,
    1.71531580e+03, 3.98891754e+02, 1.69629980e+03, 4.41860718e+02,
    1.67855664e+03, 4.83636719e+02, 1.66196912e+03, 5.24562195e+02,
    1.69934753e+03, 3.52280273e+02, 1.68017212e+03, 3.97504974e+02,
    1.66157605e+03, 4.41184784e+02, 1.64356848e+03, 4.83212982e+02,
    1.62726819e+03, 5.24526184e+02, 1.66236707e+03, 3.50113922e+02,
    1.64418591e+03, 3.96297119e+02, 1.62563953e+03, 4.40385529e+02,
    1.60780933e+03, 4.82727112e+02, 1.59170349e+03, 5.24549500e+02,
    1.62385657e+03, 3.47747711e+02, 1.60645520e+03, 3.94699219e+02,
    1.58858215e+03, 4.39484894e+02, 1.57102698e+03, 4.82407562e+02,
    1.55468359e+03, 5.24363647e+02, 1.58531604e+03, 3.45598022e+02,
    1.56771326e+03, 3.93191711e+02, 1.55054163e+03, 4.38755798e+02,
    1.53321753e+03, 4.82128540e+02, 1.51719507e+03, 5.24369446e+02,
    1.54549817e+03, 3.43750824e+02, 1.52813269e+03, 3.91656921e+02,
    1.51112488e+03, 4.37755402e+02, 1.49457593e+03, 4.81626129e+02,
    1.47848303e+03, 5.24198853e+02 ]
