%YAML:1.0
---
points: [ 1.35679492e+03, 3.50450836e+02, 1.35931921e+03, 3.97205658e+02,
    1.36149280e+03, 4.41872681e+02, 1.36352087e+03, 4.85709808e+02,
    1.36523926e+03, 5.28287537e+02, 1.30576428e+03, 3.53614716e+02,
    1.30903577e+03, 3.98787415e+02, 1.31225513e+03, 4.42713684e+02,
    1.31491516e+03, 4.85472107e+02, 1.31741467e+03, 5.27150452e+02,
    1.25722620e+03, 3.56206390e+02, 1.26084583e+03, 4.00769653e+02,
    1.26479382e+03, 4.43773254e+02, 1.26857349e+03, 4.85188446e+02,
    1.27152856e+03, 5.25776550e+02, 1.21069971e+03, 3.58770569e+02,
    1.21526965e+03, 4.02532074e+02, 1.21973169e+03, 4.44486115e+02,
    1.22398572e+03, 4.84898712e+02, 1.22784180e+03, 5.24672241e+02,
    1.16631848e+03, 3.61102570e+02, 1.17131689e+03, 4.04042145e+02,
    1.17644617e+03, 4.45232452e+02, 1.18148584e+03, 4.84631378e+02,
    1.18618945e+03, 5.23427246e+02, 1.12363489e+03, 3.63642395e+02,
    1.12942529e+03, 4.05557281e+02, 1.13493201e+03, 4.45822998e+02,
    1.14067322e+03, 4.84475983e+02, 1.14584302e+03, 5.22368652e+02,
    1.08281848e+03, 3.66027466e+02, 1.08946240e+03, 4.06908539e+02,
    1.09552234e+03, 4.46295410e+02, 1.10161145e+03, 4.84333588e+02,
    1.10754761e+03, 5.21098450e+02 ]
