%YAML:1.0
---
points: [ 7.18587708e+02, 3.81991821e+02, 7.20134277e+02, 4.05592804e+02,
    7.21589172e+02, 4.29200806e+02, 7.22635742e+02, 4.52371063e+02,
    7.23845886e+02, 4.75717560e+02, 6.94603271e+02, 3.82575989e+02,
    6.96274475e+02, 4.06407959e+02, 6.97608032e+02, 4.29820618e+02,
    6.99022705e+02, 4.53323822e+02, 7.00284241e+02, 4.76597748e+02,
    6.70698975e+02, 3.83283508e+02, 6.72391724e+02, 4.07069214e+02,
    6.73944031e+02, 4.30551178e+02, 6.75336304e+02, 4.54169098e+02,
    6.76353210e+02, 4.77452759e+02, 6.46722229e+02, 3.83983521e+02,
    6.48303528e+02, 4.07675232e+02, 6.49813904e+02, 4.31337372e+02,
    6.51320312e+02, 4.54778900e+02, 6.52518616e+02, 4.78328949e+02,
    6.22704773e+02, 3.84766510e+02, 6.24163757e+02, 4.08451996e+02,
    6.25749512e+02, 4.32308105e+02, 6.27392029e+02, 4.55624786e+02,
    6.28591125e+02, 4.79326874e+02, 5.98316406e+02, 3.85532227e+02,
    5.99921875e+02, 4.09254974e+02, 6.01463806e+02, 4.32961365e+02,
    6.02926331e+02, 4.56473572e+02, 6.04463562e+02, 4.80052246e+02,
    5.73786682e+02, 3.86183807e+02, 5.75420959e+02, 4.09893066e+02,
    5.77043579e+02, 4.33680481e+02, 5.78682129e+02, 4.57330780e+02,
    5.80341553e+02, 4.81045776e+02 ]
