%YAML:1.0
---
points: [ 1.87221039e+02, 1.56307007e+02, 1.87658279e+02, 1.64385620e+02,
    1.88244659e+02, 1.72248032e+02, 1.88669220e+02, 1.80257950e+02,
    1.89084702e+02, 1.88000153e+02, 1.79089539e+02, 1.56623337e+02,
    1.79647308e+02, 1.64652863e+02, 1.80218323e+02, 1.72649139e+02,
    1.80610687e+02, 1.80611404e+02, 1.81189560e+02, 1.88549744e+02,
    1.71022858e+02, 1.56885834e+02, 1.71577454e+02, 1.64929886e+02,
    1.72154221e+02, 1.72954895e+02, 1.72599472e+02, 1.80854004e+02,
    1.73151321e+02, 1.88782166e+02, 1.62901627e+02, 1.57332764e+02,
    1.63505646e+02, 1.65303650e+02, 1.64034119e+02, 1.73324142e+02,
    1.64573792e+02, 1.81257233e+02, 1.65126404e+02, 1.89216644e+02,
    1.54778793e+02, 1.57681259e+02, 1.55400482e+02, 1.65678650e+02,
    1.56019577e+02, 1.73668823e+02, 1.56506699e+02, 1.81645523e+02,
    1.56985916e+02, 1.89645447e+02, 1.46642197e+02, 1.57941284e+02,
    1.47229080e+02, 1.65955414e+02, 1.47753326e+02, 1.73994675e+02,
    1.48340973e+02, 1.81971817e+02, 1.48913773e+02, 1.89922852e+02,
    1.38409836e+02, 1.58265701e+02, 1.39038055e+02, 1.66420837e+02,
    1.39575287e+02, 1.74349930e+02, 1.40220215e+02, 1.82496567e+02,
    1.40727661e+02, 1.90369278e+02 ]
