%YAML:1.0
---
points: [ 1.10812111e+02, 3.00843781e+02, 1.15157372e+02, 3.19449005e+02,
    1.19270821e+02, 3.37785126e+02, 1.22928978e+02, 3.56267792e+02,
    1.26953354e+02, 3.74748169e+02, 9.58314209e+01, 3.02958282e+02,
    1.00070885e+02, 3.21065277e+02, 1.04288452e+02, 3.39090271e+02,
    1.08239220e+02, 3.57160614e+02, 1.11649643e+02, 3.75093719e+02,
    8.15004654e+01, 3.04778992e+02, 8.56851959e+01, 3.22514984e+02,
    8.98350296e+01, 3.40337646e+02, 9.38598633e+01, 3.57757294e+02,
    9.77968597e+01, 3.75461243e+02, 6.78028870e+01, 3.06400238e+02,
    7.18496933e+01, 3.23943359e+02, 7.62221680e+01, 3.41235779e+02,
    8.03299942e+01, 3.58450500e+02, 8.39154053e+01, 3.75750183e+02,
    5.49472694e+01, 3.07757751e+02, 5.89806786e+01, 3.25254822e+02,
    6.30590935e+01, 3.42065399e+02, 6.70897675e+01, 3.58888184e+02,
    7.14599304e+01, 3.75491547e+02, 4.24325333e+01, 3.09491486e+02,
    4.62831116e+01, 3.26305786e+02, 5.02660484e+01, 3.43054932e+02,
    5.48432617e+01, 3.59088867e+02, 5.86959839e+01, 3.75736145e+02,
    3.03276691e+01, 3.10769592e+02, 3.44286118e+01, 3.27453094e+02,
    3.86386642e+01, 3.43478180e+02, 4.26953850e+01, 3.59838562e+02,
    4.74838028e+01, 3.75068970e+02 ]
