%YAML:1.0
---
points: [ 1.13141309e+03, 3.27782745e+01, 1.13160388e+03, 6.46690521e+01,
    1.13181042e+03, 9.63604279e+01, 1.13173022e+03, 1.27418167e+02,
    1.13165466e+03, 1.58464401e+02, 1.10123889e+03, 3.70155258e+01,
    1.10159863e+03, 6.87494049e+01, 1.10179309e+03, 1.00101936e+02,
    1.10189856e+03, 1.30924088e+02, 1.10173132e+03, 1.61587158e+02,
    1.07159546e+03, 4.13922997e+01, 1.07204675e+03, 7.26511078e+01,
    1.07247888e+03, 1.03700012e+02, 1.07268408e+03, 1.34548965e+02,
    1.07270544e+03, 1.65068390e+02, 1.04276587e+03, 4.55947914e+01,
    1.04324890e+03, 7.65348969e+01, 1.04365149e+03, 1.07506363e+02,
    1.04406274e+03, 1.38124847e+02, 1.04404163e+03, 1.68133057e+02,
    1.01440198e+03, 5.00502739e+01, 1.01473969e+03, 8.05582199e+01,
    1.01540588e+03, 1.11186989e+02, 1.01576794e+03, 1.41244400e+02,
    1.01615631e+03, 1.71341400e+02, 9.86282288e+02, 5.40595856e+01,
    9.86839600e+02, 8.43060684e+01, 9.87267822e+02, 1.14350197e+02,
    9.87898438e+02, 1.44534988e+02, 9.88324036e+02, 1.74372849e+02,
    9.58654724e+02, 5.75514488e+01, 9.59281067e+02, 8.76557999e+01,
    9.59901855e+02, 1.17769638e+02, 9.60472473e+02, 1.47496872e+02,
    9.61207153e+02, 1.77203262e+02 ]
