%YAML:1.0
---
points: [ 4.65314331e+02, 4.37590828e+01, 4.66576508e+02, 5.27609978e+01,
    4.67456787e+02, 6.24658165e+01, 4.68320496e+02, 7.18999252e+01,
    4.68923065e+02, 8.17147751e+01, 4.56488831e+02, 4.61645355e+01,
    4.57375671e+02, 5.57528229e+01, 4.58366608e+02, 6.50074310e+01,
    4.59018341e+02, 7.45119476e+01, 4.59721191e+02, 8.38414078e+01,
    4.47552063e+02, 4.92460022e+01, 4.48644623e+02, 5.82562714e+01,
    4.49306183e+02, 6.75710754e+01, 4.50096741e+02, 7.67517929e+01,
    4.50646881e+02, 8.62006149e+01, 4.39100830e+02, 5.17194252e+01,
    4.39774841e+02, 6.10065155e+01, 4.40693512e+02, 7.00714874e+01,
    4.41333160e+02, 7.93071365e+01, 4.41823334e+02, 8.83272095e+01,
    4.30585205e+02, 5.47198753e+01, 4.31446106e+02, 6.35630150e+01,
    4.32072174e+02, 7.25343781e+01, 4.32819000e+02, 8.15872345e+01,
    4.33420197e+02, 9.06151962e+01, 4.22581635e+02, 5.72790527e+01,
    4.23113831e+02, 6.61193314e+01, 4.23804840e+02, 7.50295105e+01,
    4.24517365e+02, 8.39542618e+01, 4.24958618e+02, 9.27810669e+01,
    4.14437866e+02, 5.99649734e+01, 4.15139313e+02, 6.86810303e+01,
    4.15780701e+02, 7.74292145e+01, 4.16421051e+02, 8.61669388e+01,
    4.16867645e+02, 9.49863663e+01 ]
