%YAML:1.0
---
points: [ 1.10185950e+03, 3.92612671e+02, 1.09571753e+03, 4.18640472e+02,
    1.08961487e+03, 4.45304413e+02, 1.08231970e+03, 4.71952148e+02,
    1.07487061e+03, 4.99509857e+02, 1.07356885e+03, 3.99268280e+02,
    1.06754395e+03, 4.24759888e+02, 1.06071460e+03, 4.51160522e+02,
    1.05354126e+03, 4.77488251e+02, 1.04556165e+03, 5.04431824e+02,
    1.04658167e+03, 4.05685150e+02, 1.03990930e+03, 4.31118988e+02,
    1.03322388e+03, 4.56559387e+02, 1.02571716e+03, 4.82789154e+02,
    1.01756671e+03, 5.09470856e+02, 1.02052338e+03, 4.11812988e+02,
    1.01351880e+03, 4.36561035e+02, 1.00652740e+03, 4.61972839e+02,
    9.98950256e+02, 4.88012970e+02, 9.90506287e+02, 5.14271301e+02,
    9.95744141e+02, 4.18388397e+02, 9.88333069e+02, 4.42233612e+02,
    9.80787415e+02, 4.67325928e+02, 9.73208435e+02, 4.92777496e+02,
    9.64705444e+02, 5.18808960e+02, 9.71338196e+02, 4.23911926e+02,
    9.63819763e+02, 4.47720520e+02, 9.55701965e+02, 4.72051788e+02,
    9.48263123e+02, 4.97524445e+02, 9.39587524e+02, 5.23381226e+02,
    9.47598999e+02, 4.29247589e+02, 9.39667236e+02, 4.52642120e+02,
    9.32002991e+02, 4.76818146e+02, 9.23885376e+02, 5.01740051e+02,
    9.15581848e+02, 5.27576599e+02 ]
