%YAML:1.0
---
points: [ 1.31992218e+02, 1.67149612e+02, 1.36578217e+02, 1.85946991e+02,
    1.41036575e+02, 2.04369080e+02, 1.45358597e+02, 2.22521912e+02,
    1.49542114e+02, 2.40604752e+02, 1.11910172e+02, 1.70791489e+02,
    1.16737877e+02, 1.89806686e+02, 1.21421677e+02, 2.08433563e+02,
    1.25830063e+02, 2.26868332e+02, 1.30119110e+02, 2.45093979e+02,
    9.15068436e+01, 1.74547867e+02, 9.64893265e+01, 1.93705704e+02,
    1.01351318e+02, 2.12633270e+02, 1.05978226e+02, 2.31203354e+02,
    1.10535805e+02, 2.49739777e+02, 7.08356705e+01, 1.78437271e+02,
    7.58287811e+01, 1.97857468e+02, 8.10200348e+01, 2.16956055e+02,
    8.57535934e+01, 2.35766098e+02, 9.03861694e+01, 2.54420670e+02,
    4.98197556e+01, 1.82435699e+02, 5.47790031e+01, 2.01894897e+02,
    6.01254883e+01, 2.21355942e+02, 6.51301346e+01, 2.40279892e+02,
    7.01296463e+01, 2.59034943e+02, 2.86379871e+01, 1.86589600e+02,
    3.38971786e+01, 2.06280411e+02, 3.90843811e+01, 2.25884201e+02,
    4.43613625e+01, 2.44961166e+02, 4.93837318e+01, 2.63787170e+02,
    7.58300066e+00, 1.90866043e+02, 1.28665495e+01, 2.10668900e+02,
    1.81882381e+01, 2.30310349e+02, 2.37793140e+01, 2.49659256e+02,
    2.92087326e+01, 2.68477173e+02 ]
