%YAML:1.0
---
points: [ 1.57211560e+03, 5.75521545e+01, 1.57211450e+03, 8.70388641e+01,
    1.57215161e+03, 1.16396553e+02, 1.57247839e+03, 1.45109344e+02,
    1.57274060e+03, 1.73801849e+02, 1.54227930e+03, 6.03873367e+01,
    1.54231921e+03, 8.96601868e+01, 1.54232703e+03, 1.18918823e+02,
    1.54262695e+03, 1.47695175e+02, 1.54311548e+03, 1.76339996e+02,
    1.51247339e+03, 6.31255379e+01, 1.51250867e+03, 9.24957047e+01,
    1.51261243e+03, 1.21576462e+02, 1.51274634e+03, 1.50391022e+02,
    1.51319116e+03, 1.78792465e+02, 1.48276172e+03, 6.61540298e+01,
    1.48315283e+03, 9.52059250e+01, 1.48311218e+03, 1.24257851e+02,
    1.48330469e+03, 1.53124985e+02, 1.48361377e+03, 1.81535370e+02,
    1.45312622e+03, 6.92915497e+01, 1.45351599e+03, 9.79470520e+01,
    1.45376196e+03, 1.27004951e+02, 1.45384778e+03, 1.55660965e+02,
    1.45418701e+03, 1.84147232e+02, 1.42382532e+03, 7.18677902e+01,
    1.42425000e+03, 1.00869469e+02, 1.42461621e+03, 1.29500778e+02,
    1.42470154e+03, 1.58326675e+02, 1.42493811e+03, 1.86720963e+02,
    1.39500073e+03, 7.46814270e+01, 1.39539282e+03, 1.03537216e+02,
    1.39571729e+03, 1.32380630e+02, 1.39579919e+03, 1.60808380e+02,
    1.39609668e+03, 1.89361115e+02 ]
