%YAML:1.0
---
points: [ 1.09316978e+02, 6.42518387e+01, 1.10111984e+02, 7.33775330e+01,
    1.10742729e+02, 8.22631378e+01, 1.11481598e+02, 9.12626953e+01,
    1.12057556e+02, 1.00009201e+02, 1.00825394e+02, 6.49343567e+01,
    1.01632065e+02, 7.39206390e+01, 1.02395996e+02, 8.28914185e+01,
    1.02942841e+02, 9.17817383e+01, 1.03605614e+02, 1.00687119e+02,
    9.24258194e+01, 6.56850433e+01, 9.32286758e+01, 7.47157745e+01,
    9.38470078e+01, 8.35715714e+01, 9.46797638e+01, 9.24485474e+01,
    9.51903458e+01, 1.01233200e+02, 8.42285843e+01, 6.64732208e+01,
    8.47568512e+01, 7.52725220e+01, 8.57108688e+01, 8.42518616e+01,
    8.63210907e+01, 9.29593353e+01, 8.68438797e+01, 1.01862976e+02,
    7.59874344e+01, 6.71821442e+01, 7.66428833e+01, 7.60387650e+01,
    7.73099289e+01, 8.48315887e+01, 7.80489883e+01, 9.36907730e+01,
    7.87036057e+01, 1.02486595e+02, 6.79020309e+01, 6.80619888e+01,
    6.84564438e+01, 7.67264481e+01, 6.91113892e+01, 8.55619736e+01,
    6.97838669e+01, 9.42994614e+01, 7.05783615e+01, 1.03117111e+02,
    5.96843605e+01, 6.87621002e+01, 6.04198952e+01, 7.75493927e+01,
    6.09318199e+01, 8.61835022e+01, 6.17109642e+01, 9.50084839e+01,
    6.25034828e+01, 1.03675278e+02 ]
