%YAML:1.0
---
points: [ 1.21679590e+03, 1.74295639e+02, 1.24274939e+03, 2.47636475e+02,
    1.27205884e+03, 3.28796051e+02, 1.30529919e+03, 4.17264893e+02,
    1.34357190e+03, 5.18171387e+02, 1.11194800e+03, 1.89774109e+02,
    1.13234998e+03, 2.64615906e+02, 1.15453137e+03, 3.46431854e+02,
    1.18016589e+03, 4.36159363e+02, 1.20922278e+03, 5.36927185e+02,
    1.00776697e+03, 2.05840347e+02, 1.02255304e+03, 2.81277649e+02,
    1.03874304e+03, 3.63530182e+02, 1.05659607e+03, 4.54839386e+02,
    1.07675415e+03, 5.56684937e+02, 9.04675964e+02, 2.21671310e+02,
    9.13695496e+02, 2.96618683e+02, 9.23704651e+02, 3.80601349e+02,
    9.34363525e+02, 4.72658569e+02, 9.46054443e+02, 5.75688293e+02,
    8.01939392e+02, 2.38358139e+02, 8.05297974e+02, 3.12706879e+02,
    8.08855652e+02, 3.97015106e+02, 8.12503784e+02, 4.90510315e+02,
    8.16162842e+02, 5.95332764e+02, 6.98421021e+02, 2.52491074e+02,
    6.96333679e+02, 3.28369476e+02, 6.93058411e+02, 4.11847290e+02,
    6.90432800e+02, 5.07540039e+02, 6.85506897e+02, 6.13946655e+02,
    5.94509705e+02, 2.65692871e+02, 5.86461853e+02, 3.42374298e+02,
    5.77532471e+02, 4.28106049e+02, 5.67194153e+02, 5.24264099e+02,
    5.54793274e+02, 6.33468506e+02 ]
