%YAML:1.0
---
points: [ 1.55331104e+03, 1.23716873e+02, 1.53245947e+03, 2.10761642e+02,
    1.50902502e+03, 3.05905975e+02, 1.48044775e+03, 4.08132477e+02,
    1.44849231e+03, 5.21927246e+02, 1.43705786e+03, 1.68431244e+02,
    1.41326050e+03, 2.50965240e+02, 1.38610498e+03, 3.39520142e+02,
    1.35450134e+03, 4.34252411e+02, 1.31848120e+03, 5.37141235e+02,
    1.33839624e+03, 2.07662689e+02, 1.31225598e+03, 2.85158966e+02,
    1.28309607e+03, 3.67545593e+02, 1.25059216e+03, 4.55926727e+02,
    1.21348523e+03, 5.50482239e+02, 1.25399536e+03, 2.41718414e+02,
    1.22600708e+03, 3.13777100e+02, 1.19635657e+03, 3.91458679e+02,
    1.16350684e+03, 4.73790436e+02, 1.12598206e+03, 5.61167053e+02,
    1.18140857e+03, 2.72093628e+02, 1.15228296e+03, 3.39316467e+02,
    1.12212085e+03, 4.11879944e+02, 1.08934106e+03, 4.88761993e+02,
    1.05275891e+03, 5.70767761e+02, 1.11659424e+03, 2.97176117e+02,
    1.08812268e+03, 3.61119934e+02, 1.05665894e+03, 4.28489594e+02,
    1.02487256e+03, 5.01676514e+02, 9.89300842e+02, 5.78332703e+02,
    1.05940771e+03, 3.18593597e+02, 1.03072046e+03, 3.79300995e+02,
    1.00046191e+03, 4.43683990e+02, 9.68658813e+02, 5.12347961e+02,
    9.34377930e+02, 5.85472717e+02 ]
