%YAML:1.0
---
points: [ 1.18609543e+02, 7.19309158e+01, 1.18645508e+02, 8.02600021e+01,
    1.18599342e+02, 8.86043930e+01, 1.18682213e+02, 9.70342178e+01,
    1.18685028e+02, 1.05299675e+02, 1.10109505e+02, 7.01589737e+01,
    1.09981369e+02, 7.86292877e+01, 1.10015396e+02, 8.71542587e+01,
    1.10052147e+02, 9.55435028e+01, 1.10181961e+02, 1.03978867e+02,
    1.01406448e+02, 6.84482956e+01, 1.01472847e+02, 7.71188660e+01,
    1.01262367e+02, 8.56057358e+01, 1.01301010e+02, 9.41785736e+01,
    1.01437431e+02, 1.02677658e+02, 9.25554581e+01, 6.67661057e+01,
    9.24816971e+01, 7.53856583e+01, 9.24707489e+01, 8.41521301e+01,
    9.23574219e+01, 9.27435913e+01, 9.24968719e+01, 1.01363663e+02,
    8.34113083e+01, 6.51123734e+01, 8.34264832e+01, 7.38345871e+01,
    8.32194366e+01, 8.25867157e+01, 8.31287003e+01, 9.12613602e+01,
    8.30820389e+01, 1.00048531e+02, 7.42696228e+01, 6.34531746e+01,
    7.39842682e+01, 7.21703949e+01, 7.38969879e+01, 8.09508896e+01,
    7.37828903e+01, 8.98534164e+01, 7.37310104e+01, 9.87445908e+01,
    6.47411423e+01, 6.16501694e+01, 6.47915268e+01, 7.06336594e+01,
    6.45320206e+01, 7.94662247e+01, 6.43505402e+01, 8.83571396e+01,
    6.41850815e+01, 9.73710022e+01 ]
