%YAML:1.0
---
points: [ 5.13238342e+02, 1.28017487e+02, 5.13307495e+02, 1.53296234e+02,
    5.13312378e+02, 1.78311066e+02, 5.13522095e+02, 2.03170258e+02,
    5.13862061e+02, 2.28169922e+02, 4.86801697e+02, 1.22248924e+02,
    4.86875977e+02, 1.47685745e+02, 4.86889496e+02, 1.73179321e+02,
    4.87218353e+02, 1.98441849e+02, 4.87414001e+02, 2.23588394e+02,
    4.59808929e+02, 1.16356171e+02, 4.59780457e+02, 1.42250153e+02,
    4.59898407e+02, 1.68018631e+02, 4.60067810e+02, 1.93529343e+02,
    4.60305359e+02, 2.19210403e+02, 4.31976105e+02, 1.10262306e+02,
    4.32160309e+02, 1.36485977e+02, 4.32081116e+02, 1.62618622e+02,
    4.32211273e+02, 1.88712250e+02, 4.32370850e+02, 2.14551117e+02,
    4.03246124e+02, 1.04290169e+02, 4.03314850e+02, 1.30571945e+02,
    4.03341248e+02, 1.57255707e+02, 4.03308685e+02, 1.83547913e+02,
    4.03470215e+02, 2.09969009e+02, 3.73935425e+02, 9.79249268e+01,
    3.74130249e+02, 1.24685852e+02, 3.74231232e+02, 1.51488129e+02,
    3.74204712e+02, 1.78487793e+02, 3.74211731e+02, 2.05284683e+02,
    3.43967072e+02, 9.14886856e+01, 3.43932373e+02, 1.18674812e+02,
    3.43995422e+02, 1.45702438e+02, 3.43931244e+02, 1.73049103e+02,
    3.43869781e+02, 2.00402267e+02 ]
