%YAML:1.0
---
points: [ 5.27749573e+02, 5.19647339e+02, 5.26728333e+02, 5.44472656e+02,
    5.25380859e+02, 5.69215942e+02, 5.23886353e+02, 5.93796448e+02,
    5.22501038e+02, 6.18652832e+02, 5.00820068e+02, 5.18389709e+02,
    4.99633789e+02, 5.43278687e+02, 4.98344421e+02, 5.68030212e+02,
    4.97047638e+02, 5.92958862e+02, 4.95427582e+02, 6.17812561e+02,
    4.73500458e+02, 5.16897034e+02, 4.72230438e+02, 5.41836670e+02,
    4.71000427e+02, 5.66961060e+02, 4.69828979e+02, 5.92024719e+02,
    4.68281952e+02, 6.17214417e+02, 4.45707550e+02, 5.15298218e+02,
    4.44546722e+02, 5.40572205e+02, 4.43498474e+02, 5.65712646e+02,
    4.42253204e+02, 5.91012634e+02, 4.40400299e+02, 6.16325500e+02,
    4.18060364e+02, 5.13870544e+02, 4.16743835e+02, 5.39416199e+02,
    4.15450958e+02, 5.64773865e+02, 4.14043121e+02, 5.90145142e+02,
    4.12642151e+02, 6.15393188e+02, 3.89684204e+02, 5.12493958e+02,
    3.88403931e+02, 5.38129150e+02, 3.86923004e+02, 5.63576538e+02,
    3.85821350e+02, 5.88918274e+02, 3.84498993e+02, 6.14454529e+02,
    3.60859650e+02, 5.11017151e+02, 3.59676483e+02, 5.36662231e+02,
    3.58470245e+02, 5.62274475e+02, 3.57218933e+02, 5.88100647e+02,
    3.55959564e+02, 6.13667664e+02 ]
