%YAML:1.0
---
points: [ 1.38707565e+02, 2.14613373e+02, 1.54499786e+02, 2.19209610e+02,
    1.69624466e+02, 2.23624649e+02, 1.84208786e+02, 2.28009125e+02,
    1.98559525e+02, 2.32270294e+02, 1.33615921e+02, 2.29909637e+02,
    1.49561890e+02, 2.34301895e+02, 1.64935730e+02, 2.38509338e+02,
    1.79757507e+02, 2.42625458e+02, 1.94142517e+02, 2.46614212e+02,
    1.28444153e+02, 2.45555969e+02, 1.44558182e+02, 2.49607880e+02,
    1.60104111e+02, 2.53560242e+02, 1.75128815e+02, 2.57459381e+02,
    1.89711121e+02, 2.61341522e+02, 1.23214745e+02, 2.61306152e+02,
    1.39566528e+02, 2.65199463e+02, 1.55195953e+02, 2.68903656e+02,
    1.70427704e+02, 2.72628693e+02, 1.85152786e+02, 2.76233917e+02,
    1.17946159e+02, 2.77351898e+02, 1.34467224e+02, 2.80955963e+02,
    1.50334122e+02, 2.84500793e+02, 1.65611786e+02, 2.87836731e+02,
    1.80548431e+02, 2.91216553e+02, 1.12682907e+02, 2.93488220e+02,
    1.29242737e+02, 2.96993286e+02, 1.45359177e+02, 3.00280914e+02,
    1.60871719e+02, 3.03445221e+02, 1.75847534e+02, 3.06585754e+02,
    1.07276031e+02, 3.10096466e+02, 1.24063927e+02, 3.13220490e+02,
    1.40368073e+02, 3.16311279e+02, 1.56025558e+02, 3.19202423e+02,
    1.71151932e+02, 3.22002441e+02 ]
