%YAML:1.0
---
points: [ 8.10162170e+02, 1.70476303e+02, 8.37828491e+02, 2.44736862e+02,
    8.66935059e+02, 3.21886810e+02, 8.98231384e+02, 4.00638855e+02,
    9.30959473e+02, 4.83559479e+02, 7.25591003e+02, 1.65207642e+02,
    7.52744812e+02, 2.43557709e+02, 7.81260132e+02, 3.24580627e+02,
    8.11595215e+02, 4.07822601e+02, 8.44235535e+02, 4.94936981e+02,
    6.32172974e+02, 1.59860214e+02, 6.58475220e+02, 2.41942276e+02,
    6.86327515e+02, 3.27217865e+02, 7.15586121e+02, 4.15869568e+02,
    7.46915833e+02, 5.08440491e+02, 5.28542969e+02, 1.54423019e+02,
    5.53755432e+02, 2.39609283e+02, 5.80169739e+02, 3.30098755e+02,
    6.07971863e+02, 4.24434723e+02, 6.37851257e+02, 5.22931946e+02,
    4.13849121e+02, 1.49500763e+02, 4.36699768e+02, 2.38420135e+02,
    4.60875031e+02, 3.33604828e+02, 4.86449005e+02, 4.34010559e+02,
    5.13824585e+02, 5.40089050e+02, 2.86796478e+02, 1.42981857e+02,
    3.06230865e+02, 2.36824387e+02, 3.27098297e+02, 3.36405182e+02,
    3.49420929e+02, 4.44696991e+02, 3.73328522e+02, 5.58679810e+02,
    1.46293976e+02, 1.35368759e+02, 1.60843567e+02, 2.34750320e+02,
    1.77579590e+02, 3.41480072e+02, 1.95425873e+02, 4.56575836e+02,
    2.14842972e+02, 5.80304016e+02 ]
