%YAML:1.0
---
points: [ 1.56222595e+03, 5.07118011e+02, 1.55960217e+03, 5.39442566e+02,
    1.55721436e+03, 5.71566406e+02, 1.55485156e+03, 6.03594788e+02,
    1.55275818e+03, 6.35772766e+02, 1.52710962e+03, 5.05359711e+02,
    1.52451880e+03, 5.37448975e+02, 1.52203137e+03, 5.69467957e+02,
    1.51979614e+03, 6.01275757e+02, 1.51771472e+03, 6.33360962e+02,
    1.49233044e+03, 5.03542175e+02, 1.48982495e+03, 5.35405151e+02,
    1.48743042e+03, 5.67212646e+02, 1.48508533e+03, 5.98737610e+02,
    1.48299597e+03, 6.30526123e+02, 1.45782837e+03, 5.01906464e+02,
    1.45547998e+03, 5.33565735e+02, 1.45307434e+03, 5.65214417e+02,
    1.45062830e+03, 5.96553955e+02, 1.44871741e+03, 6.28140015e+02,
    1.42355298e+03, 5.00217377e+02, 1.42144592e+03, 5.31629639e+02,
    1.41909021e+03, 5.62844482e+02, 1.41689539e+03, 5.94196533e+02,
    1.41465149e+03, 6.25386597e+02, 1.39012500e+03, 4.98491425e+02,
    1.38772253e+03, 5.29711426e+02, 1.38570789e+03, 5.60796570e+02,
    1.38347107e+03, 5.91870667e+02, 1.38102734e+03, 6.22783325e+02,
    1.35695020e+03, 4.96947723e+02, 1.35479102e+03, 5.27879883e+02,
    1.35266956e+03, 5.58946960e+02, 1.35040796e+03, 5.89630737e+02,
    1.34839673e+03, 6.20405579e+02 ]
