%YAML:1.0
---
points: [ 4.77222321e+02, 1.96100281e+02, 4.76619049e+02, 2.06807434e+02,
    4.75823975e+02, 2.17850708e+02, 4.75164917e+02, 2.28528625e+02,
    4.74630432e+02, 2.39605896e+02, 4.65911133e+02, 1.95590393e+02,
    4.65245850e+02, 2.06372009e+02, 4.64633423e+02, 2.17220657e+02,
    4.63834076e+02, 2.27920364e+02, 4.63183105e+02, 2.38726883e+02,
    4.54487518e+02, 1.95021805e+02, 4.53832367e+02, 2.05731186e+02,
    4.53054810e+02, 2.16745056e+02, 4.52461670e+02, 2.27299835e+02,
    4.51806671e+02, 2.38005325e+02, 4.43028198e+02, 1.94584747e+02,
    4.42524597e+02, 2.05321442e+02, 4.41784973e+02, 2.15898148e+02,
    4.40990936e+02, 2.26767136e+02, 4.40451965e+02, 2.37247452e+02,
    4.31664246e+02, 1.94034943e+02, 4.31001221e+02, 2.04730652e+02,
    4.30429321e+02, 2.15447388e+02, 4.29743011e+02, 2.25888489e+02,
    4.29038574e+02, 2.36663422e+02, 4.20375519e+02, 1.93623260e+02,
    4.19749084e+02, 2.04204224e+02, 4.19019745e+02, 2.14755081e+02,
    4.18399841e+02, 2.25386139e+02, 4.17696014e+02, 2.35859131e+02,
    4.08982117e+02, 1.93157532e+02, 4.08539520e+02, 2.03677780e+02,
    4.07828461e+02, 2.14300110e+02, 4.07152252e+02, 2.24696182e+02,
    4.06528259e+02, 2.35259094e+02 ]
