%YAML:1.0
---
points: [ 1.64494397e+03, 5.06559448e+02, 1.64254321e+03, 5.38608398e+02,
    1.63959448e+03, 5.70687805e+02, 1.63750439e+03, 6.02532471e+02,
    1.63511743e+03, 6.34618408e+02, 1.60946533e+03, 5.04561737e+02,
    1.60673535e+03, 5.36571411e+02, 1.60418054e+03, 5.68430847e+02,
    1.60173779e+03, 6.00146057e+02, 1.59961475e+03, 6.32049927e+02,
    1.57417871e+03, 5.02858795e+02, 1.57147839e+03, 5.34461853e+02,
    1.56903723e+03, 5.66070190e+02, 1.56653418e+03, 5.97589172e+02,
    1.56441589e+03, 6.29155579e+02, 1.53906677e+03, 5.01253845e+02,
    1.53672607e+03, 5.32578735e+02, 1.53406934e+03, 5.63941956e+02,
    1.53171228e+03, 5.95256531e+02, 1.52951807e+03, 6.26481995e+02,
    1.50454883e+03, 4.99393524e+02, 1.50214453e+03, 5.30506958e+02,
    1.49979736e+03, 5.61698547e+02, 1.49733240e+03, 5.92651184e+02,
    1.49518506e+03, 6.23733521e+02, 1.47039563e+03, 4.97644012e+02,
    1.46827295e+03, 5.28738342e+02, 1.46584338e+03, 5.59589294e+02,
    1.46350061e+03, 5.90480530e+02, 1.46105945e+03, 6.21204590e+02,
    1.43701575e+03, 4.96149658e+02, 1.43459790e+03, 5.26771118e+02,
    1.43248755e+03, 5.57474609e+02, 1.43005005e+03, 5.87962158e+02,
    1.42768372e+03, 6.18533936e+02 ]
