%YAML:1.0
---
points: [ 3.87238251e+02, 5.19265991e+02, 3.85652618e+02, 5.54583496e+02,
    3.83870941e+02, 5.89802002e+02, 3.81341949e+02, 6.24945068e+02,
    3.78707977e+02, 6.60271118e+02, 3.51167877e+02, 5.17093872e+02,
    3.49804352e+02, 5.52323059e+02, 3.48275024e+02, 5.87464294e+02,
    3.45799133e+02, 6.22814148e+02, 3.43076935e+02, 6.58132446e+02,
    3.15641602e+02, 5.14691528e+02, 3.14133942e+02, 5.50199341e+02,
    3.12482697e+02, 5.85428711e+02, 3.10414093e+02, 6.20510132e+02,
    3.07575867e+02, 6.55824707e+02, 2.80154785e+02, 5.12528931e+02,
    2.78371887e+02, 5.47913940e+02, 2.76940887e+02, 5.83075928e+02,
    2.75112976e+02, 6.18348083e+02, 2.72221680e+02, 6.53635620e+02,
    2.45081757e+02, 5.10245026e+02, 2.43130676e+02, 5.45506348e+02,
    2.41494080e+02, 5.80864014e+02, 2.39628113e+02, 6.16115173e+02,
    2.37508804e+02, 6.51132080e+02, 2.09529297e+02, 5.08006165e+02,
    2.07612274e+02, 5.43448181e+02, 2.05741211e+02, 5.78589661e+02,
    2.04225525e+02, 6.13742554e+02, 2.02277176e+02, 6.49150085e+02,
    1.73896805e+02, 5.05638245e+02, 1.72112900e+02, 5.41136536e+02,
    1.70412888e+02, 5.76349426e+02, 1.69007050e+02, 6.11617798e+02,
    1.67537888e+02, 6.46616943e+02 ]
