%YAML:1.0
---
points: [ 8.32428665e+01, 2.03865036e+02, 8.27372284e+01, 2.15852402e+02,
    8.22851486e+01, 2.27764542e+02, 8.15828629e+01, 2.39640457e+02,
    8.08249741e+01, 2.51575089e+02, 7.14599991e+01, 2.03392349e+02,
    7.08865585e+01, 2.15236771e+02, 7.05393066e+01, 2.27103424e+02,
    6.98695755e+01, 2.38895081e+02, 6.90609360e+01, 2.50881088e+02,
    5.96332474e+01, 2.02681595e+02, 5.92491188e+01, 2.14656967e+02,
    5.87991600e+01, 2.26486557e+02, 5.82619209e+01, 2.38339020e+02,
    5.75973244e+01, 2.50020279e+02, 4.88406715e+01, 2.01754868e+02,
    4.76720924e+01, 2.13864120e+02, 4.72646828e+01, 2.25759216e+02,
    4.67359543e+01, 2.37615738e+02, 4.59893417e+01, 2.49487610e+02,
    3.67591095e+01, 2.01367508e+02, 3.62447128e+01, 2.13357559e+02,
    3.58112221e+01, 2.24997559e+02, 3.54593353e+01, 2.36876358e+02,
    3.48377266e+01, 2.48633530e+02, 2.55587406e+01, 2.00836472e+02,
    2.50361271e+01, 2.12567612e+02, 2.44744415e+01, 2.24512497e+02,
    2.42034664e+01, 2.36067596e+02, 2.37483807e+01, 2.47958710e+02,
    1.44356232e+01, 2.00021820e+02, 1.38991489e+01, 2.12101303e+02,
    1.36577730e+01, 2.23644226e+02, 1.32756977e+01, 2.35637848e+02,
    1.29214602e+01, 2.46983627e+02 ]
