%YAML:1.0
---
points: [ 1.23938805e+02, 2.00405350e+02, 1.20910301e+02, 2.12212280e+02,
    1.18092018e+02, 2.23445450e+02, 1.15694160e+02, 2.34291687e+02,
    1.13283112e+02, 2.44948730e+02, 1.09205681e+02, 2.05397568e+02,
    1.06459602e+02, 2.17426346e+02, 1.04081451e+02, 2.28826767e+02,
    1.01768150e+02, 2.40011047e+02, 9.98269653e+01, 2.50780319e+02,
    9.34547958e+01, 2.10569687e+02, 9.10704575e+01, 2.23052139e+02,
    8.90801544e+01, 2.34924973e+02, 8.70377731e+01, 2.46063507e+02,
    8.53670578e+01, 2.57002228e+02, 7.64747009e+01, 2.16201691e+02,
    7.48996429e+01, 2.29127869e+02, 7.31205826e+01, 2.41179764e+02,
    7.14665833e+01, 2.52390900e+02, 7.02385101e+01, 2.63450043e+02,
    5.84373665e+01, 2.22205811e+02, 5.74348907e+01, 2.35621063e+02,
    5.62887192e+01, 2.47799271e+02, 5.50204239e+01, 2.59305328e+02,
    5.40073853e+01, 2.70297607e+02, 3.95045853e+01, 2.29155319e+02,
    3.88651733e+01, 2.42450363e+02, 3.83387337e+01, 2.55047272e+02,
    3.76528587e+01, 2.66493195e+02, 3.72154617e+01, 2.77671387e+02,
    1.95415039e+01, 2.36224686e+02, 1.95987911e+01, 2.49825668e+02,
    1.97004261e+01, 2.62347839e+02, 1.96623936e+01, 2.74218903e+02,
    1.96383438e+01, 2.85103638e+02 ]
