%YAML:1.0
---
points: [ 4.63367767e+02, 1.86372879e+02, 4.61493073e+02, 1.98674805e+02,
    4.59584045e+02, 2.10804855e+02, 4.58047668e+02, 2.22337357e+02,
    4.56429504e+02, 2.33826523e+02, 4.50009338e+02, 1.89361679e+02,
    4.48230286e+02, 2.01652206e+02, 4.46546997e+02, 2.13602570e+02,
    4.45187744e+02, 2.25307159e+02, 4.43915375e+02, 2.36558685e+02,
    4.36011322e+02, 1.92310593e+02, 4.34757782e+02, 2.04645401e+02,
    4.33370026e+02, 2.16682648e+02, 4.32087219e+02, 2.28127457e+02,
    4.31166229e+02, 2.39419510e+02, 4.22125427e+02, 1.95153229e+02,
    4.21094818e+02, 2.07794266e+02, 4.20000885e+02, 2.19586823e+02,
    4.18895325e+02, 2.30995819e+02, 4.18118561e+02, 2.42244293e+02,
    4.07915863e+02, 1.98138733e+02, 4.07213287e+02, 2.10578064e+02,
    4.06455811e+02, 2.22600647e+02, 4.05652374e+02, 2.33829224e+02,
    4.04985870e+02, 2.44925949e+02, 3.93760895e+02, 2.01223801e+02,
    3.93328949e+02, 2.13699341e+02, 3.92891235e+02, 2.25497177e+02,
    3.92255707e+02, 2.36801895e+02, 3.91774445e+02, 2.47731766e+02,
    3.79571777e+02, 2.04385147e+02, 3.79290192e+02, 2.16662018e+02,
    3.79143036e+02, 2.28496765e+02, 3.78876984e+02, 2.39738388e+02,
    3.78589691e+02, 2.50507233e+02 ]
