%YAML:1.0
---
points: [ 1.50211707e+03, 1.58774063e+02, 1.49092358e+03, 2.76474548e+02,
    1.48064001e+03, 3.84667877e+02, 1.47380701e+03, 4.85333954e+02,
    1.46738037e+03, 5.79281128e+02, 1.40716821e+03, 1.74987656e+02,
    1.39885754e+03, 2.95646088e+02, 1.39193127e+03, 4.06156769e+02,
    1.38750903e+03, 5.08301727e+02, 1.38494336e+03, 6.03993103e+02,
    1.30471436e+03, 1.92454254e+02, 1.30131348e+03, 3.16241058e+02,
    1.29895740e+03, 4.28999603e+02, 1.29688696e+03, 5.32431763e+02,
    1.29734155e+03, 6.29445312e+02, 1.19616650e+03, 2.11392044e+02,
    1.19886267e+03, 3.38128296e+02, 1.20034680e+03, 4.52726990e+02,
    1.20213464e+03, 5.57856873e+02, 1.20587329e+03, 6.56354675e+02,
    1.08040955e+03, 2.31151901e+02, 1.08929895e+03, 3.60729065e+02,
    1.09603052e+03, 4.77904205e+02, 1.10207324e+03, 5.84739807e+02,
    1.10909521e+03, 6.84162903e+02, 9.58115662e+02, 2.51914703e+02,
    9.72873291e+02, 3.84946869e+02, 9.86071960e+02, 5.04949829e+02,
    9.96757202e+02, 6.13462463e+02, 1.00747980e+03, 7.14234924e+02,
    8.27243713e+02, 2.74228607e+02, 8.48920898e+02, 4.10425110e+02,
    8.68197998e+02, 5.33196899e+02, 8.85009277e+02, 6.44068665e+02,
    9.00247253e+02, 7.45702942e+02 ]
