%YAML:1.0
---
points: [ 4.47787079e+02, 2.01635681e+02, 4.48510071e+02, 2.10615372e+02,
    4.49182312e+02, 2.20086548e+02, 4.49951660e+02, 2.29396469e+02,
    4.50973022e+02, 2.39331284e+02, 4.36215668e+02, 1.99256256e+02,
    4.36715210e+02, 2.08520752e+02, 4.37192383e+02, 2.17686325e+02,
    4.37833740e+02, 2.27233032e+02, 4.38511841e+02, 2.36771957e+02,
    4.24663422e+02, 1.97248657e+02, 4.24858459e+02, 2.06162445e+02,
    4.25194611e+02, 2.15398315e+02, 4.25644348e+02, 2.24837967e+02,
    4.25950104e+02, 2.34467026e+02, 4.13051422e+02, 1.95146622e+02,
    4.13199951e+02, 2.03948517e+02, 4.13287445e+02, 2.13139969e+02,
    4.13478271e+02, 2.22504318e+02, 4.13694916e+02, 2.32095276e+02,
    4.01558594e+02, 1.93168503e+02, 4.01585693e+02, 2.01781815e+02,
    4.01403778e+02, 2.10846481e+02, 4.01226074e+02, 2.20221588e+02,
    4.01190613e+02, 2.29735825e+02, 3.90044189e+02, 1.91037582e+02,
    3.89740570e+02, 1.99624664e+02, 3.89550934e+02, 2.08434677e+02,
    3.89130676e+02, 2.17807068e+02, 3.88776917e+02, 2.27240707e+02,
    3.78833405e+02, 1.88863480e+02, 3.78406952e+02, 1.97386658e+02,
    3.77896851e+02, 2.06243805e+02, 3.77211304e+02, 2.15365417e+02,
    3.76667236e+02, 2.24987885e+02 ]
