%YAML:1.0
---
points: [ 1.15728088e+03, 4.61860107e+02, 1.14823401e+03, 4.84282623e+02,
    1.13911011e+03, 5.06847198e+02, 1.12955017e+03, 5.29394470e+02,
    1.11949707e+03, 5.52461914e+02, 1.13035510e+03, 4.59506775e+02,
    1.12137097e+03, 4.81509186e+02, 1.11200696e+03, 5.03506927e+02,
    1.10231189e+03, 5.25926575e+02, 1.09199194e+03, 5.48595520e+02,
    1.10449365e+03, 4.56791321e+02, 1.09517297e+03, 4.78539307e+02,
    1.08561877e+03, 5.00529022e+02, 1.07559863e+03, 5.22750122e+02,
    1.06537708e+03, 5.45155151e+02, 1.07916846e+03, 4.54502716e+02,
    1.06966028e+03, 4.75774658e+02, 1.06004834e+03, 4.97491638e+02,
    1.05006628e+03, 5.19358826e+02, 1.03948376e+03, 5.41453064e+02,
    1.05463647e+03, 4.52661011e+02, 1.04487427e+03, 4.73276917e+02,
    1.03512549e+03, 4.94523834e+02, 1.02470776e+03, 5.16391479e+02,
    1.01435791e+03, 5.38300171e+02, 1.03048145e+03, 4.50438049e+02,
    1.02074854e+03, 4.70641022e+02, 1.01043176e+03, 4.91448853e+02,
    1.00029767e+03, 5.12971313e+02, 9.89624512e+02, 5.34486511e+02,
    1.00721497e+03, 4.47806610e+02, 9.97200317e+02, 4.67643311e+02,
    9.86998169e+02, 4.88403046e+02, 9.76522034e+02, 5.09541290e+02,
    9.65850159e+02, 5.31243896e+02 ]
