%YAML:1.0
---
points: [ 8.43550171e+02, 8.70250427e+02, 8.42597717e+02, 9.11124512e+02,
    8.41426208e+02, 9.52236206e+02, 8.39262207e+02, 9.94150330e+02,
    8.37408752e+02, 1.03669580e+03, 8.11637329e+02, 8.66727539e+02,
    8.10613525e+02, 9.06932068e+02, 8.09238770e+02, 9.47378479e+02,
    8.07317444e+02, 9.88451111e+02, 8.04811462e+02, 1.03031543e+03,
    7.81023987e+02, 8.63554321e+02, 7.79848938e+02, 9.02759583e+02,
    7.78357117e+02, 9.42696350e+02, 7.76291443e+02, 9.82862854e+02,
    7.73582031e+02, 1.02410144e+03, 7.51332092e+02, 8.60381409e+02,
    7.49557922e+02, 8.99033936e+02, 7.48309998e+02, 9.38347900e+02,
    7.46358765e+02, 9.77734680e+02, 7.43477539e+02, 1.01819562e+03,
    7.22848877e+02, 8.57226929e+02, 7.20925415e+02, 8.95520996e+02,
    7.19009094e+02, 9.33902649e+02, 7.17114929e+02, 9.72609009e+02,
    7.14586426e+02, 1.01228223e+03, 6.94786133e+02, 8.54412720e+02,
    6.92554993e+02, 8.91797546e+02, 6.90209473e+02, 9.29658875e+02,
    6.88442932e+02, 9.67859619e+02, 6.86081543e+02, 1.00667792e+03,
    6.66901855e+02, 8.51450073e+02, 6.64892090e+02, 8.88458191e+02,
    6.62582397e+02, 9.25739075e+02, 6.60691956e+02, 9.63436096e+02,
    6.58915955e+02, 1.00146130e+03 ]
