%YAML:1.0
---
points: [ 9.32968506e+02, 4.05491669e+02, 9.36857300e+02, 4.36420471e+02,
    9.40534912e+02, 4.67000275e+02, 9.44151367e+02, 4.97453522e+02,
    9.47688232e+02, 5.27749207e+02, 9.02329163e+02, 4.08936737e+02,
    9.06499573e+02, 4.39788025e+02, 9.10458069e+02, 4.70472473e+02,
    9.13989929e+02, 5.00896973e+02, 9.17524902e+02, 5.30837891e+02,
    8.72077087e+02, 4.12581726e+02, 8.76280640e+02, 4.43456573e+02,
    8.80276001e+02, 4.73873779e+02, 8.84138855e+02, 5.03825409e+02,
    8.87588257e+02, 5.34143433e+02, 8.42102112e+02, 4.16116913e+02,
    8.46169434e+02, 4.46668152e+02, 8.50258789e+02, 4.77198120e+02,
    8.54226990e+02, 5.07349213e+02, 8.57926941e+02, 5.37368225e+02,
    8.11890320e+02, 4.19506927e+02, 8.16257812e+02, 4.50237732e+02,
    8.20401123e+02, 4.80516602e+02, 8.24398987e+02, 5.10505493e+02,
    8.28385071e+02, 5.40368530e+02, 7.81651672e+02, 4.23175964e+02,
    7.86228455e+02, 4.53658142e+02, 7.90491577e+02, 4.83719849e+02,
    7.94736694e+02, 5.13645142e+02, 7.98681702e+02, 5.43643677e+02,
    7.51732727e+02, 4.26459351e+02, 7.56262329e+02, 4.56845306e+02,
    7.60655151e+02, 4.87155762e+02, 7.65134766e+02, 5.17062927e+02,
    7.69464905e+02, 5.46522278e+02 ]
