%YAML:1.0
---
points: [ 4.43706390e+02, 3.09145782e+02, 4.44691345e+02, 3.20762848e+02,
    4.45664154e+02, 3.32636383e+02, 4.46578827e+02, 3.44382202e+02,
    4.47672180e+02, 3.56288055e+02, 4.32598267e+02, 3.10240601e+02,
    4.33607605e+02, 3.22025513e+02, 4.34378845e+02, 3.33827423e+02,
    4.35523621e+02, 3.45856384e+02, 4.36466614e+02, 3.57635101e+02,
    4.21049805e+02, 3.11405090e+02, 4.22150543e+02, 3.23174500e+02,
    4.23146820e+02, 3.35181641e+02, 4.24088806e+02, 3.47075867e+02,
    4.25391602e+02, 3.59142334e+02, 4.09639374e+02, 3.12381805e+02,
    4.10832001e+02, 3.24417236e+02, 4.11748108e+02, 3.36312927e+02,
    4.12857483e+02, 3.48416107e+02, 4.13788971e+02, 3.60350403e+02,
    3.97943268e+02, 3.13435028e+02, 3.99175934e+02, 3.25542603e+02,
    4.00227142e+02, 3.37587799e+02, 4.01243073e+02, 3.49597382e+02,
    4.02413147e+02, 3.61648956e+02, 3.86330414e+02, 3.14462769e+02,
    3.87564087e+02, 3.26623718e+02, 3.88692719e+02, 3.38756653e+02,
    3.89777252e+02, 3.50813782e+02, 3.90666321e+02, 3.62883423e+02,
    3.74692352e+02, 3.15644775e+02, 3.75847504e+02, 3.27671722e+02,
    3.76995514e+02, 3.39930450e+02, 3.77986176e+02, 3.51994354e+02,
    3.79146851e+02, 3.64033783e+02 ]
